Project Name,Street Name,Postal District,Property Type,No of Bedroom,Monthly Rent ($),Floor Area (SQM),Floor Area (SQFT),Lease Commencement Date
N.A.,CHANCERY HILL WALK,11,Terrace House,NA,"7,000",210 - 220,"2,300 - 2,400",Mar 2021
N.A.,UPPER CHANGI ROAD,16,Semi-Detached House,NA,"5,700",330 - 340,"3,600 - 3,700",Jan 2021
N.A.,QUEEN ASTRID PARK,10,Detached House,NA,"19,500","1,130 - 1,140","12,200 - 12,300",Mar 2021
N.A.,BARKER ROAD,11,Terrace House,NA,"6,900",180 - 190,"1,900 - 2,000",Mar 2021
N.A.,CORONATION ROAD,10,Detached House,NA,"32,000",840 - 850,"9,100 - 9,200",Mar 2021
N.A.,DUCHESS AVENUE,10,Semi-Detached House,NA,"10,500",210 - 220,"2,300 - 2,400",Mar 2021
N.A.,MACKENZIE ROAD,09,Terrace House,NA,"1,700",100 - 110,"1,100 - 1,200",Mar 2021
N.A.,CASHEW CRESCENT,23,Terrace House,NA,"5,100",390 - 400,"4,200 - 4,300",Mar 2021
N.A.,BEDOK AVENUE,16,Detached House,NA,"6,800",880 - 890,"9,500 - 9,600",Mar 2021
N.A.,KUO CHUAN AVENUE,15,Semi-Detached House,NA,"3,782",120 - 130,"1,200 - 1,300",Mar 2021
N.A.,NIVEN ROAD,09,Terrace House,NA,"8,000",130 - 140,"1,400 - 1,500",Mar 2021
N.A.,KILLINEY ROAD,09,Terrace House,NA,"6,200",170 - 180,"1,800 - 1,900",Mar 2021
N.A.,TANGLIN HILL,10,Detached House,NA,"70,000","3,210 - 3,220","34,500 - 34,600",Mar 2021
N.A.,SERANGOON ROAD,12,Terrace House,NA,"3,600",70 - 80,700 - 800,Mar 2021
N.A.,SIME PARK HILL,11,Detached House,NA,"29,000","1,780 - 1,790","19,200 - 19,300",Mar 2021
N.A.,WOO MON CHEW ROAD,15,Semi-Detached House,NA,"9,000",740 - 750,"7,900 - 8,000",Mar 2021
N.A.,JOO CHIAT PLACE,15,Terrace House,NA,"3,600",150 - 160,"1,600 - 1,700",Mar 2021
N.A.,NIVEN ROAD,09,Terrace House,NA,"2,000",130 - 140,"1,400 - 1,500",Mar 2021
N.A.,TAN SIM BOH ROAD,11,Semi-Detached House,NA,"8,300",300 - 310,"3,200 - 3,300",Mar 2021
N.A.,CHAPEL ROAD,15,Terrace House,NA,"4,500",120 - 130,"1,300 - 1,400",Mar 2021
N.A.,BEGONIA DRIVE,28,Semi-Detached House,NA,"3,100",340 - 350,"3,700 - 3,800",Mar 2021
N.A.,WHITLEY ROAD,11,Semi-Detached House,NA,"5,300",290 - 300,"3,200 - 3,300",Mar 2021
N.A.,JALAN CHENGKEK,13,Terrace House,NA,"3,800",240 - 250,"2,600 - 2,700",Mar 2021
N.A.,LORONG MARZUKI,14,Semi-Detached House,NA,"5,000",210 - 220,"2,300 - 2,400",Feb 2021
N.A.,PASIR PANJANG ROAD,05,Detached House,NA,"6,500",880 - 890,"9,500 - 9,600",Mar 2021
N.A.,JUBILEE ROAD,05,Terrace House,NA,"4,300",370 - 380,"4,000 - 4,100",Mar 2021
N.A.,JALAN SENYUM,14,Semi-Detached House,NA,"8,900",340 - 350,"3,700 - 3,800",Mar 2021
N.A.,HUA GUAN AVENUE,21,Detached House,NA,"10,000",440 - 450,"4,800 - 4,900",Mar 2021
N.A.,LEEDON PARK,10,Detached House,NA,"21,000",340 - 350,"3,600 - 3,700",Mar 2021
N.A.,LORONG 101 CHANGI,15,Terrace House,NA,"4,800",70 - 80,800 - 900,Mar 2021
N.A.,MOUNTBATTEN ROAD,15,Semi-Detached House,NA,"4,600",260 - 270,"2,800 - 2,900",Mar 2021
N.A.,GREENLEAF LANE,10,Semi-Detached House,NA,"7,800",550 - 560,"5,900 - 6,000",Mar 2021
N.A.,JALAN LATEH,13,Semi-Detached House,NA,"4,200",300 - 310,"3,300 - 3,400",Mar 2021
N.A.,TYRWHITT ROAD,08,Non-landed Properties,NA,"14,000",500 - 510,"5,400 - 5,500",Mar 2021
N.A.,JALAN RIANG,13,Non-landed Properties,NA,"3,000",100 - 110,"1,100 - 1,200",Mar 2021
N.A.,KINTA ROAD,08,Non-landed Properties,2,"15,000",120 - 130,"1,300 - 1,400",Mar 2021
N.A.,KINTA ROAD,08,Non-landed Properties,2,"15,000",200 - 210,"2,100 - 2,200",Mar 2021
N.A.,EAST COAST ROAD,15,Non-landed Properties,NA,"10,000",480 - 490,"5,200 - 5,300",Mar 2021
N.A.,STEVENS ROAD,10,Non-landed Properties,4,"10,000",440 - 450,"4,800 - 4,900",Mar 2021
N.A.,FLOWER ROAD,19,Non-landed Properties,NA,"2,400",110 - 120,"1,200 - 1,300",Mar 2021
N.A.,OUTRAM ROAD,03,Non-landed Properties,NA,"7,600",70 - 80,800 - 900,Mar 2021
N.A.,LORONG 15 GEYLANG,14,Non-landed Properties,NA,"2,300",100 - 110,"1,100 - 1,200",Mar 2021
N.A.,GEYLANG ROAD,14,Non-landed Properties,NA,"2,500",90 - 100,"1,000 - 1,100",Mar 2021
N.A.,GEYLANG ROAD,14,Non-landed Properties,NA,"2,500",140 - 150,"1,500 - 1,600",Mar 2021
N.A.,LINCOLN ROAD,11,Non-landed Properties,2,"2,700",80 - 90,800 - 900,Mar 2021
N.A.,FLOWER ROAD,19,Non-landed Properties,NA,"2,400",110 - 120,"1,200 - 1,300",Mar 2021
N.A.,HOLLAND ROAD,10,Non-landed Properties,2,"2,500",90 - 100,"900 - 1,000",Mar 2021
N.A.,SERANGOON ROAD,08,Non-landed Properties,NA,"2,800",60 - 70,700 - 800,Mar 2021
N.A.,PENHAS ROAD,08,Non-landed Properties,NA,"2,700",100 - 110,"1,100 - 1,200",Mar 2021
N.A.,GUILLEMARD ROAD,14,Non-landed Properties,NA,"2,500",70 - 80,700 - 800,Mar 2021
N.A.,LIANG SEAH STREET,07,Non-landed Properties,NA,"2,000",150 - 160,"1,600 - 1,700",Mar 2021
N.A.,ZION ROAD,10,Non-landed Properties,NA,"8,000",90 - 100,"1,000 - 1,100",Mar 2021
N.A.,SERANGOON ROAD,08,Non-landed Properties,3,"3,700",140 - 150,"1,500 - 1,600",Mar 2021
N.A.,ORANGE GROVE ROAD,10,Non-landed Properties,4,"14,500",500 - 510,"5,400 - 5,500",Mar 2021
N.A.,JOO CHIAT ROAD,15,Non-landed Properties,NA,"3,200",100 - 110,"1,000 - 1,100",Mar 2021
N.A.,CARLISLE ROAD,08,Non-landed Properties,NA,"1,800",80 - 90,"900 - 1,000",Mar 2021
N.A.,SEAH STREET,07,Non-landed Properties,NA,"4,500",90 - 100,"1,000 - 1,100",Mar 2021
N.A.,LORONG 22 GEYLANG,14,Non-landed Properties,NA,"2,900",120 - 130,"1,300 - 1,400",Mar 2021
N.A.,LOWLAND ROAD,19,Non-landed Properties,NA,"1,630",60 - 70,600 - 700,Mar 2021
N.A.,ROSE LANE,15,Non-landed Properties,NA,"2,250",130 - 140,"1,400 - 1,500",Mar 2021
N.A.,ROSE LANE,15,Non-landed Properties,NA,"2,200",140 - 150,"1,500 - 1,600",Mar 2021
N.A.,ROSE LANE,15,Non-landed Properties,NA,"2,250",130 - 140,"1,400 - 1,500",Mar 2021
N.A.,ROSE LANE,15,Non-landed Properties,NA,"2,200",140 - 150,"1,500 - 1,600",Mar 2021
N.A.,ROSE LANE,15,Non-landed Properties,NA,"2,300",130 - 140,"1,400 - 1,500",Mar 2021
N.A.,ROBERTS LANE,08,Non-landed Properties,NA,"2,500",70 - 80,700 - 800,Mar 2021
N.A.,STILL ROAD,15,Non-landed Properties,NA,"2,200",90 - 100,"1,000 - 1,100",Mar 2021
N.A.,TANJONG KATONG ROAD,15,Non-landed Properties,NA,"3,600",90 - 100,"1,000 - 1,100",Mar 2021
N.A.,JOO CHIAT ROAD,15,Non-landed Properties,NA,"2,300",80 - 90,"900 - 1,000",Mar 2021
N.A.,EDEN GROVE,19,Non-landed Properties,3,"2,150",90 - 100,"900 - 1,000",Mar 2021
N.A.,MACKENZIE ROAD,09,Non-landed Properties,NA,"1,685",50 - 60,500 - 600,Mar 2021
N.A.,SING JOO WALK,08,Non-landed Properties,NA,"2,200",120 - 130,"1,300 - 1,400",Mar 2021
N.A.,LORONG 25A GEYLANG,14,Non-landed Properties,NA,"2,400",90 - 100,"900 - 1,000",Mar 2021
N.A.,HOLLAND RISE,10,Non-landed Properties,NA,"6,000",130 - 140,"1,400 - 1,500",Mar 2021
N.A.,LAVENDER STREET,12,Non-landed Properties,NA,"1,245",90 - 100,"900 - 1,000",Mar 2021
N.A.,ORANGE GROVE ROAD,10,Non-landed Properties,4,"17,500",500 - 510,"5,400 - 5,500",Mar 2021
N.A.,JOO AVENUE,08,Non-landed Properties,NA,"2,050",130 - 140,"1,500 - 1,600",Mar 2021
N.A.,EVERTON ROAD,02,Non-landed Properties,NA,"6,500",70 - 80,700 - 800,Mar 2021
N.A.,HAIG ROAD,15,Non-landed Properties,NA,"1,940",100 - 110,"1,100 - 1,200",Mar 2021
N.A.,KIM YAM ROAD,09,Non-landed Properties,1,"2,200",50 - 60,600 - 700,Mar 2021
N.A.,CLAYMORE ROAD,09,Non-landed Properties,2,"3,100",70 - 80,800 - 900,Mar 2021
N.A.,MACPHERSON ROAD,13,Non-landed Properties,NA,"2,350",60 - 70,700 - 800,Mar 2021
N.A.,JALAN KAYU,28,Non-landed Properties,NA,"3,450",70 - 80,800 - 900,Mar 2021
N.A.,CHANGI ROAD,14,Non-landed Properties,NA,"2,900",80 - 90,800 - 900,Mar 2021
N.A.,ST. THOMAS WALK,09,Non-landed Properties,NA,"4,500",240 - 250,"2,600 - 2,700",Mar 2021
N.A.,TANJONG KATONG ROAD,15,Non-landed Properties,NA,"2,800",170 - 180,"1,800 - 1,900",Mar 2021
N.A.,LORONG 19 GEYLANG,14,Non-landed Properties,NA,"1,200",40 - 50,400 - 500,Mar 2021
N.A.,DRAYCOTT DRIVE,10,Non-landed Properties,2,"4,000",100 - 110,"1,100 - 1,200",Mar 2021
N.A.,DRAYCOTT DRIVE,10,Non-landed Properties,3,"5,000",130 - 140,"1,400 - 1,500",Mar 2021
N.A.,EDEN GROVE,19,Non-landed Properties,3,"2,800",100 - 110,"1,100 - 1,200",Mar 2021
N.A.,TRURO ROAD,08,Non-landed Properties,NA,"2,200",90 - 100,"1,000 - 1,100",Mar 2021
N.A.,JOO CHIAT ROAD,15,Non-landed Properties,NA,"2,900",100 - 110,"1,000 - 1,100",Mar 2021
N.A.,KIM KEAT CLOSE,12,Non-landed Properties,3,"2,250",100 - 110,"1,100 - 1,200",Mar 2021
N.A.,MACKENZIE ROAD,09,Non-landed Properties,NA,"2,035",70 - 80,800 - 900,Mar 2021
N.A.,TANJONG KATONG ROAD,15,Non-landed Properties,NA,"1,250",100 - 110,"1,100 - 1,200",Mar 2021
N.A.,LORONG 41 GEYLANG,14,Non-landed Properties,4,"4,950",120 - 130,"1,300 - 1,400",Mar 2021
N.A.,SERANGOON ROAD,12,Non-landed Properties,NA,"5,500",130 - 140,"1,500 - 1,600",Mar 2021
N.A.,OUTRAM ROAD,03,Non-landed Properties,NA,"3,100",70 - 80,800 - 900,Mar 2021
N.A.,GEYLANG ROAD,14,Non-landed Properties,NA,"3,000",120 - 130,"1,300 - 1,400",Mar 2021
N.A.,CHOA CHU KANG AVENUE 1,23,Non-landed Properties,NA,"2,950",80 - 90,800 - 900,Mar 2021
N.A.,RANGOON ROAD,08,Non-landed Properties,NA,"3,200",130 - 140,"1,400 - 1,500",Mar 2021
N.A.,CHEONG CHIN NAM ROAD,21,Non-landed Properties,NA,"3,000",60 - 70,700 - 800,Mar 2021
N.A.,CHOA CHU KANG AVENUE 1,23,Non-landed Properties,NA,"2,200",90 - 100,"1,000 - 1,100",Mar 2021
N.A.,CHOA CHU KANG AVENUE 1,23,Non-landed Properties,NA,"2,200",90 - 100,"1,000 - 1,100",Mar 2021
N.A.,JALAN SUKA,14,Non-landed Properties,NA,"2,400",90 - 100,"1,000 - 1,100",Mar 2021
N.A.,LORONG 27 GEYLANG,14,Non-landed Properties,NA,"2,500",110 - 120,"1,200 - 1,300",Mar 2021
N.A.,LORONG 27 GEYLANG,14,Non-landed Properties,NA,"2,500",110 - 120,"1,200 - 1,300",Mar 2021
N.A.,RAMBUTAN ROAD,15,Non-landed Properties,NA,"2,900",80 - 90,"900 - 1,000",Mar 2021
N.A.,KIM KEAT CLOSE,12,Non-landed Properties,3,"2,550",90 - 100,"1,000 - 1,100",Mar 2021
N.A.,RIVER VALLEY ROAD,09,Non-landed Properties,NA,"2,800",70 - 80,800 - 900,Mar 2021
N.A.,TANJONG KATONG ROAD,15,Non-landed Properties,NA,"2,480",80 - 90,"900 - 1,000",Mar 2021
N.A.,SEMBAWANG ROAD,26,Non-landed Properties,NA,"3,400",90 - 100,"1,000 - 1,100",Mar 2021
N.A.,LORONG 12 GEYLANG,14,Non-landed Properties,3,"3,500",90 - 100,"1,000 - 1,100",Mar 2021
N.A.,BALESTIER ROAD,12,Non-landed Properties,NA,"2,500",80 - 90,"900 - 1,000",Mar 2021
N.A.,CHANGI ROAD,14,Non-landed Properties,NA,"2,400",80 - 90,"900 - 1,000",Mar 2021
N.A.,CHANGI ROAD,14,Non-landed Properties,NA,"3,800",190 - 200,"2,100 - 2,200",Mar 2021
N.A.,CLAYMORE ROAD,09,Non-landed Properties,2,"3,200",70 - 80,700 - 800,Mar 2021
N.A.,SIMS AVENUE,14,Non-landed Properties,NA,"2,800",120 - 130,"1,300 - 1,400",Mar 2021
N.A.,GEYLANG ROAD,14,Non-landed Properties,NA,"2,400",60 - 70,600 - 700,Mar 2021
N.A.,MOHAMED SULTAN ROAD,09,Non-landed Properties,NA,"2,300",40 - 50,500 - 600,Mar 2021
N.A.,LORONG 32 GEYLANG,14,Non-landed Properties,NA,"3,000",100 - 110,"1,100 - 1,200",Mar 2021
N.A.,BOUNDARY ROAD,19,Non-landed Properties,NA,"2,800",70 - 80,800 - 900,Mar 2021
N.A.,SEAH STREET,07,Non-landed Properties,NA,"6,200",180 - 190,"1,900 - 2,000",Mar 2021
N.A.,TANGLIN ROAD,10,Non-landed Properties,NA,"3,300",80 - 90,800 - 900,Mar 2021
N.A.,TANJONG KATONG ROAD,15,Non-landed Properties,NA,"2,500",100 - 110,"1,100 - 1,200",Mar 2021
N.A.,TANGLIN ROAD,10,Non-landed Properties,NA,"2,100",40 - 50,500 - 600,Mar 2021
N.A.,CHOA CHU KANG AVENUE 1,23,Non-landed Properties,NA,"2,200",80 - 90,800 - 900,Mar 2021
N.A.,JALAN SUKA,14,Non-landed Properties,NA,"2,800",100 - 110,"1,000 - 1,100",Mar 2021
N.A.,LORONG 17 GEYLANG,14,Non-landed Properties,NA,"1,850",130 - 140,"1,400 - 1,500",Mar 2021
N.A.,JALAN KAYU,28,Non-landed Properties,NA,"2,500",70 - 80,800 - 900,Mar 2021
N.A.,TANJONG KATONG ROAD,15,Non-landed Properties,NA,"2,000",80 - 90,"900 - 1,000",Mar 2021
N.A.,BALMORAL PARK,10,Non-landed Properties,NA,"4,000",160 - 170,"1,700 - 1,800",Mar 2021
N.A.,LORONG 25A GEYLANG,14,Non-landed Properties,NA,"2,900",90 - 100,"900 - 1,000",Mar 2021
N.A.,STANGEE PLACE,15,Non-landed Properties,NA,"3,000",110 - 120,"1,200 - 1,300",Mar 2021
N.A.,LORONG 34 GEYLANG,14,Non-landed Properties,NA,"2,500",140 - 150,"1,500 - 1,600",Mar 2021
N.A.,JALAN MASJID,14,Non-landed Properties,NA,"2,500",110 - 120,"1,200 - 1,300",Mar 2021
N.A.,LORONG 8 GEYLANG,14,Non-landed Properties,NA,"2,900",120 - 130,"1,300 - 1,400",Mar 2021
N.A.,RIVER VALLEY ROAD,10,Non-landed Properties,NA,"3,020",90 - 100,"900 - 1,000",Mar 2021
N.A.,STILL ROAD,15,Non-landed Properties,NA,"2,450",100 - 110,"1,100 - 1,200",Mar 2021
N.A.,FLANDERS SQUARE,08,Non-landed Properties,NA,"2,400",90 - 100,"1,000 - 1,100",Jan 2021
N.A.,UPPER SERANGOON ROAD,19,Non-landed Properties,NA,"2,000",100 - 110,"1,100 - 1,200",Mar 2021
N.A.,MOUNT ELIZABETH,09,Non-landed Properties,NA,"3,000",40 - 50,400 - 500,Mar 2021
N.A.,WOODLEIGH PARK,13,Non-landed Properties,NA,"1,885",80 - 90,"900 - 1,000",Feb 2021
N.A.,MIDDLE ROAD,07,Non-landed Properties,NA,"3,788",70 - 80,700 - 800,Mar 2021
N.A.,LORONG 41 GEYLANG,14,Non-landed Properties,3,"4,300",90 - 100,"1,000 - 1,100",Feb 2021
N.A.,JOO CHIAT ROAD,15,Non-landed Properties,NA,"3,200",100 - 110,"1,000 - 1,100",Feb 2021
N.A.,GUILLEMARD ROAD,14,Non-landed Properties,NA,"1,550",80 - 90,"900 - 1,000",Mar 2021
N.A.,GUILLEMARD ROAD,14,Non-landed Properties,NA,"1,550",70 - 80,800 - 900,Mar 2021
N.A.,GUILLEMARD ROAD,14,Non-landed Properties,NA,"1,550",80 - 90,"900 - 1,000",Mar 2021
N.A.,GUILLEMARD ROAD,14,Non-landed Properties,NA,"1,550",70 - 80,800 - 900,Mar 2021
N.A.,MOHAMED SULTAN ROAD,09,Non-landed Properties,NA,"3,400",70 - 80,800 - 900,Mar 2021
N.A.,CRANE ROAD,15,Non-landed Properties,NA,"2,700",80 - 90,"900 - 1,000",Mar 2021
N.A.,JOO AVENUE,08,Non-landed Properties,NA,"2,100",110 - 120,"1,200 - 1,300",Mar 2021
N.A.,UPPER PAYA LEBAR ROAD,19,Non-landed Properties,NA,"3,030",100 - 110,"1,000 - 1,100",Mar 2021
N.A.,PEGU ROAD,12,Non-landed Properties,NA,"2,800",60 - 70,700 - 800,Mar 2021
N.A.,OPAL CRESCENT,12,Non-landed Properties,NA,"2,200",100 - 110,"1,100 - 1,200",Mar 2021
N.A.,CAIRNHILL ROAD,09,Non-landed Properties,NA,"4,800",150 - 160,"1,700 - 1,800",Mar 2021
N.A.,LORONG 32 GEYLANG,14,Non-landed Properties,NA,"3,800",80 - 90,800 - 900,Mar 2021
N.A.,DUBLIN ROAD,09,Non-landed Properties,3,"3,000",140 - 150,"1,500 - 1,600",Mar 2021
N.A.,UPPER SERANGOON ROAD,19,Non-landed Properties,NA,"2,500",80 - 90,"900 - 1,000",Mar 2021
N.A.,LORONG 41 GEYLANG,14,Non-landed Properties,3,"6,760",230 - 240,"2,400 - 2,500",Mar 2021
N.A.,BALMORAL PARK,10,Non-landed Properties,NA,"4,600",160 - 170,"1,700 - 1,800",Mar 2021
N.A.,LORONG 104 CHANGI,15,Non-landed Properties,NA,"2,700",90 - 100,"1,000 - 1,100",Mar 2021
N.A.,MOHAMED SULTAN ROAD,09,Non-landed Properties,NA,"3,342",50 - 60,600 - 700,Mar 2021
N.A.,CHANGI ROAD,14,Non-landed Properties,NA,"3,000",110 - 120,"1,200 - 1,300",Mar 2021
N.A.,LORONG 8 GEYLANG,14,Non-landed Properties,NA,"2,000",100 - 110,"1,100 - 1,200",Mar 2021
N.A.,SERANGOON ROAD,08,Non-landed Properties,NA,"2,800",100 - 110,"1,100 - 1,200",Mar 2021
N.A.,TYRWHITT ROAD,08,Non-landed Properties,NA,"3,700",80 - 90,800 - 900,Mar 2021
N.A.,KIM KEAT ROAD,12,Non-landed Properties,3,"2,200",80 - 90,"900 - 1,000",Mar 2021
N.A.,SIMS AVENUE,14,Non-landed Properties,NA,"2,550",80 - 90,"900 - 1,000",Mar 2021
N.A.,JOO CHIAT PLACE,15,Non-landed Properties,NA,"2,500",130 - 140,"1,400 - 1,500",Mar 2021
N.A.,MOHAMED SULTAN ROAD,09,Non-landed Properties,NA,"4,044",70 - 80,700 - 800,Mar 2021
N.A.,EMERALD HILL ROAD,09,Non-landed Properties,NA,"4,800",110 - 120,"1,200 - 1,300",Mar 2021
N.A.,TAMPINES AVENUE,18,Non-landed Properties,NA,"3,000",160 - 170,"1,700 - 1,800",Mar 2021
N.A.,GILSTEAD ROAD,11,Non-landed Properties,2,"1,100",90 - 100,"1,000 - 1,100",Mar 2021
N.A.,HOE CHIANG ROAD,02,Non-landed Properties,NA,"4,200",80 - 90,"900 - 1,000",Mar 2021
N.A.,STARLIGHT ROAD,08,Non-landed Properties,NA,"2,800",120 - 130,"1,300 - 1,400",Mar 2021
N.A.,CAVAN ROAD,08,Non-landed Properties,NA,"2,800",110 - 120,"1,200 - 1,300",Mar 2021
N.A.,EAST COAST ROAD,15,Non-landed Properties,NA,"1,300",90 - 100,"1,000 - 1,100",Mar 2021
N.A.,SHREWSBURY ROAD,11,Non-landed Properties,NA,"2,500",80 - 90,800 - 900,Mar 2021
N.A.,LIM TUA TOW ROAD,19,Non-landed Properties,NA,"1,500",70 - 80,800 - 900,Mar 2021
N.A.,ROBIN DRIVE,10,Non-landed Properties,NA,"3,800",160 - 170,"1,700 - 1,800",Mar 2021
N.A.,KIM KEAT CLOSE,12,Non-landed Properties,3,"2,400",90 - 100,"1,000 - 1,100",Mar 2021
N.A.,CLAYMORE ROAD,09,Non-landed Properties,2,"3,000",70 - 80,800 - 900,Mar 2021
N.A.,WHAMPOA DRIVE,12,Non-landed Properties,NA,"2,900",90 - 100,"1,000 - 1,100",Mar 2021
N.A.,LORONG 19 GEYLANG,14,Non-landed Properties,NA,"1,600",80 - 90,800 - 900,Mar 2021
N.A.,LORONG 19 GEYLANG,14,Non-landed Properties,NA,"1,200",50 - 60,500 - 600,Jan 2021
N.A.,LORONG 19 GEYLANG,14,Non-landed Properties,NA,"1,350",40 - 50,400 - 500,Feb 2021
N.A.,LORONG 19 GEYLANG,14,Non-landed Properties,NA,"1,200",40 - 50,400 - 500,Mar 2021
N.A.,TANJONG KATONG ROAD,15,Non-landed Properties,NA,"2,300",120 - 130,"1,300 - 1,400",Mar 2021
N.A.,GILSTEAD ROAD,11,Non-landed Properties,2,"1,100",90 - 100,"1,000 - 1,100",Mar 2021
N.A.,SHREWSBURY ROAD,11,Non-landed Properties,NA,"2,500",80 - 90,800 - 900,Mar 2021
N.A.,GILSTEAD ROAD,11,Non-landed Properties,2,"1,100",90 - 100,"1,000 - 1,100",Mar 2021
N.A.,SERANGOON ROAD,08,Non-landed Properties,NA,"8,000",640 - 650,"6,900 - 7,000",Mar 2021
N.A.,GEYLANG ROAD,14,Non-landed Properties,NA,"2,400",100 - 110,"1,000 - 1,100",Feb 2021
N.A.,THOMSON ROAD,11,Non-landed Properties,NA,"3,250",80 - 90,800 - 900,Mar 2021
N.A.,MACKENZIE ROAD,09,Non-landed Properties,NA,"1,935",70 - 80,800 - 900,Mar 2021
N.A.,UPPER PAYA LEBAR ROAD,19,Non-landed Properties,NA,"2,500",70 - 80,800 - 900,Mar 2021
N.A.,TANGLIN ROAD,10,Non-landed Properties,NA,"3,600",80 - 90,"900 - 1,000",Mar 2021
N.A.,RACE COURSE ROAD,08,Non-landed Properties,NA,"1,800",30 - 40,300 - 400,Mar 2021
N.A.,LORONG 23 GEYLANG,14,Non-landed Properties,NA,"2,700",80 - 90,"900 - 1,000",Feb 2021
N.A.,LORONG 6 GEYLANG,14,Non-landed Properties,NA,"2,000",80 - 90,"900 - 1,000",Jan 2021
N.A.,LORONG 24A GEYLANG,14,Non-landed Properties,NA,"2,100",80 - 90,800 - 900,Mar 2021
N.A.,HOLLAND ROAD,10,Non-landed Properties,2,"3,000",80 - 90,800 - 900,Feb 2021
N.A.,LORONG 41 GEYLANG,14,Non-landed Properties,1,"2,700",60 - 70,600 - 700,Mar 2021
N.A.,LORONG 41 GEYLANG,14,Non-landed Properties,3,"6,300",220 - 230,"2,400 - 2,500",Mar 2021
N.A.,STANGEE PLACE,15,Non-landed Properties,NA,"3,300",90 - 100,"1,000 - 1,100",Mar 2021
N.A.,PEGU ROAD,12,Non-landed Properties,NA,"1,600",20 - 30,200 - 300,Mar 2021
N.A.,CHANGI ROAD,14,Non-landed Properties,NA,"2,500",100 - 110,"1,000 - 1,100",Mar 2021
N.A.,JASMINE ROAD,20,Non-landed Properties,NA,"2,400",90 - 100,"900 - 1,000",Mar 2021
N.A.,LORONG 3 GEYLANG,14,Non-landed Properties,NA,"2,300",110 - 120,"1,200 - 1,300",Mar 2021
N.A.,UPPER SERANGOON ROAD,19,Non-landed Properties,NA,"2,000",100 - 110,"1,100 - 1,200",Mar 2021
N.A.,UPPER SERANGOON ROAD,19,Non-landed Properties,NA,"2,000",90 - 100,"1,000 - 1,100",Mar 2021
N.A.,UPPER SERANGOON ROAD,19,Non-landed Properties,NA,"2,000",90 - 100,"1,000 - 1,100",Mar 2021
N.A.,FLANDERS SQUARE,08,Non-landed Properties,NA,"1,200",90 - 100,"1,000 - 1,100",Mar 2021
N.A.,CHAPEL CLOSE,15,Non-landed Properties,NA,"3,100",120 - 130,"1,300 - 1,400",Mar 2021
N.A.,LORONG 41 GEYLANG,14,Non-landed Properties,3,"4,050",90 - 100,"1,000 - 1,100",Mar 2021
N.A.,CHANGI ROAD,14,Non-landed Properties,NA,"2,800",100 - 110,"1,100 - 1,200",Mar 2021
N.A.,GUILLEMARD ROAD,14,Non-landed Properties,NA,"1,550",120 - 130,"1,300 - 1,400",Mar 2021
N.A.,GUILLEMARD ROAD,14,Non-landed Properties,NA,"1,550",100 - 110,"1,100 - 1,200",Mar 2021
N.A.,WILKIE ROAD,09,Non-landed Properties,3,"4,000",160 - 170,"1,700 - 1,800",Mar 2021
N.A.,GUILLEMARD ROAD,14,Non-landed Properties,NA,"1,550",80 - 90,"900 - 1,000",Mar 2021
N.A.,GUILLEMARD ROAD,14,Non-landed Properties,NA,"1,550",70 - 80,800 - 900,Mar 2021
N.A.,LORONG 34 GEYLANG,14,Non-landed Properties,NA,"3,000",180 - 190,"2,000 - 2,100",Mar 2021
N.A.,LORONG 15 GEYLANG,14,Non-landed Properties,NA,"2,450",130 - 140,"1,300 - 1,400",Mar 2021
N.A.,SOMMERVILLE ROAD,13,Terrace House,NA,"7,000",300 - 310,"3,200 - 3,300",Apr 2021
N.A.,WOLSKEL ROAD,13,Detached House,NA,"12,000",910 - 920,"9,800 - 9,900",Apr 2021
N.A.,EAST COAST ROAD,15,Terrace House,NA,"4,000",110 - 120,"1,200 - 1,300",Apr 2021
N.A.,DUNBAR WALK,15,Detached House,NA,"7,700",500 - 510,"5,400 - 5,500",Apr 2021
N.A.,PALM DRIVE,15,Terrace House,NA,"4,600",150 - 160,"1,600 - 1,700",Apr 2021
N.A.,ONE TREE HILL,10,Semi-Detached House,NA,"6,800",270 - 280,"2,900 - 3,000",Apr 2021
N.A.,OCEAN DRIVE,04,Detached House,NA,"16,000",640 - 650,"6,900 - 7,000",Apr 2021
N.A.,PAYA LEBAR CRESCENT,19,Terrace House,NA,"3,800",190 - 200,"2,100 - 2,200",Apr 2021
N.A.,BUKIT CHERMIN ROAD,04,Detached House,NA,"6,550",220 - 230,"2,400 - 2,500",Apr 2021
N.A.,JALAN HARUM,10,Detached House,NA,"7,000",160 - 170,"1,800 - 1,900",Apr 2021
N.A.,BUKIT CHERMIN ROAD,04,Detached House,NA,"6,550",220 - 230,"2,400 - 2,500",Apr 2021
N.A.,CHANCERY LANE,11,Detached House,NA,"15,000",490 - 500,"5,300 - 5,400",Apr 2021
N.A.,CHEOW KENG ROAD,15,Terrace House,NA,"5,500",260 - 270,"2,800 - 2,900",Apr 2021
N.A.,TAVISTOCK AVENUE,19,Semi-Detached House,NA,"5,500",290 - 300,"3,100 - 3,200",Apr 2021
N.A.,JALAN TANI,19,Semi-Detached House,NA,"3,500",220 - 230,"2,400 - 2,500",Apr 2021
N.A.,YUNNAN ROAD,22,Terrace House,NA,"4,500",230 - 240,"2,500 - 2,600",Apr 2021
N.A.,SENNETT ROAD,16,Semi-Detached House,NA,"4,000",260 - 270,"2,800 - 2,900",Apr 2021
N.A.,LORONG SIGLAP,15,Semi-Detached House,NA,"5,200",180 - 190,"1,900 - 2,000",Apr 2021
N.A.,JALAN NAGA SARI,11,Semi-Detached House,NA,"6,000",320 - 330,"3,400 - 3,500",Apr 2021
N.A.,LILY AVENUE,10,Semi-Detached House,NA,"9,000",310 - 320,"3,300 - 3,400",Apr 2021
N.A.,DALVEY ESTATE,10,Detached House,NA,"14,000","1,190 - 1,200","12,900 - 13,000",Apr 2021
N.A.,ONE TREE HILL,10,Detached House,NA,"11,000",410 - 420,"4,400 - 4,500",Apr 2021
N.A.,BINJAI PARK,21,Detached House,NA,"32,000","1,400 - 1,410","15,100 - 15,200",Apr 2021
N.A.,ADAM ROAD,11,Terrace House,NA,"4,600",240 - 250,"2,600 - 2,700",Apr 2021
N.A.,LORONG G TELOK KURAU,15,Semi-Detached House,NA,"4,300",340 - 350,"3,700 - 3,800",Apr 2021
N.A.,JALAN LIM TAI SEE,10,Detached House,NA,"11,000",840 - 850,"9,000 - 9,100",Apr 2021
N.A.,HAIG LANE,15,Detached House,NA,"9,101",380 - 390,"4,100 - 4,200",Apr 2021
N.A.,NIVEN ROAD,09,Terrace House,NA,"6,300",210 - 220,"2,200 - 2,300",Apr 2021
N.A.,LANGSAT ROAD,15,Semi-Detached House,NA,"5,200",250 - 260,"2,600 - 2,700",Apr 2021
N.A.,HOW SUN AVENUE,19,Terrace House,NA,"2,600",110 - 120,"1,200 - 1,300",Apr 2021
N.A.,PAYA LEBAR CRESCENT,19,Detached House,NA,"5,600",250 - 260,"2,700 - 2,800",Apr 2021
N.A.,JOO CHIAT PLACE,15,Terrace House,NA,"9,000",160 - 170,"1,700 - 1,800",Apr 2021
N.A.,LUCKY CRESCENT,16,Semi-Detached House,NA,"3,500",300 - 310,"3,200 - 3,300",Apr 2021
N.A.,TEMBELING ROAD,15,Terrace House,NA,"3,900",130 - 140,"1,400 - 1,500",Apr 2021
N.A.,ROSYTH ROAD,19,Terrace House,NA,"5,000",170 - 180,"1,800 - 1,900",Apr 2021
N.A.,BEDOK ROAD,16,Terrace House,NA,"5,200",220 - 230,"2,400 - 2,500",Apr 2021
N.A.,SIRAT ROAD,19,Terrace House,NA,"2,300",170 - 180,"1,800 - 1,900",Apr 2021
N.A.,CHILTERN DRIVE,13,Detached House,NA,"15,000",890 - 900,"9,600 - 9,700",Apr 2021
N.A.,YUNNAN WALK,22,Terrace House,NA,"3,900",250 - 260,"2,600 - 2,700",Apr 2021
N.A.,BURGHLEY DRIVE,19,Detached House,NA,"11,000",470 - 480,"5,100 - 5,200",Apr 2021
N.A.,CORNWALL GARDENS,10,Detached House,NA,"17,500","1,540 - 1,550","16,600 - 16,700",Apr 2021
N.A.,PARBURY AVENUE,16,Terrace House,NA,"3,900",150 - 160,"1,700 - 1,800",Apr 2021
N.A.,KUO CHUAN AVENUE,15,Semi-Detached House,NA,"3,502",120 - 130,"1,200 - 1,300",Apr 2021
N.A.,KEW DRIVE,16,Terrace House,NA,"8,500",210 - 220,"2,300 - 2,400",Apr 2021
N.A.,SUNDRIDGE PARK ROAD,13,Detached House,NA,"10,000",500 - 510,"5,300 - 5,400",Apr 2021
N.A.,YUNNAN CRESCENT,22,Terrace House,NA,"4,000",230 - 240,"2,500 - 2,600",Apr 2021
N.A.,JALAN CHENGKEK,13,Terrace House,NA,"3,250",230 - 240,"2,500 - 2,600",Apr 2021
N.A.,JALAN NURI,15,Detached House,NA,"6,500",280 - 290,"3,000 - 3,100",Apr 2021
N.A.,PARRY ROAD,19,Terrace House,NA,"3,100",180 - 190,"1,900 - 2,000",Apr 2021
N.A.,JANSEN ROAD,19,Detached House,NA,"5,500",200 - 210,"2,200 - 2,300",Apr 2021
N.A.,MARINE PARADE,15,Terrace House,NA,"4,900",120 - 130,"1,300 - 1,400",Apr 2021
N.A.,KEW LANE,16,Terrace House,NA,"4,800",150 - 160,"1,700 - 1,800",Apr 2021
N.A.,KHEAM HOCK ROAD,11,Semi-Detached House,NA,"9,000",210 - 220,"2,300 - 2,400",Apr 2021
N.A.,NAMLY GARDEN,10,Semi-Detached House,NA,"7,000",200 - 210,"2,100 - 2,200",Apr 2021
N.A.,STARLIGHT ROAD,08,Terrace House,NA,"5,500",160 - 170,"1,700 - 1,800",Apr 2021
N.A.,JALAN CHEMPAKA KUNING,16,Semi-Detached House,NA,"3,500",280 - 290,"3,000 - 3,100",Apr 2021
N.A.,JALAN REMAJA,23,Terrace House,NA,"2,800",200 - 210,"2,200 - 2,300",Apr 2021
N.A.,SERANGOON GARDEN WAY,19,Detached House,NA,"8,000",390 - 400,"4,200 - 4,300",Apr 2021
N.A.,GREENWOOD AVENUE,11,Semi-Detached House,NA,"8,000",290 - 300,"3,200 - 3,300",Apr 2021
N.A.,POH HUAT ROAD,19,Terrace House,NA,"4,900",210 - 220,"2,200 - 2,300",Apr 2021
N.A.,JALAN SENTOSA,14,Detached House,NA,"6,000",460 - 470,"4,900 - 5,000",Apr 2021
N.A.,JALAN ELOK,09,Terrace House,NA,"9,400",150 - 160,"1,600 - 1,700",Apr 2021
N.A.,WHITLEY ROAD,11,Semi-Detached House,NA,"7,800",370 - 380,"4,000 - 4,100",Apr 2021
N.A.,JALAN TARI SERIMPI,28,Terrace House,NA,"2,800",200 - 210,"2,100 - 2,200",Apr 2021
N.A.,MIMOSA DRIVE,28,Terrace House,NA,"3,800",280 - 290,"3,000 - 3,100",Apr 2021
N.A.,COVE WAY,04,Detached House,NA,"21,800",750 - 760,"8,000 - 8,100",Apr 2021
N.A.,MERRYN ROAD,11,Detached House,NA,"14,000",740 - 750,"8,000 - 8,100",Apr 2021
N.A.,JALAN BINCHANG,20,Semi-Detached House,NA,"7,500",220 - 230,"2,400 - 2,500",Apr 2021
N.A.,KIM YAM ROAD,09,Terrace House,NA,"6,200",210 - 220,"2,300 - 2,400",Apr 2021
N.A.,GREENLEAF ROAD,10,Semi-Detached House,NA,"5,800",210 - 220,"2,300 - 2,400",Apr 2021
N.A.,JALAN TARI DULANG,28,Terrace House,NA,"3,200",190 - 200,"2,100 - 2,200",Apr 2021
N.A.,BUKIT CHERMIN ROAD,04,Detached House,NA,"6,550",220 - 230,"2,400 - 2,500",Apr 2021
N.A.,PADANG CHANCERY,11,Semi-Detached House,NA,"15,000",490 - 500,"5,300 - 5,400",Apr 2021
N.A.,WOODGROVE AVENUE,25,Detached House,NA,"11,000",570 - 580,"6,100 - 6,200",Apr 2021
N.A.,ROCHALIE DRIVE,10,Detached House,NA,"34,000","3,730 - 3,740","40,200 - 40,300",Apr 2021
N.A.,BOSCOMBE ROAD,15,Detached House,NA,"8,750",440 - 450,"4,700 - 4,800",Apr 2021
N.A.,LYNDHURST ROAD,15,Detached House,NA,"14,400","1,070 - 1,080","11,600 - 11,700",Apr 2021
N.A.,WEST COAST LANE,05,Terrace House,NA,"5,600",180 - 190,"1,900 - 2,000",Apr 2021
N.A.,SIAN TUAN AVENUE,21,Semi-Detached House,NA,"11,000",390 - 400,"4,200 - 4,300",Apr 2021
N.A.,SPRINGSIDE VIEW,26,Terrace House,NA,"6,000",360 - 370,"3,900 - 4,000",Apr 2021
N.A.,TAMARIND ROAD,28,Semi-Detached House,NA,"5,700",480 - 490,"5,100 - 5,200",Apr 2021
N.A.,LEITH ROAD,19,Semi-Detached House,NA,"5,400",380 - 390,"4,100 - 4,200",Apr 2021
N.A.,LORONG PISANG RAJA,21,Terrace House,NA,"8,000",180 - 190,"1,900 - 2,000",Apr 2021
N.A.,PASIR PANJANG ROAD,05,Detached House,NA,"6,500",800 - 810,"8,600 - 8,700",Apr 2021
N.A.,GREENLEAF VIEW,10,Detached House,NA,"19,000",490 - 500,"5,300 - 5,400",Apr 2021
N.A.,KIM YAM ROAD,09,Terrace House,NA,"10,000",190 - 200,"2,000 - 2,100",Apr 2021
N.A.,JANSEN ROAD,19,Terrace House,NA,"5,000",120 - 130,"1,300 - 1,400",Apr 2021
N.A.,LANGSAT ROAD,15,Terrace House,NA,"5,000",180 - 190,"2,000 - 2,100",Apr 2021
N.A.,HOLLAND ROAD,10,Detached House,NA,"16,000",520 - 530,"5,600 - 5,700",Apr 2021
N.A.,JOO CHIAT PLACE,15,Terrace House,NA,"5,100",160 - 170,"1,700 - 1,800",Apr 2021
N.A.,POH HUAT ROAD,19,Terrace House,NA,"2,400",260 - 270,"2,800 - 2,900",Apr 2021
N.A.,DUKU LANE,15,Terrace House,NA,"4,800",200 - 210,"2,100 - 2,200",Apr 2021
N.A.,PASIR PANJANG ROAD,05,Terrace House,NA,"3,800",140 - 150,"1,500 - 1,600",Apr 2021
N.A.,LORONG G TELOK KURAU,15,Terrace House,NA,"4,800",320 - 330,"3,500 - 3,600",Apr 2021
N.A.,GREENMEAD AVENUE,11,Semi-Detached House,NA,"14,000",310 - 320,"3,300 - 3,400",Apr 2021
N.A.,POH HUAT ROAD,19,Semi-Detached House,NA,"3,600",310 - 320,"3,400 - 3,500",Apr 2021
N.A.,JOO CHIAT LANE,15,Terrace House,NA,"4,600",170 - 180,"1,800 - 1,900",Apr 2021
N.A.,EVERITT ROAD,15,Terrace House,NA,"3,400",170 - 180,"1,800 - 1,900",Apr 2021
N.A.,OAKWOOD GROVE,25,Detached House,NA,"8,500",630 - 640,"6,800 - 6,900",Apr 2021
N.A.,KING ALBERT PARK,21,Detached House,NA,"35,000","2,110 - 2,120","22,800 - 22,900",Apr 2021
N.A.,QUEMOY ROAD,19,Terrace House,NA,"4,000",250 - 260,"2,700 - 2,800",Apr 2021
N.A.,DUNEARN ROAD,21,Semi-Detached House,NA,"6,500",360 - 370,"3,900 - 4,000",Apr 2021
N.A.,YUNNAN DRIVE,22,Terrace House,NA,"4,500",250 - 260,"2,600 - 2,700",Apr 2021
N.A.,MARINE PARADE,15,Terrace House,NA,"4,500",120 - 130,"1,300 - 1,400",Apr 2021
N.A.,CASHEW CRESCENT,23,Semi-Detached House,NA,"4,000",450 - 460,"4,900 - 5,000",Apr 2021
N.A.,NOVENA TERRACE,11,Terrace House,NA,"7,000",220 - 230,"2,400 - 2,500",Apr 2021
N.A.,PAYA LEBAR CRESCENT,19,Terrace House,NA,"1,500",50 - 60,600 - 700,Apr 2021
N.A.,SERANGOON ROAD,12,Terrace House,NA,"3,600",70 - 80,700 - 800,Apr 2021
N.A.,EAST COAST ROAD,15,Terrace House,NA,"4,500",190 - 200,"2,000 - 2,100",Apr 2021
N.A.,HARLYN ROAD,11,Detached House,NA,"22,500",490 - 500,"5,300 - 5,400",Apr 2021
N.A.,BUKIT CHERMIN ROAD,04,Detached House,NA,"18,550","1,030 - 1,040","11,100 - 11,200",Apr 2021
N.A.,WILKINSON ROAD,15,Semi-Detached House,NA,"7,800",530 - 540,"5,700 - 5,800",Apr 2021
N.A.,LORONG 110 CHANGI,15,Terrace House,NA,"2,600",220 - 230,"2,400 - 2,500",Apr 2021
N.A.,SPRINGLEAF LANE,26,Semi-Detached House,NA,"7,500",470 - 480,"5,000 - 5,100",Apr 2021
N.A.,NIVEN ROAD,09,Terrace House,NA,"2,450",130 - 140,"1,400 - 1,500",Apr 2021
N.A.,LORONG 22 GEYLANG,14,Terrace House,NA,"3,000",150 - 160,"1,600 - 1,700",Apr 2021
N.A.,LORONG ABU TALIB,15,Semi-Detached House,NA,"8,250",250 - 260,"2,700 - 2,800",Apr 2021
N.A.,WAK HASSAN PLACE,27,Semi-Detached House,NA,"7,400",260 - 270,"2,800 - 2,900",Apr 2021
N.A.,LORONG KISMIS,21,Semi-Detached House,NA,"4,800",240 - 250,"2,600 - 2,700",Mar 2021
N.A.,JALAN LAPANG,14,Terrace House,NA,"4,700",150 - 160,"1,600 - 1,700",Apr 2021
N.A.,WHITE HOUSE PARK,10,Detached House,NA,"14,000",640 - 650,"6,900 - 7,000",Mar 2021
N.A.,GENTLE ROAD,11,Semi-Detached House,NA,"9,600",400 - 410,"4,300 - 4,400",Mar 2021
N.A.,SIXTH AVENUE,10,Detached House,NA,"13,500",710 - 720,"7,600 - 7,700",Apr 2021
N.A.,FABER WALK,05,Semi-Detached House,NA,"8,500",380 - 390,"4,100 - 4,200",Apr 2021
N.A.,JALAN KATHI,16,Terrace House,NA,"5,000",150 - 160,"1,600 - 1,700",Apr 2021
N.A.,JALAN ARIF,19,Semi-Detached House,NA,"5,300",280 - 290,"3,000 - 3,100",Apr 2021
N.A.,GOLDHILL PLACE,11,Terrace House,NA,"6,120",180 - 190,"1,900 - 2,000",Mar 2021
N.A.,MARLENE AVENUE,19,Detached House,NA,"11,500",460 - 470,"5,000 - 5,100",Apr 2021
N.A.,EAN KIAM PLACE,15,Terrace House,NA,"3,500",140 - 150,"1,500 - 1,600",Apr 2021
N.A.,EAN KIAM PLACE,15,Terrace House,NA,"2,300",70 - 80,800 - 900,Apr 2021
N.A.,HAIG ROAD,15,Terrace House,NA,"5,200",300 - 310,"3,200 - 3,300",Apr 2021
N.A.,STEVENS ROAD,10,Terrace House,NA,"12,000",970 - 980,"10,400 - 10,500",Apr 2021
N.A.,BILAL LANE,16,Semi-Detached House,NA,"4,200",210 - 220,"2,300 - 2,400",Apr 2021
N.A.,ROBIN LANE,10,Terrace House,NA,"5,300",210 - 220,"2,300 - 2,400",Apr 2021
N.A.,BARKER ROAD,11,Terrace House,NA,"7,000",180 - 190,"1,900 - 2,000",Apr 2021
N.A.,JOO CHIAT PLACE,15,Terrace House,NA,"4,000",160 - 170,"1,700 - 1,800",Apr 2021
N.A.,KUO CHUAN AVENUE,15,Semi-Detached House,NA,"3,502",120 - 130,"1,200 - 1,300",Apr 2021
N.A.,MARSHALL ROAD,15,Terrace House,NA,"3,200",250 - 260,"2,700 - 2,800",Apr 2021
N.A.,CARISBROOKE GROVE,19,Semi-Detached House,NA,"12,800",320 - 330,"3,400 - 3,500",Apr 2021
N.A.,JALAN KAMPONG CHANTEK,21,Detached House,NA,"15,000","1,010 - 1,020","10,900 - 11,000",Apr 2021
N.A.,BERWICK DRIVE,19,Semi-Detached House,NA,"11,700",220 - 230,"2,400 - 2,500",Mar 2021
N.A.,GENTLE ROAD,11,Semi-Detached House,NA,"7,300",380 - 390,"4,100 - 4,200",Apr 2021
N.A.,JOO CHIAT LANE,15,Detached House,NA,"7,800",400 - 410,"4,300 - 4,400",Apr 2021
N.A.,TRURO ROAD,08,Terrace House,NA,"2,000",100 - 110,"1,100 - 1,200",Apr 2021
N.A.,PAYA LEBAR CRESCENT,19,Semi-Detached House,NA,"4,500",390 - 400,"4,200 - 4,300",Apr 2021
N.A.,TEMBELING ROAD,15,Terrace House,NA,"5,300",270 - 280,"2,900 - 3,000",Apr 2021
N.A.,SIAN TUAN AVENUE,21,Detached House,NA,"7,500",430 - 440,"4,700 - 4,800",Apr 2021
N.A.,SIMON LANE,19,Terrace House,NA,"3,200",140 - 150,"1,500 - 1,600",Apr 2021
N.A.,LORONG GAMBIR,19,Semi-Detached House,NA,"3,500",200 - 210,"2,200 - 2,300",Apr 2021
N.A.,BRIGHTON CRESCENT,19,Terrace House,NA,"3,000",150 - 160,"1,700 - 1,800",Apr 2021
N.A.,EAN KIAM PLACE,15,Terrace House,NA,"2,400",80 - 90,800 - 900,Apr 2021
N.A.,NIVEN ROAD,09,Terrace House,NA,"6,800",80 - 90,"900 - 1,000",Apr 2021
N.A.,ONAN ROAD,15,Terrace House,NA,"5,000",110 - 120,"1,100 - 1,200",Mar 2021
N.A.,QUEMOY ROAD,19,Terrace House,NA,"4,700",250 - 260,"2,700 - 2,800",Apr 2021
N.A.,COTSWOLD CLOSE,13,Detached House,NA,"8,500",590 - 600,"6,400 - 6,500",Apr 2021
N.A.,INGGU ROAD,27,Terrace House,NA,"5,200",160 - 170,"1,700 - 1,800",Apr 2021
N.A.,DUCHESS AVENUE,10,Detached House,NA,"22,000",520 - 530,"5,600 - 5,700",Apr 2021
N.A.,ONAN ROAD,15,Terrace House,NA,"4,800",180 - 190,"1,900 - 2,000",Apr 2021
N.A.,DUCHESS AVENUE,10,Semi-Detached House,NA,"12,250",260 - 270,"2,800 - 2,900",Apr 2021
N.A.,SHELFORD ROAD,11,Detached House,NA,"27,000","990 - 1,000","10,700 - 10,800",Apr 2021
N.A.,LIM TAI SEE WALK,10,Semi-Detached House,NA,"5,000",220 - 230,"2,400 - 2,500",Apr 2021
N.A.,ONAN ROAD,15,Semi-Detached House,NA,"3,300",150 - 160,"1,600 - 1,700",Apr 2021
N.A.,QUEEN ASTRID PARK,10,Detached House,NA,"17,000",650 - 660,"7,000 - 7,100",Apr 2021
N.A.,CORONATION ROAD WEST,10,Detached House,NA,"16,200",350 - 360,"3,800 - 3,900",Apr 2021
N.A.,BUKIT TIMAH ROAD,10,Detached House,NA,"6,200",400 - 410,"4,300 - 4,400",Apr 2021
N.A.,JALAN ANGIN LAUT,16,Terrace House,NA,"3,200",260 - 270,"2,800 - 2,900",Apr 2021
N.A.,COVE GROVE,04,Detached House,NA,"45,000","1,060 - 1,070","11,500 - 11,600",Apr 2021
N.A.,JALAN JITONG,28,Semi-Detached House,NA,"2,900",260 - 270,"2,800 - 2,900",Mar 2021
N.A.,FERNHILL CRESCENT,10,Terrace House,NA,"7,500",450 - 460,"4,900 - 5,000",Apr 2021
N.A.,ONAN ROAD,15,Terrace House,NA,"4,100",180 - 190,"1,900 - 2,000",Mar 2021
N.A.,MOHAMED SULTAN ROAD,09,Non-landed Properties,NA,"2,600",50 - 60,500 - 600,Apr 2021
N.A.,SEMBAWANG ROAD,26,Non-landed Properties,NA,"2,650",90 - 100,"1,000 - 1,100",Apr 2021
N.A.,SIMS AVENUE,14,Non-landed Properties,NA,"2,800",110 - 120,"1,200 - 1,300",Apr 2021
N.A.,ROSE LANE,15,Non-landed Properties,NA,"2,400",200 - 210,"2,200 - 2,300",Apr 2021
N.A.,ROSE LANE,15,Non-landed Properties,NA,"1,500",60 - 70,700 - 800,Apr 2021
N.A.,ROSE LANE,15,Non-landed Properties,NA,"1,500",60 - 70,700 - 800,Apr 2021
N.A.,ROSE LANE,15,Non-landed Properties,NA,"2,200",150 - 160,"1,600 - 1,700",Apr 2021
N.A.,ROSE LANE,15,Non-landed Properties,NA,"2,300",130 - 140,"1,400 - 1,500",Apr 2021
N.A.,JOO CHIAT ROAD,15,Non-landed Properties,NA,"2,300",80 - 90,"900 - 1,000",Apr 2021
N.A.,LORONG 34 GEYLANG,14,Non-landed Properties,NA,"2,300",140 - 150,"1,600 - 1,700",Apr 2021
N.A.,LAVENDER STREET,12,Non-landed Properties,NA,"3,000",120 - 130,"1,300 - 1,400",Apr 2021
N.A.,CHANGI ROAD,14,Non-landed Properties,NA,"3,300",120 - 130,"1,200 - 1,300",Apr 2021
N.A.,JALAN SEMPADAN,15,Non-landed Properties,NA,"2,200",100 - 110,"1,100 - 1,200",Apr 2021
N.A.,TANJONG KATONG ROAD,15,Non-landed Properties,NA,"2,000",100 - 110,"1,100 - 1,200",Apr 2021
N.A.,CHANGI ROAD,14,Non-landed Properties,NA,"2,600",80 - 90,800 - 900,Apr 2021
N.A.,BRADDELL ROAD,13,Non-landed Properties,NA,"2,000",70 - 80,700 - 800,Apr 2021
N.A.,BALMORAL PARK,10,Non-landed Properties,NA,"4,500",160 - 170,"1,700 - 1,800",Apr 2021
N.A.,LORONG 27 GEYLANG,14,Non-landed Properties,NA,"2,450",80 - 90,"900 - 1,000",Apr 2021
N.A.,HAMILTON ROAD,08,Non-landed Properties,NA,"2,200",90 - 100,"900 - 1,000",Apr 2021
N.A.,TANJONG KATONG ROAD,15,Non-landed Properties,NA,"3,200",80 - 90,800 - 900,Apr 2021
N.A.,LORONG 41 GEYLANG,14,Non-landed Properties,1,"2,800",60 - 70,600 - 700,Apr 2021
N.A.,JALAN SEMPADAN,15,Non-landed Properties,NA,"2,200",90 - 100,"1,000 - 1,100",Apr 2021
N.A.,SING AVENUE,08,Non-landed Properties,NA,"3,500",80 - 90,800 - 900,Apr 2021
N.A.,GUILLEMARD ROAD,14,Non-landed Properties,NA,"2,400",70 - 80,700 - 800,Apr 2021
N.A.,BALMORAL ROAD,10,Non-landed Properties,3,"6,500",170 - 180,"1,800 - 1,900",Apr 2021
N.A.,CLAYMORE ROAD,09,Non-landed Properties,2,"3,100",70 - 80,800 - 900,Apr 2021
N.A.,MATTAR ROAD,14,Non-landed Properties,NA,"1,600",110 - 120,"1,100 - 1,200",Apr 2021
N.A.,JALAN SEMPADAN,15,Non-landed Properties,NA,"2,400",90 - 100,"1,000 - 1,100",Apr 2021
N.A.,JALAN SEMPADAN,15,Non-landed Properties,NA,"2,100",100 - 110,"1,100 - 1,200",Apr 2021
N.A.,JOO CHIAT ROAD,15,Non-landed Properties,NA,"3,200",90 - 100,"1,000 - 1,100",Apr 2021
N.A.,LORONG 23 GEYLANG,14,Non-landed Properties,NA,"2,300",80 - 90,"900 - 1,000",Apr 2021
N.A.,LIM TECK KIM ROAD,02,Non-landed Properties,NA,"2,100",80 - 90,"900 - 1,000",Apr 2021
N.A.,CHANGI ROAD,14,Non-landed Properties,NA,"2,500",90 - 100,"900 - 1,000",Apr 2021
N.A.,GEYLANG ROAD,14,Non-landed Properties,NA,"2,400",100 - 110,"1,100 - 1,200",Apr 2021
N.A.,HORNE ROAD,08,Non-landed Properties,NA,"3,000",80 - 90,"900 - 1,000",Apr 2021
N.A.,TANJONG KATONG ROAD,15,Non-landed Properties,NA,"3,400",120 - 130,"1,200 - 1,300",Apr 2021
N.A.,OPAL CRESCENT,12,Non-landed Properties,NA,"1,800",70 - 80,800 - 900,Apr 2021
N.A.,PEGU ROAD,12,Non-landed Properties,NA,"1,850",30 - 40,300 - 400,Apr 2021
N.A.,RIVER VALLEY ROAD,10,Non-landed Properties,NA,"3,200",90 - 100,"900 - 1,000",Apr 2021
N.A.,JOO CHIAT PLACE,15,Non-landed Properties,NA,"4,300",90 - 100,"900 - 1,000",Apr 2021
N.A.,TANJONG KATONG ROAD,15,Non-landed Properties,NA,"3,000",130 - 140,"1,400 - 1,500",Apr 2021
N.A.,EVERITT ROAD,15,Non-landed Properties,NA,"3,000",100 - 110,"1,100 - 1,200",Apr 2021
N.A.,ROCHDALE ROAD,19,Non-landed Properties,NA,"3,500",160 - 170,"1,800 - 1,900",Apr 2021
N.A.,JALAN SUKA,14,Non-landed Properties,NA,"2,700",90 - 100,"1,000 - 1,100",Apr 2021
N.A.,CHANGI ROAD,14,Non-landed Properties,NA,"2,200",120 - 130,"1,200 - 1,300",Apr 2021
N.A.,LORONG 8 GEYLANG,14,Non-landed Properties,NA,"2,800",110 - 120,"1,100 - 1,200",Apr 2021
N.A.,MOSQUE STREET,01,Non-landed Properties,NA,"4,833",80 - 90,800 - 900,Apr 2021
N.A.,EAST COAST ROAD,15,Non-landed Properties,NA,"1,850",90 - 100,"1,000 - 1,100",Apr 2021
N.A.,SERANGOON ROAD,08,Non-landed Properties,NA,"2,750",130 - 140,"1,400 - 1,500",Apr 2021
N.A.,KIM KEAT LANE,12,Non-landed Properties,3,"2,450",130 - 140,"1,400 - 1,500",Apr 2021
N.A.,UPPER SERANGOON ROAD,19,Non-landed Properties,NA,"2,500",80 - 90,"900 - 1,000",Apr 2021
N.A.,LORONG 3 GEYLANG,14,Non-landed Properties,NA,"1,100",110 - 120,"1,200 - 1,300",Apr 2021
N.A.,KIM KEAT CLOSE,12,Non-landed Properties,3,"2,450",90 - 100,"1,000 - 1,100",Apr 2021
N.A.,SERANGOON ROAD,12,Non-landed Properties,NA,"3,050",60 - 70,600 - 700,Apr 2021
N.A.,LORONG 23 GEYLANG,14,Non-landed Properties,NA,"2,200",120 - 130,"1,300 - 1,400",Apr 2021
N.A.,ENG HOON STREET,03,Non-landed Properties,1,"4,800",140 - 150,"1,500 - 1,600",Apr 2021
N.A.,SURREY ROAD,11,Non-landed Properties,2,"2,800",70 - 80,800 - 900,Apr 2021
N.A.,DRAYCOTT DRIVE,10,Non-landed Properties,2,"4,100",100 - 110,"1,100 - 1,200",Apr 2021
N.A.,GEYLANG ROAD,14,Non-landed Properties,NA,"3,000",110 - 120,"1,200 - 1,300",Apr 2021
N.A.,JOO CHIAT ROAD,15,Non-landed Properties,NA,"3,800",100 - 110,"1,000 - 1,100",Apr 2021
N.A.,KIM KEAT CLOSE,12,Non-landed Properties,3,"2,100",90 - 100,"1,000 - 1,100",Apr 2021
N.A.,SUNSET CLOSE,21,Non-landed Properties,1,"3,000",120 - 130,"1,200 - 1,300",Apr 2021
N.A.,JOO CHIAT PLACE,15,Non-landed Properties,NA,"2,500",130 - 140,"1,400 - 1,500",Apr 2021
N.A.,KIM KEAT LANE,12,Non-landed Properties,3,"2,750",130 - 140,"1,400 - 1,500",Apr 2021
N.A.,BOON TECK ROAD,12,Non-landed Properties,NA,"2,600",110 - 120,"1,200 - 1,300",Apr 2021
N.A.,TEMBELING ROAD,15,Non-landed Properties,NA,"2,800",110 - 120,"1,200 - 1,300",Apr 2021
N.A.,LORONG 12 GEYLANG,14,Non-landed Properties,3,"3,600",90 - 100,"1,000 - 1,100",Apr 2021
N.A.,TEMBELING ROAD,15,Non-landed Properties,NA,"1,650",90 - 100,"1,000 - 1,100",Apr 2021
N.A.,MACKENZIE ROAD,09,Non-landed Properties,NA,"1,685",50 - 60,500 - 600,Apr 2021
N.A.,SEAH STREET,07,Non-landed Properties,NA,"4,100",70 - 80,800 - 900,Apr 2021
N.A.,HAVELOCK ROAD,03,Non-landed Properties,NA,"2,250",70 - 80,800 - 900,Apr 2021
N.A.,TANJONG KATONG ROAD,15,Non-landed Properties,NA,"2,800",90 - 100,"1,000 - 1,100",Apr 2021
N.A.,NEWTON ROAD,11,Non-landed Properties,3,"6,800",160 - 170,"1,700 - 1,800",Apr 2021
N.A.,GEYLANG ROAD,14,Non-landed Properties,NA,"2,500",150 - 160,"1,700 - 1,800",Apr 2021
N.A.,LORONG 9 GEYLANG,14,Non-landed Properties,2,"2,602",60 - 70,600 - 700,Apr 2021
N.A.,DRAYCOTT DRIVE,10,Non-landed Properties,3,"5,800",140 - 150,"1,500 - 1,600",Apr 2021
N.A.,KIM KEAT CLOSE,12,Non-landed Properties,3,"2,600",90 - 100,"1,000 - 1,100",Apr 2021
N.A.,BUKIT TIMAH ROAD,21,Non-landed Properties,NA,"1,800",100 - 110,"1,100 - 1,200",Apr 2021
N.A.,ONAN ROAD,15,Non-landed Properties,NA,"3,100",170 - 180,"1,800 - 1,900",Apr 2021
N.A.,LORONG 15 GEYLANG,14,Non-landed Properties,NA,"2,200",60 - 70,700 - 800,Apr 2021
N.A.,CHANGI ROAD,14,Non-landed Properties,NA,"2,600",100 - 110,"1,000 - 1,100",Apr 2021
N.A.,CHANGI ROAD,14,Non-landed Properties,NA,"5,000",130 - 140,"1,400 - 1,500",Apr 2021
N.A.,GILSTEAD ROAD,11,Non-landed Properties,2,"1,100",100 - 110,"1,000 - 1,100",Apr 2021
N.A.,GILSTEAD ROAD,11,Non-landed Properties,2,"1,100",100 - 110,"1,000 - 1,100",Apr 2021
N.A.,GILSTEAD ROAD,11,Non-landed Properties,2,"1,100",100 - 110,"1,000 - 1,100",Apr 2021
N.A.,GUILLEMARD ROAD,14,Non-landed Properties,NA,"2,100",80 - 90,"900 - 1,000",Apr 2021
N.A.,JOO CHIAT ROAD,15,Non-landed Properties,NA,"2,800",140 - 150,"1,500 - 1,600",Apr 2021
N.A.,JOO CHIAT PLACE,15,Non-landed Properties,NA,"3,200",140 - 150,"1,600 - 1,700",Apr 2021
N.A.,EAST COAST ROAD,15,Non-landed Properties,NA,"2,000",90 - 100,"1,000 - 1,100",Apr 2021
N.A.,UPPER PAYA LEBAR ROAD,19,Non-landed Properties,NA,"1,800",70 - 80,700 - 800,Apr 2021
N.A.,LORONG 9 GEYLANG,14,Non-landed Properties,2,"2,805",90 - 100,"1,000 - 1,100",Apr 2021
N.A.,PASIR PANJANG ROAD,05,Non-landed Properties,3,"3,600",110 - 120,"1,200 - 1,300",Mar 2021
N.A.,BALESTIER ROAD,12,Non-landed Properties,NA,"3,100",80 - 90,"900 - 1,000",Apr 2021
N.A.,GEYLANG ROAD,14,Non-landed Properties,NA,"2,400",130 - 140,"1,400 - 1,500",Apr 2021
N.A.,LORONG 34 GEYLANG,14,Non-landed Properties,NA,"2,500",140 - 150,"1,500 - 1,600",Apr 2021
N.A.,GRANGE ROAD,10,Non-landed Properties,NA,"10,700",390 - 400,"4,200 - 4,300",Apr 2021
N.A.,LORONG 22 GEYLANG,14,Non-landed Properties,NA,"2,000",110 - 120,"1,200 - 1,300",Apr 2021
N.A.,BEDOK ROAD,16,Non-landed Properties,NA,"3,000",80 - 90,"900 - 1,000",Apr 2021
N.A.,LORONG 22 GEYLANG,14,Non-landed Properties,NA,"2,500",100 - 110,"1,000 - 1,100",Apr 2021
N.A.,RIVER VALLEY ROAD,10,Non-landed Properties,NA,"2,500",90 - 100,"900 - 1,000",Mar 2021
N.A.,MATTAR ROAD,14,Non-landed Properties,NA,"2,000",110 - 120,"1,100 - 1,200",Mar 2021
N.A.,UPPER THOMSON ROAD,26,Non-landed Properties,NA,"1,900",110 - 120,"1,100 - 1,200",Apr 2021
N.A.,CHANGI ROAD,14,Non-landed Properties,NA,"2,800",140 - 150,"1,500 - 1,600",Apr 2021
N.A.,BOUNDARY ROAD,19,Non-landed Properties,NA,"2,300",80 - 90,"900 - 1,000",Apr 2021
N.A.,BOUNDARY ROAD,19,Non-landed Properties,NA,"2,200",80 - 90,"900 - 1,000",Mar 2021
N.A.,BALESTIER ROAD,12,Non-landed Properties,NA,"10,000",160 - 170,"1,700 - 1,800",Apr 2021
N.A.,RACE COURSE ROAD,08,Non-landed Properties,NA,"1,750",30 - 40,300 - 400,Apr 2021
N.A.,CHAPEL CLOSE,15,Non-landed Properties,NA,"2,100",80 - 90,800 - 900,Mar 2021
N.A.,JOO CHIAT ROAD,15,Non-landed Properties,NA,"2,500",100 - 110,"1,000 - 1,100",Mar 2021
N.A.,DESKER ROAD,08,Non-landed Properties,NA,"3,300",130 - 140,"1,400 - 1,500",Apr 2021
N.A.,CHANGI ROAD,14,Non-landed Properties,NA,"2,200",100 - 110,"1,000 - 1,100",Apr 2021
N.A.,KIM KEAT CLOSE,12,Non-landed Properties,3,"2,550",90 - 100,"1,000 - 1,100",Apr 2021
N.A.,LORONG 41 GEYLANG,14,Non-landed Properties,4,"5,100",120 - 130,"1,300 - 1,400",Apr 2021
N.A.,MACPHERSON ROAD,13,Non-landed Properties,NA,"2,900",100 - 110,"1,000 - 1,100",Apr 2021
N.A.,TYRWHITT ROAD,08,Non-landed Properties,NA,"4,000",100 - 110,"1,000 - 1,100",Apr 2021
N.A.,TYRWHITT ROAD,08,Non-landed Properties,NA,"4,500",140 - 150,"1,500 - 1,600",Apr 2021
N.A.,HOLLAND ROAD,10,Non-landed Properties,2,"3,100",100 - 110,"1,100 - 1,200",Apr 2021
N.A.,SOPHIA ROAD,09,Non-landed Properties,2,"2,000",60 - 70,600 - 700,Apr 2021
N.A.,GILSTEAD ROAD,11,Non-landed Properties,2,"1,100",100 - 110,"1,000 - 1,100",Apr 2021
N.A.,LORONG 6 GEYLANG,14,Non-landed Properties,NA,"3,300",90 - 100,"900 - 1,000",Apr 2021
N.A.,GILSTEAD ROAD,11,Non-landed Properties,2,"1,100",90 - 100,"1,000 - 1,100",Apr 2021
N.A.,HOOT KIAM ROAD,10,Non-landed Properties,NA,"2,800",90 - 100,"1,000 - 1,100",Apr 2021
N.A.,RACE COURSE ROAD,08,Non-landed Properties,NA,"3,200",80 - 90,800 - 900,Mar 2021
N.A.,TESSENSOHN ROAD,08,Non-landed Properties,NA,"3,600",230 - 240,"2,500 - 2,600",Apr 2021
N.A.,FLANDERS SQUARE,08,Non-landed Properties,NA,"2,450",90 - 100,"1,000 - 1,100",Apr 2021
N.A.,ENG HOON STREET,03,Non-landed Properties,NA,"3,800",70 - 80,800 - 900,Apr 2021
N.A.,BENG WAN ROAD,12,Non-landed Properties,2,"3,800",60 - 70,700 - 800,Apr 2021
N.A.,GUILLEMARD ROAD,14,Non-landed Properties,NA,"2,500",60 - 70,700 - 800,Apr 2021
N.A.,GUILLEMARD ROAD,14,Non-landed Properties,NA,"2,500",60 - 70,700 - 800,Apr 2021
N.A.,LORONG 19 GEYLANG,14,Non-landed Properties,NA,"1,100",40 - 50,400 - 500,Apr 2021
N.A.,LORONG 22 GEYLANG,14,Non-landed Properties,NA,"2,800",110 - 120,"1,200 - 1,300",Apr 2021
N.A.,SURREY ROAD,11,Non-landed Properties,NA,"2,800",110 - 120,"1,100 - 1,200",Apr 2021
N.A.,GUILLEMARD ROAD,14,Non-landed Properties,NA,"2,350",60 - 70,700 - 800,Apr 2021
N.A.,MOHAMED SULTAN ROAD,09,Non-landed Properties,NA,"1,500",90 - 100,"1,000 - 1,100",Apr 2021
N.A.,MACPHERSON ROAD,13,Non-landed Properties,NA,"3,000",60 - 70,700 - 800,Apr 2021
N.A.,LIM TECK KIM ROAD,02,Non-landed Properties,NA,"3,000",80 - 90,"900 - 1,000",Apr 2021
N.A.,HOLLAND ROAD,10,Non-landed Properties,2,"3,300",80 - 90,800 - 900,Apr 2021
N.A.,JOO CHIAT ROAD,15,Non-landed Properties,NA,"2,300",80 - 90,"900 - 1,000",Apr 2021
N.A.,TEMBELING ROAD,15,Non-landed Properties,NA,"1,200",80 - 90,"900 - 1,000",Apr 2021
N.A.,HOE CHIANG ROAD,02,Non-landed Properties,NA,"2,600",90 - 100,"900 - 1,000",Mar 2021
N.A.,RACE COURSE ROAD,08,Non-landed Properties,1,"1,850",30 - 40,300 - 400,Apr 2021
N.A.,TANGLIN ROAD,10,Non-landed Properties,NA,"2,100",40 - 50,500 - 600,Apr 2021
N.A.,RACE COURSE ROAD,08,Non-landed Properties,NA,"1,750",20 - 30,200 - 300,Apr 2021
N.A.,TANJONG KATONG ROAD,15,Non-landed Properties,NA,"2,500",70 - 80,800 - 900,Apr 2021
N.A.,LORONG 13 GEYLANG,14,Non-landed Properties,NA,"3,500",90 - 100,"900 - 1,000",Apr 2021
N.A.,GEYLANG ROAD,14,Non-landed Properties,NA,"1,650",80 - 90,"900 - 1,000",Apr 2021
N.A.,JALAN KAYU,28,Non-landed Properties,NA,"2,800",70 - 80,800 - 900,Mar 2021
N.A.,LINCOLN ROAD,11,Non-landed Properties,2,"3,500",100 - 110,"1,100 - 1,200",Apr 2021
N.A.,LORONG 19 GEYLANG,14,Non-landed Properties,NA,"1,100",70 - 80,800 - 900,Apr 2021
N.A.,EDEN GROVE,19,Non-landed Properties,2,"3,000",100 - 110,"1,100 - 1,200",Apr 2021
N.A.,KIM KEAT ROAD,12,Non-landed Properties,NA,"2,500",130 - 140,"1,400 - 1,500",Apr 2021
N.A.,MACKENZIE ROAD,09,Non-landed Properties,NA,"2,035",70 - 80,800 - 900,Apr 2021
N.A.,GEYLANG ROAD,14,Non-landed Properties,NA,"1,850",70 - 80,700 - 800,Apr 2021
N.A.,WOODLEIGH PARK,13,Non-landed Properties,NA,"2,435",90 - 100,"1,000 - 1,100",Apr 2021
N.A.,MACPHERSON ROAD,13,Non-landed Properties,NA,"3,800",150 - 160,"1,600 - 1,700",Apr 2021
N.A.,KAMPONG BAHRU ROAD,04,Non-landed Properties,NA,"2,650",70 - 80,700 - 800,Apr 2021
N.A.,HOLLAND ROAD,10,Non-landed Properties,2,"3,600",90 - 100,"900 - 1,000",Mar 2021
N.A.,BALESTIER ROAD,12,Non-landed Properties,NA,"2,000",80 - 90,"900 - 1,000",Apr 2021
N.A.,GUILLEMARD ROAD,14,Non-landed Properties,NA,"1,650",60 - 70,700 - 800,Apr 2021
N.A.,CAMBRIDGE ROAD,08,Non-landed Properties,NA,"2,650",80 - 90,800 - 900,Apr 2021
N.A.,LORONG 25A GEYLANG,14,Non-landed Properties,NA,"3,000",90 - 100,"900 - 1,000",Apr 2021
N.A.,LORONG 25A GEYLANG,14,Non-landed Properties,NA,"3,000",90 - 100,"900 - 1,000",Apr 2021
N.A.,SIGLAP VIEW,15,Detached House,NA,"8,500",560 - 570,"6,100 - 6,200",May 2021
N.A.,WESTLAKE AVENUE,20,Semi-Detached House,NA,"6,000",350 - 360,"3,800 - 3,900",May 2021
N.A.,KOVAN ROAD,19,Terrace House,NA,"4,500",230 - 240,"2,500 - 2,600",May 2021
N.A.,HARVEY CRESCENT,16,Terrace House,NA,"3,500",190 - 200,"2,100 - 2,200",May 2021
N.A.,GREENWOOD AVENUE,11,Semi-Detached House,NA,"12,300",230 - 240,"2,400 - 2,500",May 2021
N.A.,GALISTAN AVENUE,23,Semi-Detached House,NA,"4,500",350 - 360,"3,800 - 3,900",May 2021
N.A.,PRINCE OF WALES ROAD,10,Semi-Detached House,NA,"5,500",360 - 370,"3,900 - 4,000",May 2021
N.A.,STARLIGHT ROAD,08,Terrace House,NA,"3,500",200 - 210,"2,200 - 2,300",May 2021
N.A.,SPRINGSIDE VIEW,26,Terrace House,NA,"4,200",150 - 160,"1,600 - 1,700",May 2021
N.A.,QUEMOY ROAD,19,Terrace House,NA,"5,500",250 - 260,"2,700 - 2,800",May 2021
N.A.,OCEAN DRIVE,04,Detached House,NA,"16,500",770 - 780,"8,200 - 8,300",May 2021
N.A.,CHATSWORTH ROAD,10,Detached House,NA,"13,000",550 - 560,"6,000 - 6,100",May 2021
N.A.,KIM YAM ROAD,09,Terrace House,NA,"3,500",130 - 140,"1,400 - 1,500",May 2021
N.A.,TREVOSE CRESCENT,11,Detached House,NA,"11,000",460 - 470,"5,000 - 5,100",May 2021
N.A.,WOO MON CHEW ROAD,15,Detached House,NA,"12,000","1,040 - 1,050","11,100 - 11,200",May 2021
N.A.,CORONATION ROAD WEST,10,Detached House,NA,"12,900",610 - 620,"6,600 - 6,700",May 2021
N.A.,ONTARIO AVENUE,20,Detached House,NA,"13,800",430 - 440,"4,600 - 4,700",May 2021
N.A.,FIRST AVENUE,10,Detached House,NA,"11,750",260 - 270,"2,800 - 2,900",May 2021
N.A.,UPPER EAST COAST ROAD,15,Terrace House,NA,"9,000",410 - 420,"4,400 - 4,500",May 2021
N.A.,JOO CHIAT TERRACE,15,Terrace House,NA,"7,800",100 - 110,"1,100 - 1,200",May 2021
N.A.,BOWMONT GARDENS,15,Detached House,NA,"6,800",490 - 500,"5,300 - 5,400",May 2021
N.A.,LORONG 7 REALTY PARK,19,Detached House,NA,"6,000",380 - 390,"4,000 - 4,100",May 2021
N.A.,LIM TAI SEE WALK,10,Semi-Detached House,NA,"7,300",390 - 400,"4,200 - 4,300",May 2021
N.A.,CORNWALL GARDENS,10,Detached House,NA,"17,000","1,540 - 1,550","16,600 - 16,700",May 2021
N.A.,UPPER CHANGI ROAD,16,Semi-Detached House,NA,"5,600",330 - 340,"3,600 - 3,700",May 2021
N.A.,SIOK WAN CLOSE,05,Semi-Detached House,NA,"5,850",200 - 210,"2,100 - 2,200",May 2021
N.A.,NIVEN ROAD,09,Terrace House,NA,"5,400",70 - 80,700 - 800,May 2021
N.A.,LIM TAI SEE WALK,10,Semi-Detached House,NA,"5,500",220 - 230,"2,300 - 2,400",May 2021
N.A.,MOUNT EMILY ROAD,09,Terrace House,NA,"7,400",210 - 220,"2,200 - 2,300",May 2021
N.A.,KHEAM HOCK ROAD,11,Detached House,NA,"17,000",470 - 480,"5,000 - 5,100",May 2021
N.A.,COVE GROVE,04,Detached House,NA,"38,100",880 - 890,"9,400 - 9,500",May 2021
N.A.,JALAN LANJUT,20,Terrace House,NA,"6,800",180 - 190,"1,900 - 2,000",May 2021
N.A.,LORONG 16 GEYLANG,14,Terrace House,NA,"7,000",230 - 240,"2,500 - 2,600",May 2021
N.A.,JALAN LIM TAI SEE,10,Semi-Detached House,NA,"7,750",210 - 220,"2,200 - 2,300",May 2021
N.A.,DYSON ROAD,11,Semi-Detached House,NA,"7,500",360 - 370,"3,800 - 3,900",May 2021
N.A.,SELETAR CLOSE,28,Detached House,NA,"10,000",630 - 640,"6,800 - 6,900",May 2021
N.A.,PONGGOL TWENTY-FOURTH AVENUE,19,Detached House,NA,"8,300",460 - 470,"4,900 - 5,000",May 2021
N.A.,CARMEN STREET,15,Semi-Detached House,NA,"9,500",270 - 280,"3,000 - 3,100",May 2021
N.A.,CORONATION DRIVE,10,Semi-Detached House,NA,"9,500",650 - 660,"7,000 - 7,100",May 2021
N.A.,PARKSTONE ROAD,15,Semi-Detached House,NA,"7,000",350 - 360,"3,700 - 3,800",May 2021
N.A.,CORONATION ROAD WEST,10,Semi-Detached House,NA,"8,000",310 - 320,"3,300 - 3,400",May 2021
N.A.,SHELFORD ROAD,11,Detached House,NA,"24,000",450 - 460,"4,800 - 4,900",May 2021
N.A.,CORONATION ROAD,10,Detached House,NA,"11,000",840 - 850,"9,100 - 9,200",May 2021
N.A.,STURDEE ROAD,08,Terrace House,NA,"5,800",150 - 160,"1,600 - 1,700",May 2021
N.A.,JALAN TUPAI,10,Semi-Detached House,NA,"6,200",190 - 200,"2,100 - 2,200",May 2021
N.A.,LORONG MELAYU,14,Detached House,NA,"2,950",250 - 260,"2,600 - 2,700",May 2021
N.A.,LORONG ABU TALIB,15,Terrace House,NA,"5,800",290 - 300,"3,100 - 3,200",May 2021
N.A.,LORONG M TELOK KURAU,15,Terrace House,NA,"4,700",310 - 320,"3,400 - 3,500",May 2021
N.A.,GREENLEAF VIEW,10,Detached House,NA,"18,500",420 - 430,"4,500 - 4,600",May 2021
N.A.,DUKU LANE,15,Terrace House,NA,"5,400",210 - 220,"2,300 - 2,400",May 2021
N.A.,BRIDPORT AVENUE,19,Semi-Detached House,NA,"6,800",200 - 210,"2,100 - 2,200",May 2021
N.A.,CORONATION DRIVE,10,Semi-Detached House,NA,"5,700",360 - 370,"3,900 - 4,000",May 2021
N.A.,FORD AVENUE,10,Detached House,NA,"28,000","1,810 - 1,820","19,500 - 19,600",May 2021
N.A.,COVE DRIVE,04,Detached House,NA,"45,000",680 - 690,"7,300 - 7,400",May 2021
N.A.,ROCHALIE DRIVE,10,Detached House,NA,"16,000","1,380 - 1,390","14,900 - 15,000",May 2021
N.A.,CHU YEN STREET,23,Semi-Detached House,NA,"5,500",300 - 310,"3,300 - 3,400",May 2021
N.A.,KIM YAM ROAD,09,Terrace House,NA,"10,000",260 - 270,"2,800 - 2,900",May 2021
N.A.,LORONG L TELOK KURAU,15,Terrace House,NA,"4,000",160 - 170,"1,700 - 1,800",May 2021
N.A.,TREVOSE CRESCENT,11,Detached House,NA,"11,000",460 - 470,"4,900 - 5,000",May 2021
N.A.,ONAN ROAD,15,Terrace House,NA,"3,000",170 - 180,"1,800 - 1,900",May 2021
N.A.,JALAN RAYA,13,Semi-Detached House,NA,"10,000",400 - 410,"4,300 - 4,400",May 2021
N.A.,OAKWOOD GROVE,25,Detached House,NA,"11,000",860 - 870,"9,300 - 9,400",May 2021
N.A.,LANGSAT ROAD,15,Terrace House,NA,"2,300",110 - 120,"1,100 - 1,200",May 2021
N.A.,CHATSWORTH ROAD,10,Detached House,NA,"16,000",420 - 430,"4,500 - 4,600",May 2021
N.A.,LORONG ABU TALIB,15,Terrace House,NA,"6,200",160 - 170,"1,700 - 1,800",May 2021
N.A.,EAN KIAM PLACE,15,Terrace House,NA,"2,500",70 - 80,800 - 900,May 2021
N.A.,EMPRESS ROAD,10,Detached House,NA,"6,900",290 - 300,"3,200 - 3,300",May 2021
N.A.,ONE TREE HILL,10,Semi-Detached House,NA,"10,000",200 - 210,"2,200 - 2,300",May 2021
N.A.,TENG TONG ROAD,15,Terrace House,NA,"2,300",140 - 150,"1,500 - 1,600",May 2021
N.A.,JERVOIS ROAD,10,Detached House,NA,"23,000","1,400 - 1,410","15,000 - 15,100",May 2021
N.A.,EAN KIAM PLACE,15,Terrace House,NA,"2,400",70 - 80,800 - 900,May 2021
N.A.,LORONG 101 CHANGI,15,Terrace House,NA,"2,750",150 - 160,"1,600 - 1,700",May 2021
N.A.,JOO CHIAT PLACE,15,Terrace House,NA,"3,400",150 - 160,"1,600 - 1,700",May 2021
N.A.,THIAM SIEW AVENUE,15,Semi-Detached House,NA,"9,670",860 - 870,"9,200 - 9,300",May 2021
N.A.,CHUAN PLACE,19,Semi-Detached House,NA,"7,800",220 - 230,"2,400 - 2,500",May 2021
N.A.,BRIZAY PARK,10,Detached House,NA,"19,000","1,600 - 1,610","17,200 - 17,300",May 2021
N.A.,HIGHLAND ROAD,19,Terrace House,NA,"5,000",190 - 200,"2,000 - 2,100",May 2021
N.A.,KEE SUN AVENUE,15,Terrace House,NA,"3,350",150 - 160,"1,600 - 1,700",May 2021
N.A.,HUA GUAN AVENUE,21,Detached House,NA,"12,610",430 - 440,"4,700 - 4,800",May 2021
N.A.,CALDECOTT CLOSE,11,Detached House,NA,"16,000",910 - 920,"9,800 - 9,900",May 2021
N.A.,EWART PARK,10,Detached House,NA,"50,000","3,110 - 3,120","33,500 - 33,600",May 2021
N.A.,LORONG H TELOK KURAU,15,Terrace House,NA,"5,000",210 - 220,"2,200 - 2,300",May 2021
N.A.,EAN KIAM PLACE,15,Terrace House,NA,"2,680",70 - 80,800 - 900,May 2021
N.A.,JALAN REDOP,28,Semi-Detached House,NA,"6,200",290 - 300,"3,100 - 3,200",May 2021
N.A.,WEST COAST PARK,05,Semi-Detached House,NA,"9,000",360 - 370,"3,900 - 4,000",May 2021
N.A.,COVE WAY,04,Detached House,NA,"26,500",730 - 740,"7,800 - 7,900",May 2021
N.A.,RIDOUT ROAD,10,Detached House,NA,"9,000",300 - 310,"3,200 - 3,300",May 2021
N.A.,ST. PATRICK'S ROAD,15,Semi-Detached House,NA,"6,500",250 - 260,"2,700 - 2,800",May 2021
N.A.,SOMMERVILLE ROAD,13,Detached House,NA,"9,800",580 - 590,"6,200 - 6,300",May 2021
N.A.,BROADRICK ROAD,15,Detached House,NA,"15,800",420 - 430,"4,500 - 4,600",May 2021
N.A.,PAYA LEBAR CRESCENT,19,Semi-Detached House,NA,"2,500",210 - 220,"2,300 - 2,400",May 2021
N.A.,REBECCA ROAD,10,Detached House,NA,"25,000","1,320 - 1,330","14,200 - 14,300",May 2021
N.A.,OCEAN DRIVE,04,Detached House,NA,"38,000","1,650 - 1,660","17,700 - 17,800",May 2021
N.A.,TRURO ROAD,08,Detached House,NA,"2,600",230 - 240,"2,400 - 2,500",May 2021
N.A.,FOWLIE ROAD,15,Terrace House,NA,"3,400",160 - 170,"1,700 - 1,800",May 2021
N.A.,JALAN GRISEK,14,Semi-Detached House,NA,"8,000",310 - 320,"3,300 - 3,400",May 2021
N.A.,MARTABAN ROAD,12,Terrace House,NA,"3,000",190 - 200,"2,000 - 2,100",May 2021
N.A.,PRINCESS OF WALES ROAD,10,Semi-Detached House,NA,"8,000",280 - 290,"3,000 - 3,100",May 2021
N.A.,QUEMOY ROAD,19,Terrace House,NA,"3,900",250 - 260,"2,700 - 2,800",May 2021
N.A.,CHUAN PLACE,19,Semi-Detached House,NA,"7,000",230 - 240,"2,500 - 2,600",May 2021
N.A.,BELMONT ROAD,10,Detached House,NA,"58,000","2,020 - 2,030","21,800 - 21,900",May 2021
N.A.,JALAN UJI,23,Detached House,NA,"9,000",470 - 480,"5,100 - 5,200",May 2021
N.A.,ROBEY CRESCENT,19,Semi-Detached House,NA,"4,000",320 - 330,"3,400 - 3,500",May 2021
N.A.,HARVEY CRESCENT,16,Terrace House,NA,"3,400",200 - 210,"2,100 - 2,200",May 2021
N.A.,LORONG 28 GEYLANG,14,Terrace House,NA,"7,600",200 - 210,"2,200 - 2,300",May 2021
N.A.,PASIR PANJANG ROAD,05,Terrace House,NA,"4,000",150 - 160,"1,600 - 1,700",May 2021
N.A.,CHANCERY HILL ROAD,11,Detached House,NA,"15,000",740 - 750,"8,000 - 8,100",May 2021
N.A.,HIGHLAND ROAD,19,Terrace House,NA,"4,600",150 - 160,"1,600 - 1,700",May 2021
N.A.,CORONATION ROAD WEST,10,Detached House,NA,"15,500",330 - 340,"3,600 - 3,700",May 2021
N.A.,CHUAN DRIVE,19,Terrace House,NA,"5,700",180 - 190,"1,900 - 2,000",May 2021
N.A.,WOODGROVE AVENUE,25,Terrace House,NA,"7,100",170 - 180,"1,800 - 1,900",May 2021
N.A.,CARPMAEL ROAD,15,Terrace House,NA,"4,000",140 - 150,"1,500 - 1,600",May 2021
N.A.,BUCKLEY ROAD,11,Detached House,NA,"12,000",580 - 590,"6,200 - 6,300",Mar 2021
N.A.,BELMONT ROAD,10,Detached House,NA,"60,000","1,460 - 1,470","15,700 - 15,800",May 2021
N.A.,SERANGOON ROAD,08,Terrace House,NA,"3,000",120 - 130,"1,300 - 1,400",May 2021
N.A.,JALAN ULU SIGLAP,15,Terrace House,NA,"4,200",200 - 210,"2,100 - 2,200",Apr 2021
N.A.,JALAN BAHASA,11,Detached House,NA,"17,000",170 - 180,"1,800 - 1,900",May 2021
N.A.,SERANGOON GARDEN WAY,19,Terrace House,NA,"7,500",210 - 220,"2,300 - 2,400",May 2021
N.A.,BISHOPSGATE,10,Detached House,NA,"37,000","1,400 - 1,410","15,000 - 15,100",May 2021
N.A.,UPPER EAST COAST ROAD,16,Semi-Detached House,NA,"4,300",370 - 380,"3,900 - 4,000",May 2021
N.A.,BEDOK ROAD,16,Semi-Detached House,NA,"5,000",310 - 320,"3,300 - 3,400",May 2021
N.A.,KOON SENG ROAD,15,Terrace House,NA,"3,500",140 - 150,"1,500 - 1,600",May 2021
N.A.,BOSCOMBE ROAD,15,Semi-Detached House,NA,"7,900",320 - 330,"3,400 - 3,500",May 2021
N.A.,TAMPINES ROAD,19,Terrace House,NA,"2,800",200 - 210,"2,100 - 2,200",May 2021
N.A.,POH HUAT ROAD,19,Terrace House,NA,"3,150",150 - 160,"1,600 - 1,700",May 2021
N.A.,JALAN HAJI SALAM,16,Terrace House,NA,"3,800",150 - 160,"1,600 - 1,700",May 2021
N.A.,GOLDHILL AVENUE,11,Semi-Detached House,NA,"9,800",250 - 260,"2,600 - 2,700",May 2021
N.A.,JALAN LOYANG BESAR,17,Semi-Detached House,NA,"4,200",250 - 260,"2,700 - 2,800",May 2021
N.A.,PONGGOL SEVENTEENTH AVENUE,19,Detached House,NA,"5,843",250 - 260,"2,700 - 2,800",May 2021
N.A.,MARSHALL ROAD,15,Terrace House,NA,"5,500",80 - 90,800 - 900,May 2021
N.A.,JALAN KEMAMAN,12,Terrace House,NA,"3,800",140 - 150,"1,500 - 1,600",May 2021
N.A.,LENGKONG SATU,14,Semi-Detached House,NA,"5,400",400 - 410,"4,300 - 4,400",May 2021
N.A.,EAST COAST PARK SECOND STREET,15,Terrace House,NA,"4,100",140 - 150,"1,500 - 1,600",May 2021
N.A.,BEECHWOOD GROVE,25,Detached House,NA,"7,000",540 - 550,"5,800 - 5,900",May 2021
N.A.,BUCKLEY ROAD,11,Semi-Detached House,NA,"12,000",450 - 460,"4,900 - 5,000",May 2021
N.A.,HAIG AVENUE,15,Detached House,NA,"7,000",250 - 260,"2,700 - 2,800",May 2021
N.A.,BOURNEMOUTH ROAD,15,Detached House,NA,"10,500",670 - 680,"7,300 - 7,400",May 2021
N.A.,BOURNEMOUTH ROAD,15,Detached House,NA,"9,000",470 - 480,"5,100 - 5,200",Apr 2021
N.A.,PRINCESS OF WALES ROAD,10,Semi-Detached House,NA,"7,000",350 - 360,"3,700 - 3,800",Apr 2021
N.A.,JALAN BATAI,20,Terrace House,NA,"7,500",150 - 160,"1,700 - 1,800",May 2021
N.A.,MUGLISTON ROAD,15,Terrace House,NA,"3,300",260 - 270,"2,800 - 2,900",May 2021
N.A.,MUGLISTON ROAD,15,Terrace House,NA,"3,000",250 - 260,"2,700 - 2,800",May 2021
N.A.,JALAN ELOK,09,Terrace House,NA,"3,000",150 - 160,"1,600 - 1,700",Mar 2021
N.A.,CORONATION ROAD WEST,10,Semi-Detached House,NA,"8,800",610 - 620,"6,500 - 6,600",May 2021
N.A.,JALAN MESRA,13,Terrace House,NA,"3,100",120 - 130,"1,200 - 1,300",May 2021
N.A.,LORNIE WALK,11,Semi-Detached House,NA,"8,000",300 - 310,"3,200 - 3,300",May 2021
N.A.,KOON SENG ROAD,15,Terrace House,NA,"3,000",160 - 170,"1,700 - 1,800",May 2021
N.A.,JALAN MAWAR,13,Terrace House,NA,"4,800",190 - 200,"2,000 - 2,100",May 2021
N.A.,BARKER ROAD,11,Detached House,NA,"15,000",450 - 460,"4,800 - 4,900",May 2021
N.A.,BOSCOMBE ROAD,15,Detached House,NA,"22,500","1,180 - 1,190","12,700 - 12,800",May 2021
N.A.,CORONATION ROAD,10,Semi-Detached House,NA,"4,500",300 - 310,"3,200 - 3,300",May 2021
N.A.,GENTLE ROAD,11,Detached House,NA,"8,000",320 - 330,"3,400 - 3,500",May 2021
N.A.,HENDRY CLOSE,19,Terrace House,NA,"3,350",130 - 140,"1,400 - 1,500",May 2021
N.A.,HENDRY CLOSE,19,Terrace House,NA,"2,500",130 - 140,"1,400 - 1,500",May 2021
N.A.,CORONATION ROAD WEST,10,Semi-Detached House,NA,"10,500",220 - 230,"2,300 - 2,400",May 2021
N.A.,LORONG G TELOK KURAU,15,Semi-Detached House,NA,"6,800",390 - 400,"4,200 - 4,300",May 2021
N.A.,THIRD AVENUE,10,Detached House,NA,"80,000",820 - 830,"8,900 - 9,000",May 2021
N.A.,EAST COAST ROAD,15,Terrace House,NA,"5,000",190 - 200,"2,000 - 2,100",May 2021
N.A.,PONGGOL SEVENTEENTH AVENUE,19,Detached House,NA,"6,507",240 - 250,"2,600 - 2,700",May 2021
N.A.,MOUNT ROSIE ROAD,11,Semi-Detached House,NA,"5,800",450 - 460,"4,800 - 4,900",May 2021
N.A.,PONGGOL SEVENTEENTH AVENUE,19,Detached House,NA,"6,077",240 - 250,"2,600 - 2,700",May 2021
N.A.,JOON HIANG ROAD,19,Terrace House,NA,"4,800",260 - 270,"2,800 - 2,900",May 2021
N.A.,BALESTIER ROAD,12,Non-landed Properties,NA,"2,000",80 - 90,"900 - 1,000",May 2021
N.A.,JALAN SEMPADAN,15,Non-landed Properties,NA,"2,300",90 - 100,"1,000 - 1,100",May 2021
N.A.,ROSE LANE,15,Non-landed Properties,NA,"1,500",60 - 70,700 - 800,May 2021
N.A.,ROSE LANE,15,Non-landed Properties,NA,"2,050",90 - 100,"900 - 1,000",May 2021
N.A.,ROSE LANE,15,Non-landed Properties,NA,"1,500",60 - 70,700 - 800,May 2021
N.A.,ROSE LANE,15,Non-landed Properties,NA,"2,250",130 - 140,"1,400 - 1,500",May 2021
N.A.,CHANGI ROAD,14,Non-landed Properties,NA,"5,900",90 - 100,"1,000 - 1,100",May 2021
N.A.,MACKENZIE ROAD,09,Non-landed Properties,NA,"1,735",50 - 60,500 - 600,May 2021
N.A.,GEMMILL LANE,01,Non-landed Properties,NA,"14,000",150 - 160,"1,600 - 1,700",May 2021
N.A.,CLAYMORE ROAD,09,Non-landed Properties,3,"4,200",110 - 120,"1,200 - 1,300",May 2021
N.A.,KIM KEAT LANE,12,Non-landed Properties,3,"2,300",130 - 140,"1,400 - 1,500",May 2021
N.A.,CLAYMORE ROAD,09,Non-landed Properties,2,"3,300",70 - 80,800 - 900,May 2021
N.A.,KIM KEAT CLOSE,12,Non-landed Properties,3,"2,600",90 - 100,"1,000 - 1,100",May 2021
N.A.,KIM KEAT CLOSE,12,Non-landed Properties,3,"2,600",90 - 100,"1,000 - 1,100",May 2021
N.A.,JALAN SEMPADAN,15,Non-landed Properties,NA,"2,100",90 - 100,"1,000 - 1,100",May 2021
N.A.,GEYLANG ROAD,14,Non-landed Properties,NA,"2,350",60 - 70,700 - 800,May 2021
N.A.,GEYLANG ROAD,14,Non-landed Properties,NA,"2,350",70 - 80,700 - 800,May 2021
N.A.,DUBLIN ROAD,09,Non-landed Properties,3,"3,500",140 - 150,"1,500 - 1,600",May 2021
N.A.,UPPER SERANGOON ROAD,19,Non-landed Properties,NA,"2,000",110 - 120,"1,100 - 1,200",May 2021
N.A.,BALESTIER ROAD,12,Non-landed Properties,NA,"2,500",80 - 90,"900 - 1,000",May 2021
N.A.,MATTAR ROAD,14,Non-landed Properties,NA,"1,600",110 - 120,"1,100 - 1,200",May 2021
N.A.,DRAYCOTT DRIVE,10,Non-landed Properties,3,"6,600",190 - 200,"2,100 - 2,200",May 2021
N.A.,BALMORAL PARK,10,Non-landed Properties,NA,"4,400",150 - 160,"1,600 - 1,700",May 2021
N.A.,KIM KEAT CLOSE,12,Non-landed Properties,3,"2,700",90 - 100,"1,000 - 1,100",May 2021
N.A.,LORONG 22 GEYLANG,14,Non-landed Properties,NA,"2,800",90 - 100,"900 - 1,000",May 2021
N.A.,KIM KEAT CLOSE,12,Non-landed Properties,3,"2,400",90 - 100,"1,000 - 1,100",May 2021
N.A.,LINCOLN ROAD,11,Non-landed Properties,2,"2,800",80 - 90,800 - 900,May 2021
N.A.,RAMBUTAN ROAD,15,Non-landed Properties,NA,"3,000",80 - 90,"900 - 1,000",May 2021
N.A.,CARLISLE ROAD,08,Non-landed Properties,NA,"1,800",80 - 90,"900 - 1,000",May 2021
N.A.,CARLISLE ROAD,08,Non-landed Properties,NA,"1,800",80 - 90,"900 - 1,000",May 2021
N.A.,HAMILTON ROAD,08,Non-landed Properties,NA,"2,600",130 - 140,"1,400 - 1,500",May 2021
N.A.,UPPER PAYA LEBAR ROAD,19,Non-landed Properties,NA,"2,700",130 - 140,"1,400 - 1,500",May 2021
N.A.,LORONG 16 GEYLANG,14,Non-landed Properties,NA,"2,800",90 - 100,"1,000 - 1,100",May 2021
N.A.,CHANGI ROAD,14,Non-landed Properties,NA,"2,400",90 - 100,"1,000 - 1,100",May 2021
N.A.,LORONG 25A GEYLANG,14,Non-landed Properties,NA,"2,700",90 - 100,"900 - 1,000",May 2021
N.A.,LORONG 25A GEYLANG,14,Non-landed Properties,NA,"2,500",90 - 100,"900 - 1,000",May 2021
N.A.,BEDOK ROAD,16,Non-landed Properties,NA,"2,400",80 - 90,"900 - 1,000",May 2021
N.A.,LORONG 34 GEYLANG,14,Non-landed Properties,NA,"2,350",80 - 90,"900 - 1,000",May 2021
N.A.,MACKENZIE ROAD,09,Non-landed Properties,NA,"2,035",70 - 80,800 - 900,May 2021
N.A.,CLEMENTI ROAD,05,Non-landed Properties,NA,"19,667",130 - 140,"1,400 - 1,500",May 2021
N.A.,SERANGOON ROAD,12,Non-landed Properties,NA,"5,800",140 - 150,"1,500 - 1,600",May 2021
N.A.,JALAN BESAR,08,Non-landed Properties,NA,"2,600",90 - 100,"1,000 - 1,100",May 2021
N.A.,RAMBUTAN ROAD,15,Non-landed Properties,NA,"2,800",80 - 90,"900 - 1,000",May 2021
N.A.,LAVENDER STREET,12,Non-landed Properties,NA,"3,000",200 - 210,"2,100 - 2,200",May 2021
N.A.,CHANGI ROAD,14,Non-landed Properties,NA,"2,300",80 - 90,800 - 900,May 2021
N.A.,LORONG 41 GEYLANG,14,Non-landed Properties,2,"4,890",160 - 170,"1,700 - 1,800",May 2021
N.A.,LIM TUA TOW ROAD,19,Non-landed Properties,NA,"1,050",70 - 80,800 - 900,May 2021
N.A.,RACE COURSE ROAD,08,Non-landed Properties,NA,"3,000",220 - 230,"2,300 - 2,400",May 2021
N.A.,UPPER ALJUNIED ROAD,13,Non-landed Properties,NA,"2,600",70 - 80,800 - 900,May 2021
N.A.,LORONG 32 GEYLANG,14,Non-landed Properties,NA,"3,350",150 - 160,"1,600 - 1,700",May 2021
N.A.,BALESTIER ROAD,12,Non-landed Properties,NA,"3,000",200 - 210,"2,100 - 2,200",May 2021
N.A.,JOO CHIAT ROAD,15,Non-landed Properties,NA,"2,200",100 - 110,"1,100 - 1,200",May 2021
N.A.,LORONG 1 GEYLANG,14,Non-landed Properties,NA,"3,300",80 - 90,800 - 900,May 2021
N.A.,MOHAMED SULTAN ROAD,09,Non-landed Properties,NA,"1,500",90 - 100,"1,000 - 1,100",May 2021
N.A.,JALAN SEMPADAN,15,Non-landed Properties,NA,"2,200",90 - 100,"1,000 - 1,100",May 2021
N.A.,GEYLANG ROAD,14,Non-landed Properties,NA,"2,500",120 - 130,"1,300 - 1,400",May 2021
N.A.,LORONG 4 GEYLANG,14,Non-landed Properties,NA,"2,000",80 - 90,800 - 900,May 2021
N.A.,MACPHERSON ROAD,13,Non-landed Properties,NA,"3,100",70 - 80,800 - 900,May 2021
N.A.,PENHAS ROAD,08,Non-landed Properties,NA,"3,000",100 - 110,"1,100 - 1,200",May 2021
N.A.,MACPHERSON ROAD,13,Non-landed Properties,NA,"2,100",70 - 80,800 - 900,May 2021
N.A.,LORONG 15 GEYLANG,14,Non-landed Properties,NA,"2,400",80 - 90,800 - 900,May 2021
N.A.,LORONG 41 GEYLANG,14,Non-landed Properties,1,"2,050",60 - 70,600 - 700,May 2021
N.A.,TANJONG KATONG ROAD,15,Non-landed Properties,NA,"3,000",70 - 80,800 - 900,May 2021
N.A.,CUFF ROAD,08,Non-landed Properties,NA,"2,900",100 - 110,"1,100 - 1,200",May 2021
N.A.,KOON SENG ROAD,15,Non-landed Properties,NA,"2,700",110 - 120,"1,100 - 1,200",May 2021
N.A.,LINCOLN ROAD,11,Non-landed Properties,2,"3,600",100 - 110,"1,100 - 1,200",May 2021
N.A.,DESKER ROAD,08,Non-landed Properties,NA,"4,000",190 - 200,"2,100 - 2,200",May 2021
N.A.,JOO CHIAT ROAD,15,Non-landed Properties,NA,"4,000",100 - 110,"1,100 - 1,200",May 2021
N.A.,GUILLEMARD ROAD,14,Non-landed Properties,NA,"2,800",80 - 90,"900 - 1,000",May 2021
N.A.,SERAYA LANE,15,Non-landed Properties,NA,"3,500",80 - 90,"900 - 1,000",May 2021
N.A.,BEDOK ROAD,16,Non-landed Properties,NA,"2,400",80 - 90,"900 - 1,000",May 2021
N.A.,LORONG 16 GEYLANG,14,Non-landed Properties,NA,"2,800",100 - 110,"1,100 - 1,200",May 2021
N.A.,BALESTIER ROAD,12,Non-landed Properties,NA,"2,700",150 - 160,"1,600 - 1,700",May 2021
N.A.,UPPER PAYA LEBAR ROAD,19,Non-landed Properties,NA,"2,900",90 - 100,"1,000 - 1,100",May 2021
N.A.,LORONG 19 GEYLANG,14,Non-landed Properties,NA,"1,550",80 - 90,800 - 900,May 2021
N.A.,FLANDERS SQUARE,08,Non-landed Properties,NA,"3,800",90 - 100,"1,000 - 1,100",May 2021
N.A.,JALAN SEMPADAN,15,Non-landed Properties,NA,"2,000",90 - 100,"1,000 - 1,100",May 2021
N.A.,BALESTIER ROAD,12,Non-landed Properties,NA,"2,000",80 - 90,800 - 900,May 2021
N.A.,BALESTIER ROAD,12,Non-landed Properties,NA,"2,000",80 - 90,"900 - 1,000",May 2021
N.A.,JALAN KAYU,28,Non-landed Properties,NA,"3,450",70 - 80,800 - 900,May 2021
N.A.,TANGLIN ROAD,10,Non-landed Properties,NA,"3,800",80 - 90,800 - 900,May 2021
N.A.,KIM KEAT CLOSE,12,Non-landed Properties,3,"2,600",90 - 100,"1,000 - 1,100",May 2021
N.A.,BALESTIER ROAD,12,Non-landed Properties,NA,"3,000",120 - 130,"1,300 - 1,400",May 2021
N.A.,GEYLANG ROAD,14,Non-landed Properties,NA,"2,500",110 - 120,"1,100 - 1,200",May 2021
N.A.,LORONG 12 GEYLANG,14,Non-landed Properties,NA,"2,900",190 - 200,"2,000 - 2,100",May 2021
N.A.,PASIR PANJANG ROAD,05,Non-landed Properties,3,"4,150",110 - 120,"1,200 - 1,300",May 2021
N.A.,GILSTEAD ROAD,11,Non-landed Properties,2,"1,100",90 - 100,"1,000 - 1,100",May 2021
N.A.,RIVER VALLEY ROAD,10,Non-landed Properties,NA,"3,150",120 - 130,"1,300 - 1,400",May 2021
N.A.,JOO CHIAT PLACE,15,Non-landed Properties,NA,"2,850",100 - 110,"1,100 - 1,200",May 2021
N.A.,LORONG 24A GEYLANG,14,Non-landed Properties,NA,"2,300",60 - 70,700 - 800,May 2021
N.A.,HAMILTON ROAD,08,Non-landed Properties,NA,"2,950",130 - 140,"1,400 - 1,500",May 2021
N.A.,LORONG 4 GEYLANG,14,Non-landed Properties,NA,"3,000",100 - 110,"1,100 - 1,200",May 2021
N.A.,GEYLANG ROAD,14,Non-landed Properties,NA,"2,500",100 - 110,"1,100 - 1,200",May 2021
N.A.,LORONG 13 GEYLANG,14,Non-landed Properties,NA,"2,750",80 - 90,"900 - 1,000",May 2021
N.A.,LORONG 16 GEYLANG,14,Non-landed Properties,NA,"3,000",90 - 100,"1,000 - 1,100",Apr 2021
N.A.,BALESTIER ROAD,12,Non-landed Properties,NA,"3,450",130 - 140,"1,300 - 1,400",Apr 2021
N.A.,KIM KEAT ROAD,12,Non-landed Properties,NA,"2,200",120 - 130,"1,300 - 1,400",May 2021
N.A.,TANJONG KATONG ROAD,15,Non-landed Properties,NA,"2,500",70 - 80,800 - 900,May 2021
N.A.,SING JOO WALK,08,Non-landed Properties,NA,"2,200",90 - 100,"1,000 - 1,100",Apr 2021
N.A.,RACE COURSE ROAD,08,Non-landed Properties,NA,"1,700",20 - 30,200 - 300,May 2021
N.A.,EAST COAST ROAD,15,Non-landed Properties,NA,"10,800",150 - 160,"1,600 - 1,700",May 2021
N.A.,RAMBUTAN ROAD,15,Non-landed Properties,NA,"1,900",90 - 100,"1,000 - 1,100",Apr 2021
N.A.,BENCOOLEN STREET,07,Non-landed Properties,2,"2,000",60 - 70,700 - 800,Apr 2021
N.A.,EDEN GROVE,19,Non-landed Properties,2,"2,900",120 - 130,"1,300 - 1,400",May 2021
N.A.,LORONG 11 GEYLANG,14,Non-landed Properties,NA,"2,600",100 - 110,"1,000 - 1,100",May 2021
N.A.,LORONG 17 GEYLANG,14,Non-landed Properties,NA,"2,800",80 - 90,"900 - 1,000",May 2021
N.A.,SURREY ROAD,11,Non-landed Properties,NA,"3,300",110 - 120,"1,200 - 1,300",May 2021
N.A.,LORONG 25A GEYLANG,14,Non-landed Properties,NA,"2,600",110 - 120,"1,200 - 1,300",May 2021
N.A.,TANJONG KATONG ROAD,15,Non-landed Properties,NA,"2,500",130 - 140,"1,400 - 1,500",Apr 2021
N.A.,BALESTIER ROAD,12,Non-landed Properties,NA,"2,800",70 - 80,800 - 900,May 2021
N.A.,CAMBRIDGE ROAD,08,Non-landed Properties,NA,"3,500",100 - 110,"1,100 - 1,200",Apr 2021
N.A.,HOLLAND ROAD,10,Non-landed Properties,3,"4,200",180 - 190,"1,900 - 2,000",Mar 2021
N.A.,SOPHIA ROAD,09,Non-landed Properties,3,"3,000",140 - 150,"1,500 - 1,600",May 2021
N.A.,LORONG 22 GEYLANG,14,Non-landed Properties,NA,"2,500",110 - 120,"1,200 - 1,300",May 2021
N.A.,BALMORAL ROAD,10,Non-landed Properties,3,"6,500",170 - 180,"1,800 - 1,900",May 2021
N.A.,STARLIGHT ROAD,08,Non-landed Properties,NA,"3,000",60 - 70,700 - 800,May 2021
N.A.,LORONG 16 GEYLANG,14,Non-landed Properties,NA,"2,800",190 - 200,"2,000 - 2,100",May 2021
N.A.,LORONG 16 GEYLANG,14,Non-landed Properties,NA,"2,800",90 - 100,"1,000 - 1,100",May 2021
N.A.,EAST COAST ROAD,15,Non-landed Properties,NA,"2,300",100 - 110,"1,100 - 1,200",Apr 2021
N.A.,LORONG 15 GEYLANG,14,Non-landed Properties,NA,"2,500",110 - 120,"1,100 - 1,200",May 2021
N.A.,STILL ROAD,15,Non-landed Properties,NA,"3,400",90 - 100,"1,000 - 1,100",May 2021
N.A.,UPPER THOMSON ROAD,26,Non-landed Properties,NA,"2,500",180 - 190,"1,900 - 2,000",Apr 2021
N.A.,RANGOON ROAD,08,Non-landed Properties,NA,"2,700",70 - 80,700 - 800,May 2021
N.A.,SING JOO WALK,08,Non-landed Properties,NA,"2,600",70 - 80,800 - 900,May 2021
N.A.,LORONG 15 GEYLANG,14,Non-landed Properties,NA,"15,000",100 - 110,"1,100 - 1,200",May 2021
N.A.,KIM KEAT LANE,12,Non-landed Properties,3,"2,600",90 - 100,"1,000 - 1,100",May 2021
N.A.,MATTAR ROAD,14,Non-landed Properties,NA,"1,900",100 - 110,"1,100 - 1,200",May 2021
N.A.,MOHAMED SULTAN ROAD,09,Non-landed Properties,NA,"2,275",40 - 50,500 - 600,Apr 2021
N.A.,MOHAMED SULTAN ROAD,09,Non-landed Properties,NA,"2,500",50 - 60,500 - 600,Apr 2021
N.A.,CRANE ROAD,15,Non-landed Properties,NA,"3,000",80 - 90,"900 - 1,000",May 2021
N.A.,GEYLANG ROAD,14,Non-landed Properties,NA,"2,700",110 - 120,"1,200 - 1,300",May 2021
N.A.,LORONG 41 GEYLANG,14,Non-landed Properties,3,"6,440",230 - 240,"2,400 - 2,500",Apr 2021
N.A.,MOHAMED SULTAN ROAD,09,Non-landed Properties,NA,"2,400",50 - 60,500 - 600,May 2021
N.A.,RANGOON ROAD,08,Non-landed Properties,NA,"2,250",70 - 80,700 - 800,May 2021
N.A.,TANJONG KATONG ROAD,15,Non-landed Properties,NA,"3,000",100 - 110,"1,100 - 1,200",May 2021
N.A.,CHANGI ROAD,14,Non-landed Properties,NA,"2,350",100 - 110,"1,000 - 1,100",May 2021
N.A.,EAST COAST ROAD,15,Non-landed Properties,NA,"2,500",50 - 60,500 - 600,May 2021
N.A.,HOLLAND ROAD,10,Non-landed Properties,3,"3,600",160 - 170,"1,700 - 1,800",May 2021
N.A.,TELOK KURAU ROAD,15,Non-landed Properties,NA,"1,900",80 - 90,"900 - 1,000",May 2021
N.A.,LORONG 8 GEYLANG,14,Non-landed Properties,NA,"2,500",110 - 120,"1,100 - 1,200",May 2021
N.A.,CHANGI ROAD,14,Non-landed Properties,NA,"2,100",90 - 100,"900 - 1,000",May 2021
N.A.,THOMSON ROAD,11,Non-landed Properties,NA,"2,500",80 - 90,800 - 900,May 2021
N.A.,SHREWSBURY ROAD,11,Non-landed Properties,NA,"2,300",80 - 90,800 - 900,May 2021
N.A.,GILSTEAD ROAD,11,Non-landed Properties,2,"1,100",90 - 100,"1,000 - 1,100",May 2021
N.A.,JALAN SUKA,14,Non-landed Properties,NA,"2,700",80 - 90,"900 - 1,000",May 2021
N.A.,SING JOO WALK,08,Non-landed Properties,NA,"2,900",60 - 70,700 - 800,May 2021
N.A.,SHREWSBURY ROAD,11,Non-landed Properties,NA,"2,500",80 - 90,800 - 900,Apr 2021
N.A.,SHREWSBURY ROAD,11,Non-landed Properties,NA,"2,700",80 - 90,800 - 900,May 2021
N.A.,JOO CHIAT PLACE,15,Non-landed Properties,NA,"2,800",90 - 100,"900 - 1,000",Apr 2021
N.A.,SIMS AVENUE,14,Non-landed Properties,NA,"1,550",40 - 50,500 - 600,May 2021
N.A.,KIM KEAT LANE,12,Non-landed Properties,3,"2,200",90 - 100,"900 - 1,000",May 2021
N.A.,MACPHERSON ROAD,13,Non-landed Properties,NA,"2,700",70 - 80,800 - 900,May 2021
N.A.,MACPHERSON ROAD,13,Non-landed Properties,NA,"2,400",70 - 80,800 - 900,May 2021
N.A.,SIMS AVENUE,14,Non-landed Properties,NA,"4,500",170 - 180,"1,800 - 1,900",May 2021
N.A.,KIM KEAT LANE,12,Non-landed Properties,3,"2,950",80 - 90,"900 - 1,000",May 2021
N.A.,JALAN JURONG KECHIL,21,Non-landed Properties,NA,"2,100",120 - 130,"1,300 - 1,400",May 2021
N.A.,EAST COAST ROAD,15,Non-landed Properties,NA,"2,800",140 - 150,"1,500 - 1,600",May 2021
N.A.,DRAYCOTT DRIVE,10,Non-landed Properties,3,"5,000",130 - 140,"1,400 - 1,500",May 2021
N.A.,MACPHERSON ROAD,13,Non-landed Properties,NA,"3,000",90 - 100,"900 - 1,000",May 2021
N.A.,TECK LIM ROAD,02,Terrace House,NA,"6,800",90 - 100,"1,000 - 1,100",Jun 2021
N.A.,KIM YAM ROAD,09,Terrace House,NA,"11,000",270 - 280,"2,900 - 3,000",Jun 2021
N.A.,JALAN REMAJA,23,Semi-Detached House,NA,"12,000",170 - 180,"1,900 - 2,000",Jun 2021
N.A.,NEIL ROAD,02,Terrace House,NA,"5,000",310 - 320,"3,300 - 3,400",Jun 2021
N.A.,KIM YAM ROAD,09,Terrace House,NA,"7,500",310 - 320,"3,300 - 3,400",Jun 2021
N.A.,WOODGROVE AVENUE,25,Detached House,NA,"9,000",500 - 510,"5,400 - 5,500",Jun 2021
N.A.,JALAN AMPANG,10,Detached House,NA,"8,000",530 - 540,"5,700 - 5,800",Jun 2021
N.A.,JOO CHIAT PLACE,15,Terrace House,NA,"6,500",100 - 110,"1,100 - 1,200",Jun 2021
N.A.,ONAN ROAD,15,Terrace House,NA,"3,500",170 - 180,"1,800 - 1,900",Jun 2021
N.A.,BOURNEMOUTH ROAD,15,Semi-Detached House,NA,"6,970",230 - 240,"2,400 - 2,500",Jun 2021
N.A.,JALAN SENYUM,14,Detached House,NA,"6,100",370 - 380,"3,900 - 4,000",Jun 2021
N.A.,DUNSFOLD DRIVE,13,Detached House,NA,"11,800",450 - 460,"4,900 - 5,000",Jun 2021
N.A.,KOVAN CLOSE,19,Terrace House,NA,"5,750",200 - 210,"2,100 - 2,200",Jun 2021
N.A.,CARMICHAEL ROAD,13,Detached House,NA,"6,850",520 - 530,"5,600 - 5,700",Jun 2021
N.A.,FIDELIO STREET,15,Detached House,NA,"9,200",620 - 630,"6,700 - 6,800",Jun 2021
N.A.,SELETAR GREEN VIEW,28,Terrace House,NA,"4,500",150 - 160,"1,600 - 1,700",Jun 2021
N.A.,MARSHALL ROAD,15,Terrace House,NA,"5,200",80 - 90,800 - 900,Jun 2021
N.A.,BENG WAN ROAD,12,Detached House,NA,"2,800",370 - 380,"3,900 - 4,000",Jun 2021
N.A.,CHATSWORTH ROAD,10,Detached House,NA,"22,000","1,840 - 1,850","19,800 - 19,900",Jun 2021
N.A.,COTSWOLD CLOSE,13,Detached House,NA,"12,000",590 - 600,"6,300 - 6,400",Jun 2021
N.A.,JALAN MERBOK,21,Semi-Detached House,NA,"6,000",220 - 230,"2,300 - 2,400",Jun 2021
N.A.,CHU YEN STREET,23,Semi-Detached House,NA,"6,000",480 - 490,"5,200 - 5,300",Jun 2021
N.A.,BRANKSOME ROAD,15,Semi-Detached House,NA,"13,000",460 - 470,"4,900 - 5,000",Jun 2021
N.A.,JALAN AMPANG,10,Semi-Detached House,NA,"6,800",300 - 310,"3,200 - 3,300",Jun 2021
N.A.,JOO CHIAT PLACE,15,Terrace House,NA,"5,200",160 - 170,"1,700 - 1,800",Jun 2021
N.A.,CORONATION DRIVE,10,Semi-Detached House,NA,"9,500",440 - 450,"4,700 - 4,800",Jun 2021
N.A.,JALAN BINCHANG,20,Semi-Detached House,NA,"8,800",270 - 280,"2,900 - 3,000",Jun 2021
N.A.,WOODGROVE AVENUE,25,Detached House,NA,"13,000",600 - 610,"6,400 - 6,500",Jun 2021
N.A.,MEYER ROAD,15,Detached House,NA,"12,000",630 - 640,"6,800 - 6,900",Jun 2021
N.A.,GREENLEAF VIEW,10,Detached House,NA,"11,600",440 - 450,"4,700 - 4,800",Jun 2021
N.A.,JALAN LIM TAI SEE,10,Terrace House,NA,"4,500",270 - 280,"2,900 - 3,000",Jun 2021
N.A.,EVERITT ROAD,15,Terrace House,NA,"2,500",160 - 170,"1,700 - 1,800",Jun 2021
N.A.,CAMBRIDGE ROAD,08,Terrace House,NA,"9,600",140 - 150,"1,500 - 1,600",Jun 2021
N.A.,JALAN ARNAP,10,Semi-Detached House,NA,"7,500",310 - 320,"3,300 - 3,400",Jun 2021
N.A.,CHESTNUT DRIVE,23,Detached House,NA,"10,000",660 - 670,"7,100 - 7,200",Jun 2021
N.A.,JALAN HAJI ALIAS,10,Terrace House,NA,"5,700",260 - 270,"2,800 - 2,900",Jun 2021
N.A.,JALAN SAMPURNA,10,Detached House,NA,"16,800",860 - 870,"9,300 - 9,400",Jun 2021
N.A.,BARKER ROAD,11,Detached House,NA,"13,000",580 - 590,"6,300 - 6,400",Jun 2021
N.A.,SUNDRIDGE PARK ROAD,13,Detached House,NA,"12,500",500 - 510,"5,400 - 5,500",Jun 2021
N.A.,LORONG STANGEE,15,Terrace House,NA,"3,500",200 - 210,"2,200 - 2,300",Jun 2021
N.A.,CHANCERY LANE,11,Semi-Detached House,NA,"15,000",240 - 250,"2,600 - 2,700",Jun 2021
N.A.,HOLLAND ROAD,10,Detached House,NA,"38,800","2,050 - 2,060","22,100 - 22,200",Jun 2021
N.A.,JALAN ARNAP,10,Semi-Detached House,NA,"13,000",240 - 250,"2,600 - 2,700",Jun 2021
N.A.,ENG NEO AVENUE,11,Detached House,NA,"17,500","1,330 - 1,340","14,300 - 14,400",Jun 2021
N.A.,COTSWOLD CLOSE,13,Detached House,NA,"7,800",410 - 420,"4,400 - 4,500",Jun 2021
N.A.,PRINCE OF WALES ROAD,10,Semi-Detached House,NA,"8,000",290 - 300,"3,100 - 3,200",Jun 2021
N.A.,DUNBAR WALK,15,Detached House,NA,"9,000",420 - 430,"4,500 - 4,600",Jun 2021
N.A.,PALM GROVE AVENUE,19,Semi-Detached House,NA,"5,500",380 - 390,"4,100 - 4,200",Jun 2021
N.A.,CHESTNUT LANE,23,Terrace House,NA,"4,000",150 - 160,"1,600 - 1,700",Jun 2021
N.A.,JALAN NOVENA SELATAN,11,Terrace House,NA,"4,800",160 - 170,"1,700 - 1,800",Jun 2021
N.A.,PASIR PANJANG ROAD,05,Semi-Detached House,NA,"5,600",290 - 300,"3,200 - 3,300",Jun 2021
N.A.,SHELFORD ROAD,11,Detached House,NA,"9,500",470 - 480,"5,100 - 5,200",Jun 2021
N.A.,WILKINSON ROAD,15,Semi-Detached House,NA,"7,500",300 - 310,"3,300 - 3,400",Jun 2021
N.A.,WILKINSON ROAD,15,Semi-Detached House,NA,"9,900",310 - 320,"3,300 - 3,400",Jun 2021
N.A.,KOON SENG ROAD,15,Terrace House,NA,"6,900",190 - 200,"2,000 - 2,100",Jun 2021
N.A.,THRIFT DRIVE,19,Terrace House,NA,"3,300",150 - 160,"1,600 - 1,700",Jun 2021
N.A.,PINEWOOD GROVE,25,Detached House,NA,"13,800",600 - 610,"6,400 - 6,500",Jun 2021
N.A.,EWART PARK,10,Detached House,NA,"93,000","3,110 - 3,120","33,500 - 33,600",Jun 2021
N.A.,SENNETT ROAD,16,Semi-Detached House,NA,"3,900",260 - 270,"2,800 - 2,900",Jun 2021
N.A.,JALAN ISHAK,14,Semi-Detached House,NA,"3,800",310 - 320,"3,400 - 3,500",Jun 2021
N.A.,KEW LANE,16,Terrace House,NA,"5,300",240 - 250,"2,600 - 2,700",Jun 2021
N.A.,BRIGHTON AVENUE,19,Semi-Detached House,NA,"6,500",250 - 260,"2,700 - 2,800",Jun 2021
N.A.,JALAN TANJONG,16,Terrace House,NA,"7,000",310 - 320,"3,300 - 3,400",Jun 2021
N.A.,BELMONT ROAD,10,Detached House,NA,"18,000",460 - 470,"5,000 - 5,100",Jun 2021
N.A.,JALAN BINCHANG,20,Semi-Detached House,NA,"9,800",270 - 280,"2,900 - 3,000",Jun 2021
N.A.,HUA GUAN AVENUE,21,Semi-Detached House,NA,"9,400",220 - 230,"2,300 - 2,400",Jun 2021
N.A.,EVERITT ROAD,15,Terrace House,NA,"5,800",160 - 170,"1,700 - 1,800",Jun 2021
N.A.,PENNEFATHER ROAD,15,Terrace House,NA,"3,000",230 - 240,"2,400 - 2,500",Jun 2021
N.A.,WAREHAM ROAD,15,Detached House,NA,"9,000",550 - 560,"5,900 - 6,000",Jun 2021
N.A.,STURDEE ROAD,08,Terrace House,NA,"4,500",150 - 160,"1,600 - 1,700",Jun 2021
N.A.,CLUNY PARK,10,Detached House,NA,"33,000","1,670 - 1,680","18,000 - 18,100",Jun 2021
N.A.,FERNHILL CRESCENT,10,Detached House,NA,"21,800",430 - 440,"4,600 - 4,700",Jun 2021
N.A.,BUKIT TIMAH ROAD,10,Terrace House,NA,"6,700",270 - 280,"3,000 - 3,100",Jun 2021
N.A.,LIM TAI SEE WALK,10,Semi-Detached House,NA,"7,200",340 - 350,"3,700 - 3,800",Jun 2021
N.A.,GALLOP ROAD,10,Detached House,NA,"35,000","2,430 - 2,440","26,200 - 26,300",Jun 2021
N.A.,JALAN JELITA,10,Semi-Detached House,NA,"8,650",320 - 330,"3,500 - 3,600",Jun 2021
N.A.,PASIR PANJANG HILL,05,Detached House,NA,"7,100",340 - 350,"3,600 - 3,700",Jun 2021
N.A.,CORONATION ROAD WEST,10,Detached House,NA,"23,000",490 - 500,"5,300 - 5,400",Jun 2021
N.A.,FERNHILL CRESCENT,10,Semi-Detached House,NA,"18,000",570 - 580,"6,200 - 6,300",Jun 2021
N.A.,LUCKY CRESCENT,16,Semi-Detached House,NA,"8,250",300 - 310,"3,200 - 3,300",Jun 2021
N.A.,SIGLAP ROAD,15,Detached House,NA,"9,500",410 - 420,"4,500 - 4,600",Jun 2021
N.A.,BEDOK AVENUE,16,Semi-Detached House,NA,"3,900",190 - 200,"2,000 - 2,100",Jun 2021
N.A.,JAMBOL WALK,05,Terrace House,NA,"6,500",310 - 320,"3,400 - 3,500",Jun 2021
N.A.,PALM AVENUE,15,Semi-Detached House,NA,"6,500",360 - 370,"3,900 - 4,000",Jun 2021
N.A.,JALAN GREJA,16,Semi-Detached House,NA,"5,500",250 - 260,"2,700 - 2,800",Jun 2021
N.A.,CHEMPAKA AVENUE,13,Semi-Detached House,NA,"7,500",260 - 270,"2,800 - 2,900",Jun 2021
N.A.,EAST COAST AVENUE,15,Terrace House,NA,"5,300",320 - 330,"3,500 - 3,600",Jun 2021
N.A.,JALAN KAMPONG CHANTEK,21,Detached House,NA,"26,000","1,500 - 1,510","16,100 - 16,200",Jun 2021
N.A.,NIVEN ROAD,09,Terrace House,NA,"5,000",120 - 130,"1,300 - 1,400",Jun 2021
N.A.,JALAN PERGAM,16,Semi-Detached House,NA,"6,500",270 - 280,"2,900 - 3,000",Jun 2021
N.A.,GLADIOLA DRIVE,20,Semi-Detached House,NA,"5,900",220 - 230,"2,300 - 2,400",Jun 2021
N.A.,TAN KIM CHENG ROAD,10,Detached House,NA,"11,500",440 - 450,"4,700 - 4,800",Jun 2021
N.A.,HARLYN ROAD,11,Detached House,NA,"13,200",450 - 460,"4,900 - 5,000",Jun 2021
N.A.,BOURNEMOUTH ROAD,15,Semi-Detached House,NA,"7,000",260 - 270,"2,800 - 2,900",Jun 2021
N.A.,FIRST AVENUE,10,Detached House,NA,"11,500",260 - 270,"2,800 - 2,900",Jun 2021
N.A.,MERAGI ROAD,16,Semi-Detached House,NA,"5,500",390 - 400,"4,200 - 4,300",Jun 2021
N.A.,MAKEPEACE ROAD,09,Terrace House,NA,"11,100",170 - 180,"1,800 - 1,900",Jun 2021
N.A.,CABLE ROAD,10,Detached House,NA,"36,000",750 - 760,"8,000 - 8,100",Jun 2021
N.A.,WOODGROVE AVENUE,25,Detached House,NA,"11,500",600 - 610,"6,400 - 6,500",Jun 2021
N.A.,JALAN TARI ZAPIN,28,Terrace House,NA,"2,300",120 - 130,"1,300 - 1,400",Jun 2021
N.A.,BERRIMA ROAD,11,Detached House,NA,"22,000",410 - 420,"4,400 - 4,500",Jun 2021
N.A.,KUO CHUAN AVENUE,15,Semi-Detached House,NA,"3,969",120 - 130,"1,200 - 1,300",Jun 2021
N.A.,JALAN TUPAI,10,Semi-Detached House,NA,"12,800",390 - 400,"4,200 - 4,300",Jun 2021
N.A.,LORONG J TELOK KURAU,15,Terrace House,NA,"3,200",210 - 220,"2,300 - 2,400",Jun 2021
N.A.,JALAN NAGA SARI,11,Semi-Detached House,NA,"9,000",310 - 320,"3,400 - 3,500",Jun 2021
N.A.,JALAN MANIS,12,Terrace House,NA,"4,200",150 - 160,"1,600 - 1,700",Jun 2021
N.A.,JALAN TUPAI,10,Semi-Detached House,NA,"12,800",300 - 310,"3,200 - 3,300",Jun 2021
N.A.,CORONATION ROAD WEST,10,Detached House,NA,"14,800",620 - 630,"6,700 - 6,800",Jun 2021
N.A.,KUO CHUAN AVENUE,15,Semi-Detached House,NA,"3,502",120 - 130,"1,200 - 1,300",Jun 2021
N.A.,JALAN MAT JAMBOL,05,Terrace House,NA,"2,300",150 - 160,"1,600 - 1,700",Jun 2021
N.A.,FOWLIE ROAD,15,Semi-Detached House,NA,"6,800",260 - 270,"2,800 - 2,900",Jun 2021
N.A.,BOURNEMOUTH ROAD,15,Semi-Detached House,NA,"7,200",290 - 300,"3,100 - 3,200",Jun 2021
N.A.,AVON ROAD,15,Detached House,NA,"9,500",410 - 420,"4,400 - 4,500",Jun 2021
N.A.,ALLAMANDA GROVE,10,Detached House,NA,"13,500",430 - 440,"4,600 - 4,700",Jun 2021
N.A.,MERAGI ROAD,16,Semi-Detached House,NA,"4,800",410 - 420,"4,400 - 4,500",Jun 2021
N.A.,MARYLAND DRIVE,10,Detached House,NA,"13,000",960 - 970,"10,400 - 10,500",Jun 2021
N.A.,HOW SUN ROAD,19,Terrace House,NA,"2,200",110 - 120,"1,200 - 1,300",Jun 2021
N.A.,LA SALLE STREET,15,Detached House,NA,"17,300",530 - 540,"5,700 - 5,800",Jun 2021
N.A.,HUA GUAN AVENUE,21,Detached House,NA,"8,000",390 - 400,"4,200 - 4,300",Jun 2021
N.A.,RICHARDS PLACE,19,Semi-Detached House,NA,"7,500",370 - 380,"3,900 - 4,000",Jun 2021
N.A.,CHATSWORTH ROAD,10,Detached House,NA,"13,800",870 - 880,"9,400 - 9,500",Jun 2021
N.A.,CHIKU ROAD,15,Terrace House,NA,"2,650",60 - 70,600 - 700,Jun 2021
N.A.,ANDREW ROAD,11,Detached House,NA,"15,000",460 - 470,"4,900 - 5,000",Jun 2021
N.A.,LORONG L TELOK KURAU,15,Terrace House,NA,"5,500",160 - 170,"1,700 - 1,800",Jun 2021
N.A.,CORONATION ROAD WEST,10,Semi-Detached House,NA,"8,000",210 - 220,"2,200 - 2,300",Jun 2021
N.A.,JALAN REMAJA,23,Semi-Detached House,NA,"3,000",170 - 180,"1,800 - 1,900",Jun 2021
N.A.,PALM DRIVE,15,Terrace House,NA,"3,300",180 - 190,"1,900 - 2,000",Jun 2021
N.A.,JALAN MAT JAMBOL,05,Terrace House,NA,"2,300",150 - 160,"1,600 - 1,700",Jun 2021
N.A.,YUNNAN ROAD,22,Terrace House,NA,"4,500",230 - 240,"2,500 - 2,600",Jun 2021
N.A.,JALAN TECK KEE,19,Terrace House,NA,"4,400",140 - 150,"1,600 - 1,700",Jun 2021
N.A.,QUEEN'S ROAD,10,Semi-Detached House,NA,"10,900",330 - 340,"3,500 - 3,600",Jun 2021
N.A.,JALAN TEMBUSU,15,Terrace House,NA,"3,700",180 - 190,"1,900 - 2,000",Jun 2021
N.A.,GARLICK AVENUE,10,Semi-Detached House,NA,"8,500",200 - 210,"2,100 - 2,200",Jun 2021
N.A.,ROBIN CLOSE,10,Detached House,NA,"12,000",510 - 520,"5,500 - 5,600",Jun 2021
N.A.,MAYFIELD AVENUE,15,Semi-Detached House,NA,"6,500",300 - 310,"3,200 - 3,300",Jun 2021
N.A.,LORONG TANGGAM,28,Semi-Detached House,NA,"4,100",350 - 360,"3,800 - 3,900",Jun 2021
N.A.,SPRINGSIDE AVENUE,26,Terrace House,NA,"4,000",150 - 160,"1,700 - 1,800",Jun 2021
N.A.,GREENWOOD TERRACE,11,Terrace House,NA,"6,000",150 - 160,"1,700 - 1,800",Jun 2021
N.A.,NIVEN ROAD,09,Terrace House,NA,"4,400",120 - 130,"1,300 - 1,400",Jun 2021
N.A.,JALAN GUMILANG,23,Terrace House,NA,"2,750",200 - 210,"2,100 - 2,200",Jun 2021
N.A.,CLUNY ROAD,10,Detached House,NA,"36,500","1,500 - 1,510","16,100 - 16,200",Jun 2021
N.A.,JALAN LATEH,13,Semi-Detached House,NA,"12,000",500 - 510,"5,400 - 5,500",Jun 2021
N.A.,TAVISTOCK AVENUE,19,Detached House,NA,"8,000",560 - 570,"6,000 - 6,100",Jun 2021
N.A.,SERANGOON ROAD,12,Terrace House,NA,"3,600",110 - 120,"1,200 - 1,300",Jun 2021
N.A.,JOO CHIAT TERRACE,15,Terrace House,NA,"2,300",90 - 100,"1,000 - 1,100",Jun 2021
N.A.,WOOLLERTON PARK,10,Detached House,NA,"15,500","1,340 - 1,350","14,400 - 14,500",Jun 2021
N.A.,JALAN KEBAYA,10,Semi-Detached House,NA,"7,000",370 - 380,"4,000 - 4,100",Jun 2021
N.A.,SENNETT TERRACE,16,Semi-Detached House,NA,"5,700",280 - 290,"3,000 - 3,100",May 2021
N.A.,WESTRIDGE WALK,05,Semi-Detached House,NA,"5,000",200 - 210,"2,200 - 2,300",Jun 2021
N.A.,DIX ROAD,19,Semi-Detached House,NA,"7,800",310 - 320,"3,300 - 3,400",Jun 2021
N.A.,COVE DRIVE,04,Detached House,NA,"34,300",810 - 820,"8,800 - 8,900",May 2021
N.A.,UPPER EAST COAST ROAD,16,Terrace House,NA,"4,200",350 - 360,"3,800 - 3,900",Jun 2021
N.A.,LORONG SIGLAP,15,Semi-Detached House,NA,"3,500",180 - 190,"1,900 - 2,000",Jun 2021
N.A.,JALAN KURNIA,19,Terrace House,NA,"4,500",220 - 230,"2,400 - 2,500",Jun 2021
N.A.,BARKER ROAD,11,Terrace House,NA,"7,500",180 - 190,"1,900 - 2,000",Jun 2021
N.A.,SIAN TUAN AVENUE,21,Detached House,NA,"11,000",430 - 440,"4,700 - 4,800",Jun 2021
N.A.,WOODGROVE AVENUE,25,Detached House,NA,"9,000",480 - 490,"5,100 - 5,200",Jun 2021
N.A.,EAN KIAM PLACE,15,Terrace House,NA,"2,500",70 - 80,800 - 900,May 2021
N.A.,JALAN KAKATUA,21,Semi-Detached House,NA,"6,500",210 - 220,"2,300 - 2,400",Jun 2021
N.A.,THIAM SIEW AVENUE,15,Semi-Detached House,NA,"11,150",280 - 290,"3,000 - 3,100",Jun 2021
N.A.,PASIR PANJANG ROAD,05,Terrace House,NA,"3,500",140 - 150,"1,500 - 1,600",Jun 2021
N.A.,KUO CHUAN AVENUE,15,Semi-Detached House,NA,"3,408",120 - 130,"1,200 - 1,300",May 2021
N.A.,DUCHESS AVENUE,10,Semi-Detached House,NA,"13,380",340 - 350,"3,700 - 3,800",May 2021
N.A.,MING TECK PARK,10,Semi-Detached House,NA,"16,000",310 - 320,"3,300 - 3,400",May 2021
N.A.,RECREATION LANE,19,Terrace House,NA,"3,700",170 - 180,"1,900 - 2,000",Apr 2021
N.A.,WHITLEY ROAD,11,Semi-Detached House,NA,"7,700",380 - 390,"4,100 - 4,200",Jun 2021
N.A.,PONGGOL SEVENTEENTH AVENUE,19,Detached House,NA,"5,609",250 - 260,"2,700 - 2,800",May 2021
N.A.,JALAN NAGA SARI,11,Semi-Detached House,NA,"10,200",330 - 340,"3,500 - 3,600",Jun 2021
N.A.,LORONG KISMIS,21,Semi-Detached House,NA,"5,000",400 - 410,"4,300 - 4,400",Jun 2021
N.A.,KOVAN ROAD,19,Terrace House,NA,"3,000",210 - 220,"2,200 - 2,300",May 2021
N.A.,JOO CHIAT PLACE,15,Terrace House,NA,"4,850",220 - 230,"2,400 - 2,500",Jun 2021
N.A.,JOO CHIAT PLACE,15,Terrace House,NA,"7,400",140 - 150,"1,500 - 1,600",Jun 2021
N.A.,DYSON ROAD,11,Semi-Detached House,NA,"6,300",460 - 470,"5,000 - 5,100",Jun 2021
N.A.,LORONG 36 GEYLANG,14,Terrace House,NA,"2,500",130 - 140,"1,400 - 1,500",Jun 2021
N.A.,KIM KEAT LANE,12,Terrace House,NA,"3,800",270 - 280,"2,900 - 3,000",Apr 2021
N.A.,JALAN NOVENA SELATAN,11,Terrace House,NA,"5,500",160 - 170,"1,700 - 1,800",Jun 2021
N.A.,MEYER ROAD,15,Semi-Detached House,NA,"8,000",380 - 390,"4,100 - 4,200",Jun 2021
N.A.,AVA ROAD,12,Terrace House,NA,"4,400",150 - 160,"1,600 - 1,700",Jun 2021
N.A.,CORONATION DRIVE,10,Semi-Detached House,NA,"8,000",350 - 360,"3,700 - 3,800",Jun 2021
N.A.,EAST COAST PARK FOURTH STREET,15,Semi-Detached House,NA,"8,800",350 - 360,"3,800 - 3,900",Jun 2021
N.A.,THONG SOON GREEN,26,Terrace House,NA,"4,600",180 - 190,"1,900 - 2,000",Jun 2021
N.A.,JALAN KEMBANGAN,14,Semi-Detached House,NA,"4,000",300 - 310,"3,200 - 3,300",Jun 2021
N.A.,CORONATION ROAD WEST,10,Semi-Detached House,NA,"8,500",290 - 300,"3,100 - 3,200",Jun 2021
N.A.,HOW SUN ROAD,19,Terrace House,NA,"3,800",110 - 120,"1,200 - 1,300",Jun 2021
N.A.,SWISS CLUB ROAD,11,Detached House,NA,"20,000","1,640 - 1,650","17,700 - 17,800",Jun 2021
N.A.,CORONATION ROAD WEST,10,Semi-Detached House,NA,"9,350",270 - 280,"2,900 - 3,000",Apr 2021
N.A.,GLASGOW ROAD,19,Semi-Detached House,NA,"5,300",250 - 260,"2,700 - 2,800",Jun 2021
N.A.,CORONATION ROAD WEST,10,Semi-Detached House,NA,"13,500",430 - 440,"4,700 - 4,800",May 2021
N.A.,CHU YEN STREET,23,Detached House,NA,"7,000",570 - 580,"6,200 - 6,300",Jun 2021
N.A.,LORONG M TELOK KURAU,15,Detached House,NA,"3,000",260 - 270,"2,800 - 2,900",May 2021
N.A.,EAN KIAM PLACE,15,Terrace House,NA,"3,080",70 - 80,800 - 900,Jun 2021
N.A.,GENTLE ROAD,11,Semi-Detached House,NA,"8,200",210 - 220,"2,200 - 2,300",May 2021
N.A.,PASIR PANJANG ROAD,05,Terrace House,NA,"2,500",150 - 160,"1,600 - 1,700",Jun 2021
N.A.,GUILLEMARD ROAD,14,Terrace House,NA,"3,500",150 - 160,"1,700 - 1,800",Apr 2021
N.A.,TEMBELING ROAD,15,Terrace House,NA,"3,000",250 - 260,"2,700 - 2,800",Jun 2021
N.A.,TANGLIN ROAD,10,Detached House,NA,"18,040","1,290 - 1,300","13,800 - 13,900",Jun 2021
N.A.,THIAM SIEW AVENUE,15,Semi-Detached House,NA,"9,610",850 - 860,"9,200 - 9,300",Jun 2021
N.A.,EMERALD HILL ROAD,09,Terrace House,NA,"12,000",260 - 270,"2,800 - 2,900",Jun 2021
N.A.,NIVEN ROAD,09,Terrace House,NA,"5,500",70 - 80,700 - 800,Jun 2021
N.A.,QUEEN ASTRID PARK,10,Detached House,NA,"48,000","2,340 - 2,350","25,200 - 25,300",May 2021
N.A.,NEO PEE TECK LANE,05,Terrace House,NA,"5,200",250 - 260,"2,700 - 2,800",Jun 2021
N.A.,JALAN HOCK CHYE,19,Semi-Detached House,NA,"3,600",200 - 210,"2,200 - 2,300",Jun 2021
N.A.,SELETAR GREEN VIEW,28,Terrace House,NA,"5,700",150 - 160,"1,600 - 1,700",Jun 2021
N.A.,ROSYTH ROAD,19,Terrace House,NA,"5,000",160 - 170,"1,700 - 1,800",Jun 2021
N.A.,LORONG M TELOK KURAU,15,Detached House,NA,"3,300",150 - 160,"1,600 - 1,700",Jun 2021
N.A.,MENG SUAN ROAD,26,Terrace House,NA,"6,288",180 - 190,"1,900 - 2,000",Jun 2021
N.A.,JALAN MELATI,13,Semi-Detached House,NA,"5,400",290 - 300,"3,100 - 3,200",Jun 2021
N.A.,JALAN LIM TAI SEE,10,Terrace House,NA,"5,300",220 - 230,"2,300 - 2,400",Jun 2021
N.A.,SIMON WALK,19,Terrace House,NA,"3,000",150 - 160,"1,600 - 1,700",Jun 2021
N.A.,GILSTEAD ROAD,11,Detached House,NA,"17,000",290 - 300,"3,100 - 3,200",Jun 2021
N.A.,FERNHILL ROAD,10,Terrace House,NA,"8,100",160 - 170,"1,700 - 1,800",Jun 2021
N.A.,JALAN LIM TAI SEE,10,Terrace House,NA,"5,300",220 - 230,"2,300 - 2,400",Jun 2021
N.A.,FERNHILL ROAD,10,Semi-Detached House,NA,"7,500",280 - 290,"3,100 - 3,200",Jun 2021
N.A.,SELETAR GREEN VIEW,28,Terrace House,NA,"5,700",150 - 160,"1,600 - 1,700",Jun 2021
N.A.,CHIKU ROAD,15,Terrace House,NA,"2,600",60 - 70,600 - 700,Jun 2021
N.A.,DALVEY ROAD,10,Non-landed Properties,NA,"60,000","1,230 - 1,240","13,300 - 13,400",Jun 2021
N.A.,JOO CHIAT ROAD,15,Non-landed Properties,NA,"4,000",100 - 110,"1,000 - 1,100",Jun 2021
N.A.,LORONG 22 GEYLANG,14,Non-landed Properties,NA,"2,800",120 - 130,"1,300 - 1,400",Jun 2021
N.A.,LINCOLN ROAD,11,Non-landed Properties,2,"3,600",100 - 110,"1,100 - 1,200",Jun 2021
N.A.,NASSIM ROAD,10,Non-landed Properties,3,"9,600",250 - 260,"2,700 - 2,800",Jun 2021
N.A.,MACPHERSON ROAD,13,Non-landed Properties,NA,"2,400",70 - 80,800 - 900,Jun 2021
N.A.,GREENLEAF WALK,10,Non-landed Properties,NA,"2,300",140 - 150,"1,500 - 1,600",Jun 2021
N.A.,KHEAM HOCK ROAD,11,Non-landed Properties,NA,"7,200",230 - 240,"2,400 - 2,500",Jun 2021
N.A.,ROBIN DRIVE,10,Non-landed Properties,NA,"4,300",150 - 160,"1,600 - 1,700",Jun 2021
N.A.,CLAYMORE ROAD,09,Non-landed Properties,2,"3,200",70 - 80,800 - 900,Jun 2021
N.A.,LOWLAND ROAD,19,Non-landed Properties,NA,"2,850",60 - 70,600 - 700,Jun 2021
N.A.,CHANGI ROAD,14,Non-landed Properties,NA,"3,500",220 - 230,"2,300 - 2,400",Jun 2021
N.A.,CHANGI ROAD,14,Non-landed Properties,NA,"3,500",210 - 220,"2,200 - 2,300",Jun 2021
N.A.,DALVEY ROAD,10,Non-landed Properties,3,"60,000","1,310 - 1,320","14,100 - 14,200",Jun 2021
N.A.,LORONG 22 GEYLANG,14,Non-landed Properties,NA,"13,500","1,020 - 1,030","11,000 - 11,100",Jun 2021
N.A.,KIM KEAT ROAD,12,Non-landed Properties,NA,"1,500",120 - 130,"1,300 - 1,400",Jun 2021
N.A.,CHEONG CHIN NAM ROAD,21,Non-landed Properties,NA,"2,000",60 - 70,700 - 800,Jun 2021
N.A.,KIM KEAT ROAD,12,Non-landed Properties,NA,"2,500",120 - 130,"1,300 - 1,400",Jun 2021
N.A.,LORONG 23 GEYLANG,14,Non-landed Properties,NA,"5,000",200 - 210,"2,100 - 2,200",Jun 2021
N.A.,OXLEY ROAD,09,Non-landed Properties,NA,"13,000",290 - 300,"3,200 - 3,300",Jun 2021
N.A.,UPPER SERANGOON ROAD,19,Non-landed Properties,NA,"1,900",110 - 120,"1,200 - 1,300",Jun 2021
N.A.,MOHAMED SULTAN ROAD,09,Non-landed Properties,NA,"3,400",70 - 80,700 - 800,Jun 2021
N.A.,BALESTIER ROAD,12,Non-landed Properties,NA,"3,600",130 - 140,"1,300 - 1,400",Jun 2021
N.A.,BELMONT ROAD,10,Non-landed Properties,NA,"4,000",130 - 140,"1,400 - 1,500",Jun 2021
N.A.,GEYLANG ROAD,14,Non-landed Properties,NA,"2,700",70 - 80,700 - 800,Jun 2021
N.A.,KOVAN ROAD,19,Non-landed Properties,3,"2,800",100 - 110,"1,000 - 1,100",Jun 2021
N.A.,KILLINEY ROAD,09,Non-landed Properties,NA,"2,800",80 - 90,"900 - 1,000",Jun 2021
N.A.,ROBIN ROAD,10,Non-landed Properties,2,"4,500",110 - 120,"1,200 - 1,300",Jun 2021
N.A.,OUTRAM ROAD,03,Non-landed Properties,NA,"3,300",60 - 70,700 - 800,Jun 2021
N.A.,LORONG 4 GEYLANG,14,Non-landed Properties,NA,"3,000",100 - 110,"1,100 - 1,200",Jun 2021
N.A.,TECK CHYE TERRACE,19,Non-landed Properties,NA,"2,700",80 - 90,"900 - 1,000",Jun 2021
N.A.,LORONG 4 GEYLANG,14,Non-landed Properties,NA,"3,000",80 - 90,800 - 900,Jun 2021
N.A.,LORONG 17 GEYLANG,14,Non-landed Properties,NA,"3,600",120 - 130,"1,300 - 1,400",Jun 2021
N.A.,CAMBRIDGE ROAD,08,Non-landed Properties,NA,"3,300",70 - 80,800 - 900,Jun 2021
N.A.,LORONG 27 GEYLANG,14,Non-landed Properties,NA,"2,400",80 - 90,"900 - 1,000",Jun 2021
N.A.,TANGLIN ROAD,10,Non-landed Properties,NA,"3,000",80 - 90,"900 - 1,000",Jun 2021
N.A.,ONAN ROAD,15,Non-landed Properties,NA,"2,600",70 - 80,800 - 900,Jun 2021
N.A.,GUILLEMARD ROAD,14,Non-landed Properties,NA,"1,650",60 - 70,700 - 800,Jun 2021
N.A.,NASSIM HILL,10,Non-landed Properties,4,"15,800",380 - 390,"4,100 - 4,200",Jun 2021
N.A.,BUKIT TIMAH ROAD,10,Non-landed Properties,NA,"3,700",100 - 110,"1,100 - 1,200",Jun 2021
N.A.,PASIR PANJANG ROAD,05,Non-landed Properties,3,"3,500",110 - 120,"1,200 - 1,300",Jun 2021
N.A.,BALMORAL ROAD,10,Non-landed Properties,2,"5,500",110 - 120,"1,200 - 1,300",Jun 2021
N.A.,MOHAMED SULTAN ROAD,09,Non-landed Properties,NA,"1,800",160 - 170,"1,700 - 1,800",Jun 2021
N.A.,LORONG 24A GEYLANG,14,Non-landed Properties,NA,"2,500",70 - 80,700 - 800,Jun 2021
N.A.,HORNE ROAD,08,Non-landed Properties,NA,"2,700",80 - 90,"900 - 1,000",Jun 2021
N.A.,CHANDER ROAD,08,Non-landed Properties,NA,"2,400",60 - 70,600 - 700,Jun 2021
N.A.,MACPHERSON ROAD,13,Non-landed Properties,NA,"1,400",70 - 80,700 - 800,Jun 2021
N.A.,GILSTEAD ROAD,11,Non-landed Properties,2,"1,100",90 - 100,"1,000 - 1,100",Jun 2021
N.A.,BALMORAL PARK,10,Non-landed Properties,NA,"4,700",150 - 160,"1,600 - 1,700",Jun 2021
N.A.,RAMBUTAN ROAD,15,Non-landed Properties,NA,"3,000",70 - 80,800 - 900,Jun 2021
N.A.,MACPHERSON ROAD,13,Non-landed Properties,NA,"2,700",50 - 60,500 - 600,Jun 2021
N.A.,LORONG 8 GEYLANG,14,Non-landed Properties,NA,"2,800",110 - 120,"1,200 - 1,300",Jun 2021
N.A.,FLANDERS SQUARE,08,Non-landed Properties,NA,"2,450",90 - 100,"1,000 - 1,100",Jun 2021
N.A.,BALMORAL ROAD,10,Non-landed Properties,3,"7,000",160 - 170,"1,700 - 1,800",Jun 2021
N.A.,PILLAI ROAD,19,Non-landed Properties,NA,"2,500",90 - 100,"1,000 - 1,100",Jun 2021
N.A.,LORONG 25A GEYLANG,14,Non-landed Properties,NA,"3,000",90 - 100,"900 - 1,000",Jun 2021
N.A.,GUILLEMARD ROAD,14,Non-landed Properties,NA,"2,700",120 - 130,"1,300 - 1,400",Jun 2021
N.A.,LORONG 41 GEYLANG,14,Non-landed Properties,1,"3,100",60 - 70,600 - 700,Jun 2021
N.A.,EDEN GROVE,19,Non-landed Properties,3,"3,200",90 - 100,"900 - 1,000",Jun 2021
N.A.,LORONG 20 GEYLANG,14,Non-landed Properties,NA,"2,500",80 - 90,"900 - 1,000",Jun 2021
N.A.,LORONG 20 GEYLANG,14,Non-landed Properties,NA,"3,300",80 - 90,"900 - 1,000",Jun 2021
N.A.,CHAPEL CLOSE,15,Non-landed Properties,NA,"2,400",80 - 90,800 - 900,Jun 2021
N.A.,JOO CHIAT PLACE,15,Non-landed Properties,NA,"3,900",90 - 100,"900 - 1,000",Jun 2021
N.A.,LORONG 4 GEYLANG,14,Non-landed Properties,3,"1,700",130 - 140,"1,400 - 1,500",Jun 2021
N.A.,WHAMPOA DRIVE,12,Non-landed Properties,NA,"2,700",80 - 90,"900 - 1,000",Jun 2021
N.A.,JALAN KAYU,28,Non-landed Properties,NA,"3,450",70 - 80,800 - 900,Jun 2021
N.A.,TANJONG KATONG ROAD,15,Non-landed Properties,NA,"2,900",90 - 100,"900 - 1,000",Jun 2021
N.A.,TEMBELING ROAD,15,Non-landed Properties,NA,"1,450",70 - 80,800 - 900,Jun 2021
N.A.,TEMBELING ROAD,15,Non-landed Properties,NA,"1,400",70 - 80,800 - 900,Jun 2021
N.A.,TEMBELING ROAD,15,Non-landed Properties,NA,"1,650",90 - 100,"1,000 - 1,100",Jun 2021
N.A.,TEMBELING ROAD,15,Non-landed Properties,NA,"1,450",70 - 80,800 - 900,Jun 2021
N.A.,TEMBELING ROAD,15,Non-landed Properties,NA,"1,400",70 - 80,800 - 900,Jun 2021
N.A.,TEMBELING ROAD,15,Non-landed Properties,NA,"1,450",70 - 80,800 - 900,Jun 2021
N.A.,TEMBELING ROAD,15,Non-landed Properties,NA,"1,400",70 - 80,800 - 900,Jun 2021
N.A.,TEMBELING ROAD,15,Non-landed Properties,NA,"1,650",90 - 100,"1,000 - 1,100",Jun 2021
N.A.,TEMBELING ROAD,15,Non-landed Properties,NA,"1,450",70 - 80,800 - 900,Jun 2021
N.A.,TEMBELING ROAD,15,Non-landed Properties,NA,"1,400",70 - 80,800 - 900,Jun 2021
N.A.,TEMBELING ROAD,15,Non-landed Properties,NA,"1,650",90 - 100,"1,000 - 1,100",Jun 2021
N.A.,TEMBELING ROAD,15,Non-landed Properties,NA,"1,450",70 - 80,800 - 900,Jun 2021
N.A.,GILSTEAD ROAD,11,Non-landed Properties,2,"1,100",90 - 100,"1,000 - 1,100",Jun 2021
N.A.,TEMBELING ROAD,15,Non-landed Properties,NA,"1,400",70 - 80,800 - 900,Jun 2021
N.A.,JOO CHIAT ROAD,15,Non-landed Properties,NA,"2,800",90 - 100,"1,000 - 1,100",Jun 2021
N.A.,SHREWSBURY ROAD,11,Non-landed Properties,NA,"3,800",90 - 100,"1,000 - 1,100",Jun 2021
N.A.,LORONG 16 GEYLANG,14,Non-landed Properties,NA,"2,500",100 - 110,"1,100 - 1,200",Jun 2021
N.A.,YIO CHU KANG ROAD,19,Non-landed Properties,NA,"3,500",140 - 150,"1,600 - 1,700",Jun 2021
N.A.,BALMORAL ROAD,10,Non-landed Properties,2,"4,750",110 - 120,"1,200 - 1,300",Jun 2021
N.A.,LORONG 41 GEYLANG,14,Non-landed Properties,1,"2,370",60 - 70,600 - 700,Jun 2021
N.A.,LORONG 6 GEYLANG,14,Non-landed Properties,NA,"3,250",90 - 100,"900 - 1,000",Jun 2021
N.A.,TEMBELING ROAD,15,Non-landed Properties,NA,"1,450",70 - 80,800 - 900,Jun 2021
N.A.,TEMBELING ROAD,15,Non-landed Properties,NA,"1,400",70 - 80,800 - 900,Jun 2021
N.A.,CHANGI ROAD,14,Non-landed Properties,NA,"2,650",140 - 150,"1,500 - 1,600",Jun 2021
N.A.,JALAN SUKA,14,Non-landed Properties,NA,"2,400",120 - 130,"1,300 - 1,400",Jun 2021
N.A.,NEWTON ROAD,11,Non-landed Properties,3,"5,800",160 - 170,"1,700 - 1,800",Jun 2021
N.A.,LORONG 27 GEYLANG,14,Non-landed Properties,NA,"2,500",90 - 100,"900 - 1,000",Jun 2021
N.A.,BALESTIER ROAD,12,Non-landed Properties,NA,"2,600",90 - 100,"1,000 - 1,100",Jun 2021
N.A.,CHAPEL CLOSE,15,Non-landed Properties,NA,"2,150",80 - 90,800 - 900,May 2021
N.A.,BALESTIER ROAD,12,Non-landed Properties,NA,"2,600",80 - 90,"900 - 1,000",Jun 2021
N.A.,MACPHERSON ROAD,13,Non-landed Properties,NA,"2,500",70 - 80,800 - 900,Jun 2021
N.A.,CARLISLE ROAD,08,Non-landed Properties,NA,"1,800",80 - 90,"900 - 1,000",Jun 2021
N.A.,LORONG 16 GEYLANG,14,Non-landed Properties,NA,"2,400",90 - 100,"1,000 - 1,100",May 2021
N.A.,JALAN SUKA,14,Non-landed Properties,NA,"2,400",110 - 120,"1,200 - 1,300",Jun 2021
N.A.,LORONG 41 GEYLANG,14,Non-landed Properties,3,"4,050",90 - 100,"1,000 - 1,100",Jun 2021
N.A.,MACPHERSON ROAD,13,Non-landed Properties,NA,"2,300",70 - 80,800 - 900,May 2021
N.A.,SERANGOON ROAD,08,Non-landed Properties,3,"3,700",140 - 150,"1,500 - 1,600",Apr 2021
N.A.,RACE COURSE ROAD,08,Non-landed Properties,1,"1,750",30 - 40,300 - 400,May 2021
N.A.,EDEN GROVE,19,Non-landed Properties,2,"3,000",90 - 100,"1,000 - 1,100",May 2021
N.A.,GUILLEMARD ROAD,14,Non-landed Properties,NA,"3,300",90 - 100,"1,000 - 1,100",May 2021
N.A.,MACPHERSON ROAD,13,Non-landed Properties,NA,"2,700",70 - 80,800 - 900,Jun 2021
N.A.,SIMS WAY,14,Non-landed Properties,NA,"4,000",100 - 110,"1,100 - 1,200",Jun 2021
N.A.,SURREY ROAD,11,Non-landed Properties,NA,"3,200",110 - 120,"1,200 - 1,300",May 2021
N.A.,GEYLANG ROAD,14,Non-landed Properties,NA,"2,000",170 - 180,"1,800 - 1,900",Jun 2021
N.A.,KIM KEAT LANE,12,Non-landed Properties,3,"2,600",90 - 100,"900 - 1,000",Jun 2021
N.A.,STANGEE PLACE,15,Non-landed Properties,NA,"1,600",90 - 100,"1,000 - 1,100",Jun 2021
N.A.,HAMILTON ROAD,08,Non-landed Properties,NA,"2,500",130 - 140,"1,400 - 1,500",Jun 2021
N.A.,CHANGI ROAD,14,Non-landed Properties,NA,"2,600",100 - 110,"1,000 - 1,100",May 2021
N.A.,SHREWSBURY ROAD,11,Non-landed Properties,NA,"2,500",80 - 90,800 - 900,May 2021
N.A.,DRAYCOTT DRIVE,10,Non-landed Properties,2,"4,500",100 - 110,"1,100 - 1,200",Jun 2021
N.A.,SHREWSBURY ROAD,11,Non-landed Properties,NA,"2,500",80 - 90,800 - 900,May 2021
N.A.,JALAN SUKA,14,Non-landed Properties,NA,"3,000",160 - 170,"1,800 - 1,900",Jun 2021
N.A.,GRANGE ROAD,10,Non-landed Properties,NA,"10,700",350 - 360,"3,800 - 3,900",Apr 2021
N.A.,LORONG 19 GEYLANG,14,Non-landed Properties,NA,"3,300",120 - 130,"1,300 - 1,400",Jun 2021
N.A.,TANJONG KATONG ROAD,15,Non-landed Properties,NA,"1,450",130 - 140,"1,400 - 1,500",Apr 2021
N.A.,TANJONG KATONG ROAD,15,Non-landed Properties,NA,"2,600",90 - 100,"1,000 - 1,100",Jun 2021
N.A.,CHANGI ROAD,14,Non-landed Properties,NA,"2,550",170 - 180,"1,800 - 1,900",Jun 2021
N.A.,SIMS AVENUE,14,Non-landed Properties,NA,"1,600",80 - 90,800 - 900,Jun 2021
N.A.,PASIR PANJANG ROAD,05,Non-landed Properties,3,"3,800",110 - 120,"1,200 - 1,300",May 2021
N.A.,CLAYMORE ROAD,09,Non-landed Properties,2,"2,800",70 - 80,800 - 900,Jun 2021
N.A.,PASIR PANJANG ROAD,05,Non-landed Properties,3,"4,150",110 - 120,"1,200 - 1,300",Jun 2021
N.A.,SIMS AVENUE,14,Non-landed Properties,NA,"5,200",290 - 300,"3,100 - 3,200",Jun 2021
N.A.,JALAN KEMBANGAN,14,Non-landed Properties,NA,"3,300",130 - 140,"1,400 - 1,500",Jun 2021
N.A.,SERANGOON ROAD,08,Non-landed Properties,3,"3,200",140 - 150,"1,500 - 1,600",Jun 2021
N.A.,KIM KEAT CLOSE,12,Non-landed Properties,3,"2,800",100 - 110,"1,100 - 1,200",Jun 2021
N.A.,DRAYCOTT DRIVE,10,Non-landed Properties,2,"4,100",100 - 110,"1,100 - 1,200",Jun 2021
N.A.,CLEMENTI ROAD,05,Non-landed Properties,NA,"1,500",110 - 120,"1,200 - 1,300",May 2021
N.A.,ROWELL ROAD,08,Non-landed Properties,NA,"2,300",100 - 110,"1,000 - 1,100",May 2021
N.A.,BRIGHTON CRESCENT,19,Non-landed Properties,NA,"1,650",60 - 70,700 - 800,May 2021
N.A.,BALMORAL PARK,10,Non-landed Properties,NA,"4,200",160 - 170,"1,700 - 1,800",Jun 2021
N.A.,SEAH STREET,07,Non-landed Properties,NA,"7,200",160 - 170,"1,700 - 1,800",Jun 2021
N.A.,EAST COAST ROAD,15,Non-landed Properties,NA,"9,000",160 - 170,"1,700 - 1,800",Apr 2021
N.A.,KIM KEAT CLOSE,12,Non-landed Properties,3,"2,200",90 - 100,"1,000 - 1,100",Jun 2021
N.A.,LAVENDER STREET,12,Non-landed Properties,NA,"2,800",100 - 110,"1,100 - 1,200",Jun 2021
N.A.,JALAN SUKA,14,Non-landed Properties,NA,"3,500",90 - 100,"1,000 - 1,100",Jun 2021
N.A.,RAMBUTAN ROAD,15,Non-landed Properties,NA,"1,600",90 - 100,"900 - 1,000",Jun 2021
N.A.,ZION ROAD,10,Non-landed Properties,NA,"3,000",90 - 100,"1,000 - 1,100",Jun 2021
N.A.,GILSTEAD ROAD,11,Non-landed Properties,2,"1,100",100 - 110,"1,000 - 1,100",Jun 2021
N.A.,TRURO ROAD,08,Non-landed Properties,NA,"4,000",100 - 110,"1,100 - 1,200",Jun 2021
N.A.,RANGOON ROAD,08,Non-landed Properties,NA,"3,200",120 - 130,"1,300 - 1,400",Jun 2021
N.A.,OUTRAM ROAD,03,Non-landed Properties,NA,"3,200",70 - 80,800 - 900,Jun 2021
N.A.,GILSTEAD ROAD,11,Non-landed Properties,2,"1,100",100 - 110,"1,000 - 1,100",Jun 2021
N.A.,CLAYMORE ROAD,09,Non-landed Properties,2,"2,800",70 - 80,800 - 900,Jun 2021
N.A.,GUILLEMARD ROAD,14,Non-landed Properties,NA,"3,400",160 - 170,"1,700 - 1,800",Jun 2021
N.A.,KIM KEAT CLOSE,12,Non-landed Properties,3,"2,600",90 - 100,"1,000 - 1,100",Jun 2021
N.A.,KIM KEAT LANE,12,Non-landed Properties,3,"2,550",90 - 100,"900 - 1,000",May 2021
N.A.,UPPER WELD ROAD,08,Non-landed Properties,NA,"3,300",110 - 120,"1,200 - 1,300",Jun 2021
N.A.,BARTLEY ROAD,19,Non-landed Properties,NA,"3,500",180 - 190,"1,900 - 2,000",Jun 2021
N.A.,MACPHERSON ROAD,13,Non-landed Properties,NA,"3,000",60 - 70,700 - 800,Jun 2021
N.A.,LORONG 41 GEYLANG,14,Non-landed Properties,1,"2,260",60 - 70,600 - 700,Jun 2021
N.A.,LORONG 41 GEYLANG,14,Non-landed Properties,4,"5,000",120 - 130,"1,300 - 1,400",Jun 2021
N.A.,TAMPINES AVENUE,18,Non-landed Properties,NA,"2,700",130 - 140,"1,400 - 1,500",Jun 2021
N.A.,EAST COAST ROAD,15,Non-landed Properties,NA,"3,200",80 - 90,800 - 900,Jun 2021
N.A.,LORONG 8 GEYLANG,14,Non-landed Properties,NA,"3,000",110 - 120,"1,200 - 1,300",Jun 2021
N.A.,CAMBRIDGE ROAD,08,Non-landed Properties,NA,"3,000",140 - 150,"1,500 - 1,600",Jun 2021
N.A.,LORONG 4 GEYLANG,14,Non-landed Properties,NA,"3,000",110 - 120,"1,200 - 1,300",Jun 2021
N.A.,NIVEN ROAD,09,Terrace House,NA,"5,900",70 - 80,800 - 900,Jul 2021
N.A.,OCEAN DRIVE,04,Detached House,NA,"17,500",760 - 770,"8,200 - 8,300",Jul 2021
N.A.,NIVEN ROAD,09,Terrace House,NA,"9,500",130 - 140,"1,400 - 1,500",Jul 2021
N.A.,MOUNTBATTEN ROAD,15,Semi-Detached House,NA,"5,000",240 - 250,"2,600 - 2,700",Jul 2021
N.A.,PINEWOOD GROVE,25,Terrace House,NA,"6,800",240 - 250,"2,500 - 2,600",Jul 2021
N.A.,KILLINEY ROAD,09,Terrace House,NA,"8,000",90 - 100,"900 - 1,000",Jul 2021
N.A.,TREVOSE CRESCENT,11,Detached House,NA,"14,000",700 - 710,"7,600 - 7,700",Jul 2021
N.A.,SHELFORD ROAD,11,Terrace House,NA,"8,200",170 - 180,"1,800 - 1,900",Jul 2021
N.A.,BERWICK DRIVE,19,Semi-Detached House,NA,"10,800",230 - 240,"2,400 - 2,500",Jul 2021
N.A.,TOH YI DRIVE,21,Detached House,NA,"6,350",410 - 420,"4,400 - 4,500",Jul 2021
N.A.,ONE TREE HILL,10,Semi-Detached House,NA,"7,000",260 - 270,"2,800 - 2,900",Jul 2021
N.A.,BELMONT ROAD,10,Detached House,NA,"15,000",690 - 700,"7,500 - 7,600",Jul 2021
N.A.,LORONG MARZUKI,14,Semi-Detached House,NA,"9,000",460 - 470,"5,000 - 5,100",Jul 2021
N.A.,LEITH ROAD,19,Semi-Detached House,NA,"5,500",230 - 240,"2,400 - 2,500",Jul 2021
N.A.,LORONG 20 GEYLANG,14,Terrace House,NA,"6,000",150 - 160,"1,600 - 1,700",Jul 2021
N.A.,JALAN LAPANG,14,Terrace House,NA,"5,000",150 - 160,"1,600 - 1,700",Jul 2021
N.A.,WILKINSON ROAD,15,Semi-Detached House,NA,"7,500",300 - 310,"3,200 - 3,300",Jul 2021
N.A.,PINEWOOD GROVE,25,Detached House,NA,"11,000",600 - 610,"6,400 - 6,500",Jul 2021
N.A.,SIME ROAD,11,Detached House,NA,"11,500",520 - 530,"5,600 - 5,700",Jul 2021
N.A.,JALAN REMAJA,23,Terrace House,NA,"4,350",370 - 380,"4,000 - 4,100",Jul 2021
N.A.,KOON SENG ROAD,15,Terrace House,NA,"7,250",190 - 200,"2,000 - 2,100",Jul 2021
N.A.,CHANGI ROAD,14,Semi-Detached House,NA,"5,600",300 - 310,"3,200 - 3,300",Jul 2021
N.A.,CARLISLE ROAD,08,Terrace House,NA,"5,700",140 - 150,"1,500 - 1,600",Jul 2021
N.A.,PINEWOOD GROVE,25,Detached House,NA,"10,500",650 - 660,"7,000 - 7,100",Jul 2021
N.A.,JALAN AMPANG,10,Semi-Detached House,NA,"7,800",440 - 450,"4,800 - 4,900",Jul 2021
N.A.,CORONATION ROAD WEST,10,Detached House,NA,"11,500",770 - 780,"8,300 - 8,400",Jul 2021
N.A.,BOSCOMBE ROAD,15,Semi-Detached House,NA,"6,100",310 - 320,"3,300 - 3,400",Jul 2021
N.A.,LEEDON ROAD,10,Detached House,NA,"11,000",200 - 210,"2,200 - 2,300",Jul 2021
N.A.,NIVEN ROAD,09,Terrace House,NA,"7,500",80 - 90,800 - 900,Jul 2021
N.A.,JALAN ISMAIL,14,Terrace House,NA,"6,000",350 - 360,"3,700 - 3,800",Jul 2021
N.A.,JALAN ANGIN LAUT,16,Detached House,NA,"6,300",530 - 540,"5,700 - 5,800",Jul 2021
N.A.,OCEAN DRIVE,04,Detached House,NA,"18,000",740 - 750,"7,900 - 8,000",Jul 2021
N.A.,GERALD PARK,28,Terrace House,NA,"4,000",330 - 340,"3,600 - 3,700",Jul 2021
N.A.,JALAN DAUD,14,Semi-Detached House,NA,"5,000",300 - 310,"3,200 - 3,300",Jul 2021
N.A.,CHANCERY LANE,11,Terrace House,NA,"13,500",230 - 240,"2,400 - 2,500",Jul 2021
N.A.,RIDOUT ROAD,10,Detached House,NA,"21,800","1,420 - 1,430","15,300 - 15,400",Jul 2021
N.A.,RIDOUT ROAD,10,Detached House,NA,"21,800","1,420 - 1,430","15,300 - 15,400",Jul 2021
N.A.,JALAN GRISEK,14,Terrace House,NA,"4,400",180 - 190,"2,000 - 2,100",Jul 2021
N.A.,PEARL ISLAND,04,Detached House,NA,"18,000",600 - 610,"6,500 - 6,600",Jul 2021
N.A.,WOODGROVE AVENUE,25,Terrace House,NA,"7,500",170 - 180,"1,800 - 1,900",Jul 2021
N.A.,SIGLAP DRIVE,15,Terrace House,NA,"8,800",210 - 220,"2,300 - 2,400",Jul 2021
N.A.,THOMSON RIDGE,20,Semi-Detached House,NA,"10,000",290 - 300,"3,100 - 3,200",Jul 2021
N.A.,POH HUAT ROAD,19,Semi-Detached House,NA,"6,500",210 - 220,"2,300 - 2,400",Jul 2021
N.A.,TANJONG KATONG ROAD,15,Semi-Detached House,NA,"4,668",390 - 400,"4,200 - 4,300",Jul 2021
N.A.,MERAGI ROAD,16,Semi-Detached House,NA,"6,000",400 - 410,"4,300 - 4,400",Jul 2021
N.A.,GALLOP WALK,10,Detached House,NA,"35,000","1,420 - 1,430","15,300 - 15,400",Jul 2021
N.A.,LUCKY GARDENS,16,Terrace House,NA,"4,500",160 - 170,"1,800 - 1,900",Jul 2021
N.A.,LEEDON PARK,10,Detached House,NA,"16,000","1,440 - 1,450","15,500 - 15,600",Jul 2021
N.A.,THRIFT DRIVE,19,Terrace House,NA,"4,200",150 - 160,"1,600 - 1,700",Jul 2021
N.A.,DUNMAN LANE,15,Terrace House,NA,"5,200",160 - 170,"1,700 - 1,800",Jul 2021
N.A.,ROSYTH ROAD,19,Semi-Detached House,NA,"10,500",390 - 400,"4,200 - 4,300",Jul 2021
N.A.,OCEAN DRIVE,04,Detached House,NA,"41,000","1,580 - 1,590","17,000 - 17,100",Jul 2021
N.A.,NAMLY CRESCENT,10,Semi-Detached House,NA,"9,800",340 - 350,"3,700 - 3,800",Jul 2021
N.A.,DUNEARN ROAD,11,Semi-Detached House,NA,"8,000",290 - 300,"3,100 - 3,200",Jul 2021
N.A.,ASTRID HILL,10,Detached House,NA,"32,000","1,520 - 1,530","16,300 - 16,400",Jul 2021
N.A.,THOMSON RIDGE,20,Detached House,NA,"17,000",610 - 620,"6,600 - 6,700",Jul 2021
N.A.,BEECHWOOD GROVE,25,Detached House,NA,"10,000",570 - 580,"6,100 - 6,200",Jul 2021
N.A.,JALAN CHERMAT,19,Terrace House,NA,"2,700",180 - 190,"1,900 - 2,000",Jul 2021
N.A.,LIM AH WOO ROAD,15,Semi-Detached House,NA,"6,200",190 - 200,"2,100 - 2,200",Jul 2021
N.A.,LORONG STANGEE,15,Terrace House,NA,"5,350",270 - 280,"2,900 - 3,000",Jul 2021
N.A.,MEDWAY DRIVE,19,Detached House,NA,"9,200",480 - 490,"5,100 - 5,200",Jul 2021
N.A.,CYPRESS AVENUE,10,Semi-Detached House,NA,"9,300",280 - 290,"3,000 - 3,100",Jul 2021
N.A.,HENG MUI KENG TERRACE,05,Semi-Detached House,NA,"5,000",380 - 390,"4,100 - 4,200",Jul 2021
N.A.,JALAN ANGIN LAUT,16,Semi-Detached House,NA,"10,000",350 - 360,"3,700 - 3,800",Jul 2021
N.A.,HENG MUI KENG TERRACE,05,Semi-Detached House,NA,"5,000",380 - 390,"4,100 - 4,200",Jul 2021
N.A.,SUNSET HEIGHTS,21,Detached House,NA,"11,800",700 - 710,"7,500 - 7,600",Jul 2021
N.A.,JALAN TANAH PUTEH,15,Semi-Detached House,NA,"5,000",240 - 250,"2,600 - 2,700",Jul 2021
N.A.,DUNSFOLD DRIVE,13,Detached House,NA,"12,000",510 - 520,"5,500 - 5,600",Jul 2021
N.A.,CARISBROOKE GROVE,19,Semi-Detached House,NA,"10,000",390 - 400,"4,200 - 4,300",Jul 2021
N.A.,BELMONT ROAD,10,Detached House,NA,"30,000","2,510 - 2,520","27,000 - 27,100",Jul 2021
N.A.,HUA GUAN AVENUE,21,Semi-Detached House,NA,"7,000",370 - 380,"3,900 - 4,000",Jul 2021
N.A.,RAMSGATE ROAD,15,Detached House,NA,"11,000",650 - 660,"7,000 - 7,100",Jul 2021
N.A.,JALAN JELITA,10,Semi-Detached House,NA,"15,500",360 - 370,"3,800 - 3,900",Jul 2021
N.A.,TAN KIM CHENG ROAD,10,Semi-Detached House,NA,"11,500",250 - 260,"2,700 - 2,800",Jul 2021
N.A.,PEARL ISLAND,04,Detached House,NA,"22,000",680 - 690,"7,300 - 7,400",Jul 2021
N.A.,UPPER EAST COAST ROAD,16,Terrace House,NA,"5,500",300 - 310,"3,200 - 3,300",Jul 2021
N.A.,CORONATION ROAD WEST,10,Detached House,NA,"14,000",750 - 760,"8,100 - 8,200",Jul 2021
N.A.,LORONG 40 GEYLANG,14,Terrace House,NA,"5,600",130 - 140,"1,400 - 1,500",Jul 2021
N.A.,COVE WAY,04,Detached House,NA,"26,000",780 - 790,"8,400 - 8,500",Jul 2021
N.A.,PORTCHESTER AVENUE,19,Semi-Detached House,NA,"7,500",380 - 390,"4,100 - 4,200",Jul 2021
N.A.,MOUNT SINAI LANE,10,Detached House,NA,"12,500",580 - 590,"6,300 - 6,400",Jul 2021
N.A.,HUA GUAN AVENUE,21,Detached House,NA,"10,500",430 - 440,"4,700 - 4,800",Jul 2021
N.A.,JALAN AMPANG,10,Semi-Detached House,NA,"8,300",440 - 450,"4,800 - 4,900",Jul 2021
N.A.,JALAN PARI DEDAP,16,Detached House,NA,"8,358",590 - 600,"6,300 - 6,400",Jul 2021
N.A.,CORNWALL GARDENS,10,Detached House,NA,"23,000","1,680 - 1,690","18,100 - 18,200",Jul 2021
N.A.,MENG SUAN ROAD,26,Semi-Detached House,NA,"6,000",210 - 220,"2,200 - 2,300",Jul 2021
N.A.,KINGSMEAD ROAD,10,Detached House,NA,"20,000",930 - 940,"10,000 - 10,100",Jul 2021
N.A.,ETTRICK TERRACE,15,Semi-Detached House,NA,"8,500",330 - 340,"3,500 - 3,600",Jul 2021
N.A.,JALAN LIM TAI SEE,10,Semi-Detached House,NA,"12,500",320 - 330,"3,500 - 3,600",Jul 2021
N.A.,KEW HEIGHTS,16,Detached House,NA,"7,500",410 - 420,"4,400 - 4,500",Jul 2021
N.A.,JALAN NOVENA BARAT,11,Semi-Detached House,NA,"5,800",270 - 280,"2,900 - 3,000",Jul 2021
N.A.,JALAN KESOMA,19,Terrace House,NA,"9,200",550 - 560,"5,900 - 6,000",Jul 2021
N.A.,DUNSFOLD DRIVE,13,Detached House,NA,"12,500",510 - 520,"5,500 - 5,600",Jul 2021
N.A.,LORONG H TELOK KURAU,15,Detached House,NA,"14,000",740 - 750,"7,900 - 8,000",Jul 2021
N.A.,JALAN JAMBU BATU,21,Semi-Detached House,NA,"10,000",270 - 280,"2,900 - 3,000",Jul 2021
N.A.,NAROOMA ROAD,11,Detached House,NA,"12,200",490 - 500,"5,300 - 5,400",Jul 2021
N.A.,WOODGROVE AVENUE,25,Detached House,NA,"8,500",610 - 620,"6,500 - 6,600",Jul 2021
N.A.,PEIRCE ROAD,10,Detached House,NA,"42,000","1,540 - 1,550","16,600 - 16,700",Jul 2021
N.A.,SEA BREEZE WALK,16,Terrace House,NA,"3,900",160 - 170,"1,700 - 1,800",Jul 2021
N.A.,CORONATION DRIVE,10,Detached House,NA,"18,000",470 - 480,"5,100 - 5,200",Jul 2021
N.A.,GENTLE ROAD,11,Detached House,NA,"14,200",690 - 700,"7,400 - 7,500",Jul 2021
N.A.,LORONG TANGGAM,28,Semi-Detached House,NA,"2,800",120 - 130,"1,300 - 1,400",Jul 2021
N.A.,QUEEN'S ROAD,10,Semi-Detached House,NA,"8,300",330 - 340,"3,500 - 3,600",Jul 2021
N.A.,KOVAN ROAD,19,Terrace House,NA,"4,000",210 - 220,"2,200 - 2,300",Jul 2021
N.A.,SANDY LANE,15,Terrace House,NA,"4,500",180 - 190,"1,900 - 2,000",Jul 2021
N.A.,JALAN KAKATUA,21,Semi-Detached House,NA,"6,500",210 - 220,"2,300 - 2,400",Jul 2021
N.A.,EAST COAST PARK THIRD STREET,15,Detached House,NA,"8,500",270 - 280,"2,900 - 3,000",Jul 2021
N.A.,QUEEN ASTRID PARK,10,Detached House,NA,"24,000",650 - 660,"7,000 - 7,100",Jul 2021
N.A.,JOO CHIAT TERRACE,15,Terrace House,NA,"8,600",100 - 110,"1,100 - 1,200",Jul 2021
N.A.,LORONG N TELOK KURAU,15,Terrace House,NA,"5,100",280 - 290,"3,100 - 3,200",Jul 2021
N.A.,WESTLAKE AVENUE,20,Semi-Detached House,NA,"4,300",200 - 210,"2,100 - 2,200",Jul 2021
N.A.,HOLLAND GROVE DRIVE,10,Semi-Detached House,NA,"9,200",290 - 300,"3,100 - 3,200",Jul 2021
N.A.,CHANCERY HILL WALK,11,Terrace House,NA,"6,300",260 - 270,"2,800 - 2,900",Jul 2021
N.A.,GREENLEAF AVENUE,10,Semi-Detached House,NA,"8,800",320 - 330,"3,400 - 3,500",Jul 2021
N.A.,LORONG 1 REALTY PARK,19,Terrace House,NA,"5,000",210 - 220,"2,300 - 2,400",Jul 2021
N.A.,JALAN KAKATUA,21,Detached House,NA,"7,625",490 - 500,"5,300 - 5,400",Jul 2021
N.A.,JALAN KAMPONG CHANTEK,21,Detached House,NA,"11,200",460 - 470,"5,000 - 5,100",Jul 2021
N.A.,LANGE ROAD,19,Terrace House,NA,"3,000",210 - 220,"2,300 - 2,400",Jul 2021
N.A.,BEDOK AVENUE,16,Detached House,NA,"11,300",400 - 410,"4,300 - 4,400",Jul 2021
N.A.,ASHWOOD GROVE,25,Detached House,NA,"9,200",630 - 640,"6,800 - 6,900",Jul 2021
N.A.,ST. HELIER'S AVENUE,19,Terrace House,NA,"7,000",310 - 320,"3,300 - 3,400",Jul 2021
N.A.,TAY LIAN TECK DRIVE,15,Terrace House,NA,"4,000",290 - 300,"3,200 - 3,300",Jul 2021
N.A.,ROCHALIE DRIVE,10,Detached House,NA,"17,000","1,370 - 1,380","14,800 - 14,900",Jul 2021
N.A.,JALAN KEBAYA,10,Semi-Detached House,NA,"7,200",320 - 330,"3,500 - 3,600",Jul 2021
N.A.,KING ALBERT PARK,21,Detached House,NA,"32,000",820 - 830,"8,800 - 8,900",Jul 2021
N.A.,CHANCERY HILL WALK,11,Terrace House,NA,"8,500",220 - 230,"2,300 - 2,400",Jul 2021
N.A.,SURIN LANE,19,Semi-Detached House,NA,"5,000",340 - 350,"3,700 - 3,800",Jul 2021
N.A.,JALAN ANGGEREK,13,Semi-Detached House,NA,"4,200",320 - 330,"3,400 - 3,500",Jul 2021
N.A.,JALAN GUMILANG,23,Terrace House,NA,"3,600",290 - 300,"3,100 - 3,200",Jul 2021
N.A.,PLANTATION AVENUE,19,Terrace House,NA,"3,200",130 - 140,"1,400 - 1,500",Jul 2021
N.A.,MEDWAY DRIVE,19,Semi-Detached House,NA,"7,750",380 - 390,"4,100 - 4,200",Jul 2021
N.A.,SIGLAP ROAD,15,Semi-Detached House,NA,"12,000",310 - 320,"3,400 - 3,500",Jul 2021
N.A.,JALAN ELOK,09,Terrace House,NA,"6,000",160 - 170,"1,700 - 1,800",Jul 2021
N.A.,LORONG H TELOK KURAU,15,Semi-Detached House,NA,"10,600",380 - 390,"4,100 - 4,200",Jul 2021
N.A.,GARLICK AVENUE,10,Detached House,NA,"11,000","1,000 - 1,010","10,800 - 10,900",Jul 2021
N.A.,KUO CHUAN AVENUE,15,Semi-Detached House,NA,"3,969",120 - 130,"1,200 - 1,300",Jul 2021
N.A.,RAMSGATE ROAD,15,Detached House,NA,"10,700",640 - 650,"6,900 - 7,000",Jul 2021
N.A.,COVE DRIVE,04,Detached House,NA,"20,000",760 - 770,"8,200 - 8,300",Jul 2021
N.A.,JUPITER ROAD,20,Terrace House,NA,"4,900",280 - 290,"3,000 - 3,100",Jul 2021
N.A.,LORONG M TELOK KURAU,15,Detached House,NA,"2,350",200 - 210,"2,100 - 2,200",Jul 2021
N.A.,EVERITT ROAD,15,Terrace House,NA,"7,500",200 - 210,"2,200 - 2,300",Jul 2021
N.A.,EASTWOOD DRIVE,16,Semi-Detached House,NA,"5,300",330 - 340,"3,500 - 3,600",Jul 2021
N.A.,LORONG J TELOK KURAU,15,Terrace House,NA,"7,000",240 - 250,"2,600 - 2,700",Jul 2021
N.A.,BUCKLEY ROAD,11,Semi-Detached House,NA,"8,700",360 - 370,"3,900 - 4,000",Jul 2021
N.A.,SARKIES ROAD,10,Terrace House,NA,"6,200",300 - 310,"3,200 - 3,300",Jul 2021
N.A.,RIDOUT ROAD,10,Detached House,NA,"28,500","1,400 - 1,410","15,000 - 15,100",Jul 2021
N.A.,LEEDON ROAD,10,Detached House,NA,"22,000","1,400 - 1,410","15,100 - 15,200",Jul 2021
N.A.,ROBIN CLOSE,10,Semi-Detached House,NA,"8,200",300 - 310,"3,300 - 3,400",Jul 2021
N.A.,DUNMAN LANE,15,Semi-Detached House,NA,"7,000",200 - 210,"2,100 - 2,200",Jul 2021
N.A.,DUCHESS AVENUE,10,Semi-Detached House,NA,"8,500",380 - 390,"4,100 - 4,200",Jul 2021
N.A.,CORONATION ROAD WEST,10,Detached House,NA,"10,800",520 - 530,"5,600 - 5,700",Jul 2021
N.A.,GILSTEAD ROAD,11,Semi-Detached House,NA,"12,000",330 - 340,"3,600 - 3,700",Jul 2021
N.A.,BRIDPORT AVENUE,19,Terrace House,NA,"10,000",270 - 280,"2,900 - 3,000",Jul 2021
N.A.,LENTOR LOOP,26,Terrace House,NA,"6,071",170 - 180,"1,800 - 1,900",Jul 2021
N.A.,MARTABAN ROAD,12,Terrace House,NA,"7,250",140 - 150,"1,500 - 1,600",Jul 2021
N.A.,THIAM SIEW AVENUE,15,Semi-Detached House,NA,"7,210",320 - 330,"3,400 - 3,500",Jul 2021
N.A.,PINEWOOD GROVE,25,Detached House,NA,"9,500",720 - 730,"7,700 - 7,800",Jul 2021
N.A.,OAKWOOD GROVE,25,Detached House,NA,"9,750",630 - 640,"6,800 - 6,900",Jul 2021
N.A.,THIAM SIEW AVENUE,15,Semi-Detached House,NA,"11,330",280 - 290,"3,000 - 3,100",Jul 2021
N.A.,EAST COAST AVENUE,15,Terrace House,NA,"6,900",320 - 330,"3,500 - 3,600",Jul 2021
N.A.,HOOT KIAM ROAD,10,Terrace House,NA,"5,500",100 - 110,"1,100 - 1,200",Jul 2021
N.A.,WATTEN ESTATE ROAD,11,Semi-Detached House,NA,"8,750",240 - 250,"2,600 - 2,700",Jul 2021
N.A.,ONAN ROAD,15,Terrace House,NA,800,50 - 60,500 - 600,Jul 2021
N.A.,CHU LIN ROAD,23,Semi-Detached House,NA,"5,800",300 - 310,"3,300 - 3,400",Jul 2021
N.A.,MARLENE AVENUE,19,Semi-Detached House,NA,"8,000",320 - 330,"3,400 - 3,500",Jul 2021
N.A.,JOO CHIAT TERRACE,15,Terrace House,NA,"3,500",170 - 180,"1,800 - 1,900",Jul 2021
N.A.,ONAN ROAD,15,Terrace House,NA,"5,500",180 - 190,"2,000 - 2,100",Jul 2021
N.A.,EVERITT ROAD,15,Terrace House,NA,"3,500",140 - 150,"1,500 - 1,600",Jul 2021
N.A.,LORONG J TELOK KURAU,15,Terrace House,NA,"3,400",210 - 220,"2,300 - 2,400",Jul 2021
N.A.,WILKIE ROAD,09,Terrace House,NA,"5,500",160 - 170,"1,700 - 1,800",Jul 2021
N.A.,JEDBURGH GARDENS,15,Detached House,NA,"9,100",330 - 340,"3,500 - 3,600",Jul 2021
N.A.,CARMEN STREET,15,Semi-Detached House,NA,"7,000",270 - 280,"2,900 - 3,000",Jul 2021
N.A.,MOUNT ROSIE ROAD,11,Semi-Detached House,NA,"6,250",440 - 450,"4,800 - 4,900",Jul 2021
N.A.,BRANKSOME ROAD,15,Detached House,NA,"9,000",780 - 790,"8,400 - 8,500",Jul 2021
N.A.,TEMBELING ROAD,15,Terrace House,NA,"6,500",110 - 120,"1,200 - 1,300",Jul 2021
N.A.,CEYLON ROAD,15,Terrace House,NA,"4,650",160 - 170,"1,700 - 1,800",Jul 2021
N.A.,MATLOCK RISE,13,Detached House,NA,"23,800",940 - 950,"10,200 - 10,300",Jul 2021
N.A.,BRANKSOME ROAD,15,Semi-Detached House,NA,"6,250",390 - 400,"4,200 - 4,300",Jul 2021
N.A.,KUO CHUAN AVENUE,15,Semi-Detached House,NA,"3,969",120 - 130,"1,200 - 1,300",Jul 2021
N.A.,KUO CHUAN AVENUE,15,Semi-Detached House,NA,"3,876",120 - 130,"1,200 - 1,300",Jul 2021
N.A.,CORONATION ROAD WEST,10,Detached House,NA,"28,000","1,820 - 1,830","19,600 - 19,700",Jul 2021
N.A.,PAYA LEBAR CRESCENT,19,Terrace House,NA,"2,500",40 - 50,500 - 600,Jul 2021
N.A.,JALAN LIM TAI SEE,10,Terrace House,NA,"5,300",220 - 230,"2,300 - 2,400",Jul 2021
N.A.,NAMLY DRIVE,10,Semi-Detached House,NA,"18,000",350 - 360,"3,800 - 3,900",Jul 2021
N.A.,CEYLON ROAD,15,Terrace House,NA,"3,400",180 - 190,"1,900 - 2,000",Jul 2021
N.A.,TEMBELING ROAD,15,Terrace House,NA,"10,500",130 - 140,"1,400 - 1,500",Jul 2021
N.A.,JUBILEE ROAD,05,Semi-Detached House,NA,"5,700",300 - 310,"3,300 - 3,400",Jul 2021
N.A.,PARKSTONE ROAD,15,Detached House,NA,"13,000",440 - 450,"4,700 - 4,800",Jul 2021
N.A.,JALAN LADA PUTEH,09,Terrace House,NA,"7,500",220 - 230,"2,400 - 2,500",Jul 2021
N.A.,JALAN KEMBANGAN,14,Semi-Detached House,NA,"4,000",300 - 310,"3,200 - 3,300",Jul 2021
N.A.,WEST COAST ROAD,05,Detached House,NA,"8,300",530 - 540,"5,700 - 5,800",Jul 2021
N.A.,MIMOSA CRESCENT,28,Semi-Detached House,NA,"5,400",310 - 320,"3,400 - 3,500",Jul 2021
N.A.,CHANCERY LANE,11,Semi-Detached House,NA,"13,800",230 - 240,"2,400 - 2,500",Jun 2021
N.A.,BLANDFORD DRIVE,19,Terrace House,NA,"8,500",260 - 270,"2,700 - 2,800",Jun 2021
N.A.,MARYLAND DRIVE,10,Detached House,NA,"19,500","1,470 - 1,480","15,800 - 15,900",Jul 2021
N.A.,NEO PEE TECK LANE,05,Terrace House,NA,"5,100",170 - 180,"1,900 - 2,000",Jul 2021
N.A.,WOLSKEL ROAD,13,Semi-Detached House,NA,"5,000",320 - 330,"3,500 - 3,600",Jul 2021
N.A.,OAKWOOD GROVE,25,Detached House,NA,"8,500",710 - 720,"7,600 - 7,700",Jul 2021
N.A.,NASSIM ROAD,10,Detached House,NA,"20,000","1,440 - 1,450","15,500 - 15,600",Jul 2021
N.A.,OAKWOOD GROVE,25,Detached House,NA,"7,000",500 - 510,"5,300 - 5,400",Jul 2021
N.A.,MARIAM WAY,17,Terrace House,NA,"2,600",160 - 170,"1,700 - 1,800",Jul 2021
N.A.,GARLICK AVENUE,10,Detached House,NA,"13,300",880 - 890,"9,500 - 9,600",Jul 2021
N.A.,LORONG MYDIN,14,Semi-Detached House,NA,"8,000",350 - 360,"3,800 - 3,900",Jul 2021
N.A.,DUCHESS AVENUE,10,Semi-Detached House,NA,"9,750",210 - 220,"2,300 - 2,400",Jun 2021
N.A.,CORONATION ROAD WEST,10,Semi-Detached House,NA,"9,650",260 - 270,"2,800 - 2,900",Jul 2021
N.A.,KUO CHUAN AVENUE,15,Semi-Detached House,NA,"3,455",120 - 130,"1,200 - 1,300",Jul 2021
N.A.,JALAN TANJONG,16,Terrace House,NA,"3,800",320 - 330,"3,400 - 3,500",Jul 2021
N.A.,ST. MICHAEL'S ROAD,12,Terrace House,NA,"3,900",140 - 150,"1,500 - 1,600",Jul 2021
N.A.,ONAN ROAD,15,Terrace House,NA,"2,000",130 - 140,"1,400 - 1,500",Jul 2021
N.A.,LORONG TANGGAM,28,Detached House,NA,"13,000",400 - 410,"4,300 - 4,400",Jul 2021
N.A.,LORONG STANGEE,15,Terrace House,NA,"3,200",130 - 140,"1,500 - 1,600",Jul 2021
N.A.,ROSE LANE,15,Semi-Detached House,NA,"5,000",200 - 210,"2,100 - 2,200",Jul 2021
N.A.,LORONG SIGLAP,15,Semi-Detached House,NA,"5,800",270 - 280,"2,900 - 3,000",Jul 2021
N.A.,TAY LIAN TECK ROAD,15,Terrace House,NA,"4,000",200 - 210,"2,200 - 2,300",Jun 2021
N.A.,LANGSAT ROAD,15,Terrace House,NA,"3,000",200 - 210,"2,200 - 2,300",Jun 2021
N.A.,WOODGROVE AVENUE,25,Detached House,NA,"12,093",640 - 650,"6,900 - 7,000",Jul 2021
N.A.,SENNETT AVENUE,16,Semi-Detached House,NA,"7,700",450 - 460,"4,900 - 5,000",Jul 2021
N.A.,CAMBRIDGE ROAD,08,Terrace House,NA,"9,800",140 - 150,"1,500 - 1,600",Jul 2021
N.A.,BARKER ROAD,11,Detached House,NA,"13,000",450 - 460,"4,800 - 4,900",Jun 2021
N.A.,LOWLAND ROAD,19,Terrace House,NA,"5,800",140 - 150,"1,500 - 1,600",Jul 2021
N.A.,CORONATION ROAD WEST,10,Detached House,NA,"14,900",320 - 330,"3,400 - 3,500",Jul 2021
N.A.,MELROSE DRIVE,13,Detached House,NA,"7,000",430 - 440,"4,600 - 4,700",Jul 2021
N.A.,CHATSWORTH ROAD,10,Detached House,NA,"29,000","1,420 - 1,430","15,300 - 15,400",Jul 2021
N.A.,BARKER ROAD,11,Detached House,NA,"14,999",600 - 610,"6,500 - 6,600",Jul 2021
N.A.,ENG KONG ROAD,21,Semi-Detached House,NA,"4,600",340 - 350,"3,700 - 3,800",Jul 2021
N.A.,WOODGROVE AVENUE,25,Detached House,NA,"12,000",560 - 570,"6,100 - 6,200",Jul 2021
N.A.,WATTEN ESTATE ROAD,11,Semi-Detached House,NA,"8,000",240 - 250,"2,600 - 2,700",Jul 2021
N.A.,PLANTATION AVENUE,19,Terrace House,NA,"2,800",120 - 130,"1,300 - 1,400",Jul 2021
N.A.,MARLENE AVENUE,19,Semi-Detached House,NA,"5,600",320 - 330,"3,400 - 3,500",Jul 2021
N.A.,PARK VALE,11,Detached House,NA,"8,000",390 - 400,"4,200 - 4,300",Jun 2021
N.A.,AVA ROAD,12,Terrace House,NA,"4,300",120 - 130,"1,300 - 1,400",Jul 2021
N.A.,SENNETT CLOSE,16,Semi-Detached House,NA,"6,700",470 - 480,"5,100 - 5,200",Jul 2021
N.A.,FOWLIE ROAD,15,Terrace House,NA,"5,000",150 - 160,"1,600 - 1,700",Jul 2021
N.A.,BOSCOMBE ROAD,15,Detached House,NA,"11,800",590 - 600,"6,400 - 6,500",Jul 2021
N.A.,HARTLEY GROVE,15,Detached House,NA,"10,000",530 - 540,"5,700 - 5,800",Jul 2021
N.A.,HARVEY AVENUE,16,Detached House,NA,"3,000",130 - 140,"1,400 - 1,500",Jun 2021
N.A.,JALAN PASIRAN,11,Semi-Detached House,NA,"8,000",200 - 210,"2,200 - 2,300",Jun 2021
N.A.,SUNRISE AVENUE,28,Terrace House,NA,"4,400",300 - 310,"3,200 - 3,300",Jul 2021
N.A.,JALAN TANJONG,16,Terrace House,NA,"3,300",210 - 220,"2,200 - 2,300",Jul 2021
N.A.,PONGGOL SEVENTEENTH AVENUE,19,Detached House,NA,"6,030",250 - 260,"2,700 - 2,800",Jul 2021
N.A.,PONGGOL SEVENTEENTH AVENUE,19,Detached House,NA,"5,936",250 - 260,"2,700 - 2,800",Jul 2021
N.A.,BEDOK ROAD,16,Terrace House,NA,"4,000",170 - 180,"1,900 - 2,000",Jul 2021
N.A.,EAN KIAM PLACE,15,Terrace House,NA,"2,700",70 - 80,800 - 900,Jun 2021
N.A.,SPRINGSIDE GREEN,26,Terrace House,NA,"3,500",170 - 180,"1,800 - 1,900",Jul 2021
N.A.,CHATSWORTH ROAD,10,Detached House,NA,"23,000","1,450 - 1,460","15,600 - 15,700",Jul 2021
N.A.,TAN KIM CHENG ROAD,10,Detached House,NA,"18,500",400 - 410,"4,300 - 4,400",Jul 2021
N.A.,LORONG L TELOK KURAU,15,Terrace House,NA,"3,000",160 - 170,"1,700 - 1,800",Jul 2021
N.A.,WALTON ROAD,15,Detached House,NA,"9,000",440 - 450,"4,800 - 4,900",Jul 2021
N.A.,JALAN POKOK SERUNAI,16,Semi-Detached House,NA,"5,600",340 - 350,"3,600 - 3,700",Jul 2021
N.A.,ONAN ROAD,15,Terrace House,NA,"3,400",150 - 160,"1,700 - 1,800",Jul 2021
N.A.,BLANDFORD DRIVE,19,Semi-Detached House,NA,"9,000",260 - 270,"2,700 - 2,800",Jul 2021
N.A.,NIM GREEN,28,Terrace House,NA,"5,000",200 - 210,"2,100 - 2,200",Jul 2021
N.A.,GREENBANK PARK,21,Semi-Detached House,NA,"8,200",440 - 450,"4,700 - 4,800",Jul 2021
N.A.,LORONG G TELOK KURAU,15,Terrace House,NA,"4,800",320 - 330,"3,500 - 3,600",Jul 2021
N.A.,KEW DRIVE,16,Terrace House,NA,"5,300",160 - 170,"1,700 - 1,800",Jul 2021
N.A.,BRIDPORT AVENUE,19,Semi-Detached House,NA,"6,500",200 - 210,"2,100 - 2,200",Jul 2021
N.A.,STEVENS ROAD,10,Terrace House,NA,"11,720","1,050 - 1,060","11,300 - 11,400",Jul 2021
N.A.,SWETTENHAM ROAD,10,Detached House,NA,"33,000","1,420 - 1,430","15,300 - 15,400",Jul 2021
N.A.,BROADRICK ROAD,15,Detached House,NA,"20,000",650 - 660,"7,000 - 7,100",Jul 2021
N.A.,UNIVERSITY ROAD,11,Detached House,NA,"8,500",540 - 550,"5,800 - 5,900",Jul 2021
N.A.,GUILLEMARD CRESCENT,14,Terrace House,NA,"3,000",150 - 160,"1,600 - 1,700",Jul 2021
N.A.,JALAN SEDAP,15,Semi-Detached House,NA,"9,000",310 - 320,"3,400 - 3,500",Jul 2021
N.A.,BINJAI WALK,21,Detached House,NA,"23,000","1,490 - 1,500","16,100 - 16,200",Jul 2021
N.A.,THIAM SIEW AVENUE,15,Detached House,NA,"12,440",250 - 260,"2,700 - 2,800",Jul 2021
N.A.,CLEMENTI ROAD,21,Detached House,NA,"23,025",170 - 180,"1,900 - 2,000",Jun 2021
N.A.,FERNHILL ROAD,10,Terrace House,NA,"11,100",380 - 390,"4,100 - 4,200",Jul 2021
N.A.,SUNSET WAY,21,Detached House,NA,"13,000",590 - 600,"6,300 - 6,400",Jul 2021
N.A.,HARVEY AVENUE,16,Semi-Detached House,NA,"5,000",440 - 450,"4,700 - 4,800",Jun 2021
N.A.,EAN KIAM PLACE,15,Terrace House,NA,"2,600",70 - 80,800 - 900,Jul 2021
N.A.,CHATSWORTH ROAD,10,Detached House,NA,"13,800",570 - 580,"6,200 - 6,300",Jul 2021
N.A.,JALAN AWANG,14,Semi-Detached House,NA,"5,800",360 - 370,"3,900 - 4,000",Jul 2021
N.A.,NAMLY AVENUE,10,Detached House,NA,"9,700",450 - 460,"4,900 - 5,000",Jul 2021
N.A.,QUEEN ASTRID PARK,10,Detached House,NA,"17,000",720 - 730,"7,800 - 7,900",Jul 2021
N.A.,OCEAN DRIVE,04,Detached House,NA,"25,000",840 - 850,"9,000 - 9,100",Jul 2021
N.A.,WESTLAKE AVENUE,20,Semi-Detached House,NA,"6,000",380 - 390,"4,000 - 4,100",Jun 2021
N.A.,LORONG 102 CHANGI,15,Terrace House,NA,"3,750",320 - 330,"3,500 - 3,600",Jul 2021
N.A.,SIAK KEW AVENUE,13,Semi-Detached House,NA,"6,200",330 - 340,"3,600 - 3,700",Jul 2021
N.A.,KIM KEAT ROAD,12,Non-landed Properties,3,"5,000",140 - 150,"1,500 - 1,600",Jul 2021
N.A.,ROSE LANE,15,Non-landed Properties,NA,"1,750",90 - 100,"900 - 1,000",Jul 2021
N.A.,CLAYMORE ROAD,09,Non-landed Properties,2,"3,200",70 - 80,800 - 900,Jul 2021
N.A.,KIM KEAT CLOSE,12,Non-landed Properties,3,"2,550",90 - 100,"1,000 - 1,100",Jul 2021
N.A.,TANJONG KATONG ROAD,15,Non-landed Properties,NA,"2,350",100 - 110,"1,100 - 1,200",Jul 2021
N.A.,JALAN MOLEK,14,Non-landed Properties,NA,"3,100",130 - 140,"1,400 - 1,500",Jul 2021
N.A.,UPPER EAST COAST ROAD,15,Non-landed Properties,NA,"3,650",300 - 310,"3,300 - 3,400",Jul 2021
N.A.,CLAYMORE ROAD,09,Non-landed Properties,2,"3,000",70 - 80,700 - 800,Jul 2021
N.A.,MOSQUE STREET,01,Non-landed Properties,NA,"5,200",90 - 100,"1,000 - 1,100",Jul 2021
N.A.,BELMONT ROAD,10,Non-landed Properties,NA,"5,500",130 - 140,"1,400 - 1,500",Jul 2021
N.A.,GEYLANG ROAD,14,Non-landed Properties,NA,"2,700",60 - 70,700 - 800,Jul 2021
N.A.,TANJONG KATONG ROAD,15,Non-landed Properties,NA,"2,100",70 - 80,800 - 900,Jul 2021
N.A.,TAMPINES AVENUE,18,Non-landed Properties,NA,"2,500",130 - 140,"1,400 - 1,500",Jul 2021
N.A.,BALESTIER ROAD,12,Non-landed Properties,NA,"2,000",90 - 100,"900 - 1,000",Jul 2021
N.A.,TANJONG KATONG ROAD,15,Non-landed Properties,NA,"2,800",70 - 80,700 - 800,Jul 2021
N.A.,ST. MARTIN'S DRIVE,10,Non-landed Properties,2,"5,500",150 - 160,"1,700 - 1,800",Jul 2021
N.A.,ST. MARTIN'S DRIVE,10,Non-landed Properties,3,"4,900",120 - 130,"1,300 - 1,400",Jul 2021
N.A.,CRESCENT ROAD,15,Non-landed Properties,NA,"2,500",110 - 120,"1,200 - 1,300",Jul 2021
N.A.,HAIG ROAD,15,Non-landed Properties,NA,"2,500",100 - 110,"1,100 - 1,200",Jul 2021
N.A.,BOUNDARY ROAD,19,Non-landed Properties,NA,"2,550",120 - 130,"1,300 - 1,400",Jul 2021
N.A.,BALMORAL ROAD,10,Non-landed Properties,3,"6,100",170 - 180,"1,800 - 1,900",Jul 2021
N.A.,CLAYMORE ROAD,09,Non-landed Properties,2,"2,900",70 - 80,700 - 800,Jul 2021
N.A.,PASIR PANJANG ROAD,05,Non-landed Properties,3,"3,500",110 - 120,"1,200 - 1,300",Jul 2021
N.A.,TECK CHYE TERRACE,19,Non-landed Properties,NA,"2,850",80 - 90,"900 - 1,000",Jul 2021
N.A.,CARLISLE ROAD,08,Non-landed Properties,NA,"1,800",80 - 90,"900 - 1,000",Jul 2021
N.A.,ST. MICHAEL'S ROAD,12,Non-landed Properties,2,"3,600",100 - 110,"1,000 - 1,100",Jul 2021
N.A.,MACPHERSON ROAD,13,Non-landed Properties,NA,"3,000",70 - 80,700 - 800,Jul 2021
N.A.,RIVER VALLEY ROAD,10,Non-landed Properties,NA,"2,500",90 - 100,"1,000 - 1,100",Jul 2021
N.A.,JALAN ULU SIGLAP,15,Non-landed Properties,NA,"2,000",80 - 90,"900 - 1,000",Jul 2021
N.A.,STANGEE PLACE,15,Non-landed Properties,NA,"2,300",100 - 110,"1,100 - 1,200",Jul 2021
N.A.,PASIR PANJANG ROAD,05,Non-landed Properties,3,"3,600",110 - 120,"1,200 - 1,300",Jul 2021
N.A.,MOHAMED SULTAN ROAD,09,Non-landed Properties,NA,"2,500",50 - 60,500 - 600,Jul 2021
N.A.,JALAN SUKA,14,Non-landed Properties,NA,"2,800",100 - 110,"1,000 - 1,100",Jul 2021
N.A.,TANJONG KATONG ROAD,15,Non-landed Properties,NA,"2,800",80 - 90,"900 - 1,000",Jul 2021
N.A.,JALAN SEMPADAN,15,Non-landed Properties,NA,"2,300",90 - 100,"1,000 - 1,100",Jul 2021
N.A.,BALMORAL ROAD,10,Non-landed Properties,NA,"5,300",50 - 60,600 - 700,Jul 2021
N.A.,OUTRAM ROAD,03,Non-landed Properties,NA,"3,250",70 - 80,800 - 900,Jul 2021
N.A.,PASIR PANJANG ROAD,05,Non-landed Properties,3,"3,600",110 - 120,"1,200 - 1,300",Jul 2021
N.A.,KIM KEAT ROAD,12,Non-landed Properties,3,"2,800",110 - 120,"1,200 - 1,300",Jul 2021
N.A.,SYED ALWI ROAD,08,Non-landed Properties,NA,"5,824",70 - 80,700 - 800,Jul 2021
N.A.,GEYLANG ROAD,14,Non-landed Properties,NA,"2,000",100 - 110,"1,100 - 1,200",Jul 2021
N.A.,BALMORAL PARK,10,Non-landed Properties,NA,"3,700",150 - 160,"1,600 - 1,700",Jul 2021
N.A.,CHANGI ROAD,14,Non-landed Properties,NA,"1,950",110 - 120,"1,200 - 1,300",Jul 2021
N.A.,LORONG 41 GEYLANG,14,Non-landed Properties,3,"3,490",90 - 100,"1,000 - 1,100",Jul 2021
N.A.,CLAYMORE ROAD,09,Non-landed Properties,2,"3,200",70 - 80,800 - 900,Jul 2021
N.A.,TESSENSOHN ROAD,08,Non-landed Properties,NA,"2,700",110 - 120,"1,100 - 1,200",Jul 2021
N.A.,ZION ROAD,10,Non-landed Properties,NA,"7,000",70 - 80,700 - 800,Jul 2021
N.A.,CHANGI ROAD,14,Non-landed Properties,NA,"2,150",120 - 130,"1,300 - 1,400",Jul 2021
N.A.,RUBY LANE,12,Non-landed Properties,NA,"2,200",90 - 100,"900 - 1,000",Jul 2021
N.A.,PASIR PANJANG ROAD,05,Non-landed Properties,3,"3,600",110 - 120,"1,200 - 1,300",Jul 2021
N.A.,MACPHERSON ROAD,13,Non-landed Properties,NA,"2,700",60 - 70,700 - 800,Jul 2021
N.A.,EVERITT ROAD,15,Non-landed Properties,NA,"2,400",110 - 120,"1,200 - 1,300",Jul 2021
N.A.,NEWTON ROAD,11,Non-landed Properties,3,"5,750",160 - 170,"1,700 - 1,800",Jul 2021
N.A.,PASIR PANJANG ROAD,05,Non-landed Properties,NA,"3,000",80 - 90,800 - 900,Jul 2021
N.A.,ZION ROAD,10,Non-landed Properties,NA,"3,100",80 - 90,"900 - 1,000",Jul 2021
N.A.,JOO CHIAT TERRACE,15,Non-landed Properties,NA,"1,750",80 - 90,800 - 900,Jul 2021
N.A.,SOPHIA ROAD,09,Non-landed Properties,2,"2,000",60 - 70,600 - 700,Jul 2021
N.A.,SOPHIA ROAD,09,Non-landed Properties,2,"2,000",60 - 70,700 - 800,Jul 2021
N.A.,STEVENS ROAD,10,Non-landed Properties,4,"10,500",460 - 470,"4,900 - 5,000",Jul 2021
N.A.,ANAMALAI AVENUE,10,Non-landed Properties,NA,"2,600",120 - 130,"1,300 - 1,400",Jul 2021
N.A.,LORONG 8 GEYLANG,14,Non-landed Properties,NA,"5,500",320 - 330,"3,400 - 3,500",Jul 2021
N.A.,MACPHERSON ROAD,13,Non-landed Properties,NA,"2,500",60 - 70,700 - 800,Jul 2021
N.A.,CHANGI ROAD,14,Non-landed Properties,NA,"2,800",100 - 110,"1,000 - 1,100",Jul 2021
N.A.,SOPHIA ROAD,09,Non-landed Properties,2,"2,000",60 - 70,700 - 800,Jul 2021
N.A.,GUILLEMARD ROAD,14,Non-landed Properties,NA,"2,550",70 - 80,700 - 800,Jul 2021
N.A.,HAMILTON ROAD,08,Non-landed Properties,NA,"2,550",110 - 120,"1,200 - 1,300",Jul 2021
N.A.,TANGLIN ROAD,10,Non-landed Properties,NA,"3,850",80 - 90,800 - 900,Jul 2021
N.A.,SING JOO WALK,08,Non-landed Properties,NA,"2,800",120 - 130,"1,300 - 1,400",Jul 2021
N.A.,DRAYCOTT DRIVE,10,Non-landed Properties,3,"7,800",190 - 200,"2,100 - 2,200",Jul 2021
N.A.,PASIR PANJANG ROAD,05,Non-landed Properties,3,"3,500",110 - 120,"1,200 - 1,300",Jul 2021
N.A.,SERANGOON ROAD,08,Non-landed Properties,NA,"1,800",60 - 70,700 - 800,Jul 2021
N.A.,CHANDER ROAD,08,Non-landed Properties,NA,"2,000",60 - 70,600 - 700,Jul 2021
N.A.,JOO CHIAT PLACE,15,Non-landed Properties,NA,"3,000",90 - 100,"900 - 1,000",Jul 2021
N.A.,SOPHIA ROAD,09,Non-landed Properties,3,"3,200",130 - 140,"1,400 - 1,500",Jul 2021
N.A.,KIM KEAT CLOSE,12,Non-landed Properties,3,"2,600",90 - 100,"1,000 - 1,100",Jul 2021
N.A.,BRISTOL ROAD,08,Non-landed Properties,NA,"2,900",160 - 170,"1,800 - 1,900",Jul 2021
N.A.,LORONG 8 GEYLANG,14,Non-landed Properties,NA,"5,600",180 - 190,"1,900 - 2,000",Jul 2021
N.A.,SERANGOON ROAD,08,Non-landed Properties,NA,"1,600",60 - 70,700 - 800,Jul 2021
N.A.,LORONG 8 GEYLANG,14,Non-landed Properties,NA,"2,900",170 - 180,"1,800 - 1,900",Jul 2021
N.A.,LORONG 8 GEYLANG,14,Non-landed Properties,NA,"2,900",80 - 90,800 - 900,Jul 2021
N.A.,KIM KEAT ROAD,12,Non-landed Properties,3,"2,300",80 - 90,"900 - 1,000",Jul 2021
N.A.,EAST SUSSEX LANE,10,Non-landed Properties,NA,"7,800",160 - 170,"1,800 - 1,900",Jul 2021
N.A.,LORONG 32 GEYLANG,14,Non-landed Properties,NA,"3,800",80 - 90,800 - 900,Jul 2021
N.A.,LORONG 22 GEYLANG,14,Non-landed Properties,NA,"3,000",70 - 80,800 - 900,Jul 2021
N.A.,CLAYMORE ROAD,09,Non-landed Properties,3,"3,350",110 - 120,"1,200 - 1,300",Jul 2021
N.A.,THOMSON ROAD,11,Non-landed Properties,NA,"1,400",80 - 90,800 - 900,Jul 2021
N.A.,LORONG 15 GEYLANG,14,Non-landed Properties,NA,"3,300",80 - 90,"900 - 1,000",Jul 2021
N.A.,HOE CHIANG ROAD,02,Non-landed Properties,NA,"2,800",90 - 100,"900 - 1,000",Jul 2021
N.A.,RIVER VALLEY ROAD,09,Non-landed Properties,NA,"2,900",100 - 110,"1,000 - 1,100",Jul 2021
N.A.,EMERALD HILL ROAD,09,Non-landed Properties,NA,"5,500",110 - 120,"1,200 - 1,300",Jul 2021
N.A.,CEYLON ROAD,15,Non-landed Properties,3,"2,850",100 - 110,"1,100 - 1,200",Jul 2021
N.A.,BRIGHTON CRESCENT,19,Non-landed Properties,NA,"1,800",60 - 70,700 - 800,Jul 2021
N.A.,TANJONG KATONG ROAD,15,Non-landed Properties,NA,"2,700",70 - 80,800 - 900,Jul 2021
N.A.,OWEN ROAD,08,Non-landed Properties,NA,"2,500",70 - 80,700 - 800,Jul 2021
N.A.,TANJONG KATONG ROAD,15,Non-landed Properties,NA,"2,900",110 - 120,"1,200 - 1,300",Jul 2021
N.A.,BALESTIER ROAD,12,Non-landed Properties,NA,"2,500",150 - 160,"1,600 - 1,700",Jul 2021
N.A.,DICKSON ROAD,08,Non-landed Properties,NA,"2,500",80 - 90,"900 - 1,000",Jul 2021
N.A.,LORONG 8 GEYLANG,14,Non-landed Properties,NA,"5,600",180 - 190,"1,900 - 2,000",Jul 2021
N.A.,PASIR PANJANG ROAD,05,Non-landed Properties,3,"3,600",110 - 120,"1,200 - 1,300",Jul 2021
N.A.,PASIR PANJANG ROAD,05,Non-landed Properties,3,"3,600",110 - 120,"1,200 - 1,300",Jul 2021
N.A.,RIVER VALLEY ROAD,09,Non-landed Properties,NA,"3,800",100 - 110,"1,000 - 1,100",Jul 2021
N.A.,UPPER THOMSON ROAD,26,Non-landed Properties,NA,"2,550",160 - 170,"1,700 - 1,800",Jul 2021
N.A.,RACE COURSE ROAD,08,Non-landed Properties,NA,"1,700",20 - 30,200 - 300,Jul 2021
N.A.,LORONG 23 GEYLANG,14,Non-landed Properties,NA,"2,800",90 - 100,"1,000 - 1,100",Jul 2021
N.A.,GUILLEMARD ROAD,14,Non-landed Properties,NA,"2,000",80 - 90,800 - 900,Jul 2021
N.A.,SIMS AVENUE,14,Non-landed Properties,NA,"4,500",280 - 290,"3,000 - 3,100",Jul 2021
N.A.,LORONG 8 GEYLANG,14,Non-landed Properties,NA,"3,300",120 - 130,"1,300 - 1,400",Jul 2021
N.A.,LORONG 16 GEYLANG,14,Non-landed Properties,NA,"2,000",90 - 100,"1,000 - 1,100",Jul 2021
N.A.,SING JOO WALK,08,Non-landed Properties,NA,"2,800",80 - 90,"900 - 1,000",Jul 2021
N.A.,JOO CHIAT PLACE,15,Non-landed Properties,NA,"3,000",90 - 100,"1,000 - 1,100",Jul 2021
N.A.,MACPHERSON ROAD,13,Non-landed Properties,NA,"2,800",70 - 80,700 - 800,Jun 2021
N.A.,TEMBELING ROAD,15,Non-landed Properties,NA,"2,300",80 - 90,"900 - 1,000",Jul 2021
N.A.,KITCHENER ROAD,08,Non-landed Properties,NA,"2,700",120 - 130,"1,300 - 1,400",Jul 2021
N.A.,TANJONG KATONG ROAD,15,Non-landed Properties,NA,"2,200",100 - 110,"1,100 - 1,200",Jul 2021
N.A.,CHANGI ROAD,14,Non-landed Properties,NA,"1,900",30 - 40,300 - 400,Jul 2021
N.A.,JALAN SUKA,14,Non-landed Properties,NA,"2,800",100 - 110,"1,000 - 1,100",Jul 2021
N.A.,RACE COURSE ROAD,08,Non-landed Properties,NA,"1,800",30 - 40,300 - 400,Jul 2021
N.A.,OWEN ROAD,08,Non-landed Properties,NA,"2,800",120 - 130,"1,300 - 1,400",Jul 2021
N.A.,GEYLANG ROAD,14,Non-landed Properties,NA,"1,700",80 - 90,"900 - 1,000",Jul 2021
N.A.,SELEGIE ROAD,07,Non-landed Properties,NA,"8,000",210 - 220,"2,300 - 2,400",Jul 2021
N.A.,CUFF ROAD,08,Non-landed Properties,NA,"3,000",100 - 110,"1,000 - 1,100",Jul 2021
N.A.,SHREWSBURY ROAD,11,Non-landed Properties,NA,"2,500",80 - 90,800 - 900,Jun 2021
N.A.,RAMBUTAN ROAD,15,Non-landed Properties,NA,"1,900",130 - 140,"1,400 - 1,500",Jul 2021
N.A.,LORONG 16 GEYLANG,14,Non-landed Properties,NA,"2,800",90 - 100,"1,000 - 1,100",Jul 2021
N.A.,LORONG 8 GEYLANG,14,Non-landed Properties,NA,"2,800",120 - 130,"1,300 - 1,400",Jul 2021
N.A.,LORONG 4 GEYLANG,14,Non-landed Properties,NA,"3,000",110 - 120,"1,200 - 1,300",Jun 2021
N.A.,SERANGOON ROAD,12,Non-landed Properties,NA,"2,630",70 - 80,800 - 900,Jul 2021
N.A.,LORONG 41 GEYLANG,14,Non-landed Properties,3,"3,700",90 - 100,"1,000 - 1,100",Jul 2021
N.A.,SIMS AVENUE,14,Non-landed Properties,NA,"2,550",120 - 130,"1,300 - 1,400",Jul 2021
N.A.,LORONG 22 GEYLANG,14,Non-landed Properties,NA,"3,500",100 - 110,"1,100 - 1,200",Jul 2021
N.A.,GILSTEAD ROAD,11,Non-landed Properties,2,"1,100",90 - 100,"1,000 - 1,100",Jul 2021
N.A.,EAST COAST ROAD,15,Non-landed Properties,NA,"2,100",50 - 60,600 - 700,Jul 2021
N.A.,OWEN ROAD,08,Non-landed Properties,NA,"1,000",80 - 90,800 - 900,Jul 2021
N.A.,JOO CHIAT PLACE,15,Non-landed Properties,NA,"1,650",70 - 80,800 - 900,Jul 2021
N.A.,JOO AVENUE,08,Non-landed Properties,NA,"3,000",70 - 80,800 - 900,Jun 2021
N.A.,SERANGOON ROAD,12,Non-landed Properties,NA,"2,950",70 - 80,800 - 900,Jul 2021
N.A.,KIM KEAT LANE,12,Non-landed Properties,3,"2,200",80 - 90,"900 - 1,000",Jul 2021
N.A.,UPPER PAYA LEBAR ROAD,19,Non-landed Properties,NA,"3,000",100 - 110,"1,000 - 1,100",Jul 2021
N.A.,DRAYCOTT DRIVE,10,Non-landed Properties,3,"5,300",140 - 150,"1,500 - 1,600",Jul 2021
N.A.,HAIG ROAD,15,Non-landed Properties,NA,"2,300",100 - 110,"1,100 - 1,200",Jul 2021
N.A.,PASIR PANJANG ROAD,05,Non-landed Properties,3,"3,600",110 - 120,"1,200 - 1,300",Jul 2021
N.A.,KILLINEY ROAD,09,Non-landed Properties,NA,"2,200",170 - 180,"1,900 - 2,000",Jul 2021
N.A.,RANGOON ROAD,08,Non-landed Properties,NA,"3,200",120 - 130,"1,300 - 1,400",Jul 2021
N.A.,MOUNT ELIZABETH,09,Non-landed Properties,NA,"2,600",80 - 90,800 - 900,Jul 2021
N.A.,PASIR PANJANG ROAD,05,Non-landed Properties,3,"3,900",110 - 120,"1,200 - 1,300",Jul 2021
N.A.,ROCHDALE ROAD,19,Non-landed Properties,NA,"3,000",90 - 100,"900 - 1,000",Jul 2021
N.A.,CLAYMORE ROAD,09,Non-landed Properties,2,"2,900",70 - 80,800 - 900,Jun 2021
N.A.,EAST COAST ROAD,15,Non-landed Properties,NA,"2,100",70 - 80,700 - 800,Jul 2021
N.A.,FLOWER ROAD,19,Non-landed Properties,NA,"2,800",110 - 120,"1,200 - 1,300",Jul 2021
N.A.,TANJONG KATONG ROAD,15,Non-landed Properties,NA,"3,250",70 - 80,800 - 900,Jul 2021
N.A.,RACE COURSE ROAD,08,Non-landed Properties,1,"1,700",30 - 40,300 - 400,Jul 2021
N.A.,MACPHERSON ROAD,13,Non-landed Properties,NA,"2,800",80 - 90,800 - 900,Jul 2021
N.A.,MOONSTONE LANE,12,Non-landed Properties,NA,"2,700",80 - 90,800 - 900,Jun 2021
N.A.,JALAN KAYU,28,Non-landed Properties,NA,"9,500",70 - 80,800 - 900,Jun 2021
N.A.,CHANGI ROAD,14,Non-landed Properties,NA,"18,000",320 - 330,"3,500 - 3,600",Jul 2021
N.A.,UPPER PAYA LEBAR ROAD,19,Non-landed Properties,3,"2,200",100 - 110,"1,100 - 1,200",Jul 2021
N.A.,RAMBUTAN ROAD,15,Non-landed Properties,NA,"4,800",150 - 160,"1,600 - 1,700",Jul 2021
N.A.,PEGU ROAD,12,Non-landed Properties,NA,"1,800",30 - 40,300 - 400,Jul 2021
N.A.,MOSQUE STREET,01,Non-landed Properties,NA,"5,200",90 - 100,"1,000 - 1,100",Jun 2021
N.A.,TANJONG KATONG ROAD,15,Non-landed Properties,NA,"2,800",70 - 80,800 - 900,Jul 2021
N.A.,BALMORAL ROAD,10,Non-landed Properties,2,"6,250",110 - 120,"1,200 - 1,300",Jul 2021
N.A.,RACE COURSE ROAD,08,Non-landed Properties,NA,"2,400",70 - 80,800 - 900,Jul 2021
N.A.,TANJONG KATONG ROAD,15,Non-landed Properties,NA,"2,200",80 - 90,"900 - 1,000",Jun 2021
N.A.,PASIR PANJANG ROAD,05,Non-landed Properties,3,"4,150",110 - 120,"1,200 - 1,300",Jul 2021
N.A.,LORONG 17 GEYLANG,14,Non-landed Properties,NA,"2,500",80 - 90,"900 - 1,000",May 2021
N.A.,LORONG 16 GEYLANG,14,Non-landed Properties,NA,"3,000",100 - 110,"1,100 - 1,200",Jul 2021
N.A.,GRANGE ROAD,10,Non-landed Properties,NA,"11,500",400 - 410,"4,300 - 4,400",Jul 2021
N.A.,GILSTEAD ROAD,11,Non-landed Properties,2,"1,100",90 - 100,"1,000 - 1,100",Jul 2021
N.A.,CLAYMORE ROAD,09,Non-landed Properties,2,"3,000",70 - 80,800 - 900,Jul 2021
N.A.,RACE COURSE ROAD,08,Non-landed Properties,NA,"2,000",50 - 60,500 - 600,Jul 2021
N.A.,CLAYMORE ROAD,09,Non-landed Properties,2,"2,500",70 - 80,800 - 900,Jul 2021
N.A.,LOWLAND ROAD,19,Non-landed Properties,NA,"2,000",60 - 70,600 - 700,Jul 2021
N.A.,CLAYMORE ROAD,09,Non-landed Properties,3,"3,100",110 - 120,"1,200 - 1,300",Jul 2021
N.A.,HAMILTON ROAD,08,Non-landed Properties,NA,"3,000",80 - 90,"900 - 1,000",Jul 2021
N.A.,BOUNDARY ROAD,19,Non-landed Properties,NA,"2,200",70 - 80,800 - 900,Jul 2021
N.A.,TANJONG KATONG ROAD,15,Non-landed Properties,NA,"3,200",70 - 80,800 - 900,Jul 2021
N.A.,CHEONG CHIN NAM ROAD,21,Non-landed Properties,NA,"3,500",60 - 70,700 - 800,Jul 2021
N.A.,BALMORAL PARK,10,Non-landed Properties,NA,"3,600",150 - 160,"1,600 - 1,700",Jul 2021
N.A.,DUBLIN ROAD,09,Non-landed Properties,NA,"1,800",160 - 170,"1,700 - 1,800",Jul 2021
N.A.,JALAN KAYU,28,Non-landed Properties,NA,"2,500",70 - 80,800 - 900,Jul 2021
N.A.,ALJUNIED ROAD,14,Non-landed Properties,NA,"9,000",230 - 240,"2,500 - 2,600",Jul 2021
N.A.,UPPER EAST COAST ROAD,15,Non-landed Properties,NA,"3,500",140 - 150,"1,600 - 1,700",Jul 2021
N.A.,JALAN MASJID,14,Non-landed Properties,NA,"3,500",120 - 130,"1,300 - 1,400",Jul 2021
N.A.,RACE COURSE ROAD,08,Non-landed Properties,NA,"1,750",20 - 30,200 - 300,Jul 2021
N.A.,LAVENDER STREET,12,Non-landed Properties,NA,"1,500",80 - 90,"900 - 1,000",Jul 2021
N.A.,STILL ROAD,15,Non-landed Properties,NA,"2,200",100 - 110,"1,000 - 1,100",Jul 2021
N.A.,ROBERTS LANE,08,Non-landed Properties,NA,"4,000",70 - 80,700 - 800,Jul 2021
N.A.,HAIG ROAD,15,Non-landed Properties,NA,"2,700",160 - 170,"1,700 - 1,800",Jul 2021
N.A.,LORONG 15 GEYLANG,14,Non-landed Properties,NA,"1,800",60 - 70,700 - 800,Jul 2021
N.A.,EAST COAST ROAD,15,Non-landed Properties,NA,"5,600",100 - 110,"1,000 - 1,100",Jul 2021
N.A.,JOO CHIAT ROAD,15,Non-landed Properties,NA,"3,200",100 - 110,"1,000 - 1,100",Jul 2021
N.A.,BALMORAL PARK,10,Non-landed Properties,NA,"4,300",160 - 170,"1,700 - 1,800",Jul 2021
N.A.,RACE COURSE ROAD,08,Non-landed Properties,NA,"2,650",70 - 80,800 - 900,Jul 2021
N.A.,HOE CHIANG ROAD,02,Non-landed Properties,NA,"2,550",80 - 90,"900 - 1,000",Jul 2021
N.A.,CHESTNUT AVENUE,23,Detached House,NA,"9,500",400 - 410,"4,300 - 4,400",Aug 2021
N.A.,KILLINEY ROAD,09,Terrace House,NA,"6,500",100 - 110,"1,100 - 1,200",Aug 2021
N.A.,CRANBORNE ROAD,15,Detached House,NA,"6,000",590 - 600,"6,300 - 6,400",Aug 2021
N.A.,THOMSON HILL,20,Terrace House,NA,"7,000",330 - 340,"3,600 - 3,700",Aug 2021
N.A.,CORONATION ROAD WEST,10,Semi-Detached House,NA,"13,000",260 - 270,"2,800 - 2,900",Aug 2021
N.A.,JALAN CHENGKEK,13,Terrace House,NA,"3,000",240 - 250,"2,600 - 2,700",Aug 2021
N.A.,LUCKY HEIGHTS,16,Semi-Detached House,NA,"7,600",300 - 310,"3,300 - 3,400",Aug 2021
N.A.,CORONATION ROAD WEST,10,Detached House,NA,"11,000",380 - 390,"4,100 - 4,200",Aug 2021
N.A.,TOH TUCK ROAD,21,Terrace House,NA,"3,600",160 - 170,"1,800 - 1,900",Aug 2021
N.A.,MERRYN ROAD,11,Detached House,NA,"10,000",410 - 420,"4,400 - 4,500",Aug 2021
N.A.,NAMLY HILL,10,Semi-Detached House,NA,"12,000",320 - 330,"3,400 - 3,500",Aug 2021
N.A.,HOLLAND HEIGHTS,10,Detached House,NA,"8,888",660 - 670,"7,100 - 7,200",Aug 2021
N.A.,SERAYA ROAD,15,Terrace House,NA,"5,500",160 - 170,"1,700 - 1,800",Aug 2021
N.A.,LORONG STANGEE,15,Terrace House,NA,"6,300",160 - 170,"1,700 - 1,800",Aug 2021
N.A.,THAM SOONG AVENUE,21,Terrace House,NA,"7,400",220 - 230,"2,300 - 2,400",Aug 2021
N.A.,SECOND AVENUE,10,Detached House,NA,"22,000","1,850 - 1,860","19,900 - 20,000",Aug 2021
N.A.,GREENBANK PARK,21,Semi-Detached House,NA,"7,700",300 - 310,"3,300 - 3,400",Aug 2021
N.A.,COWDRAY AVENUE,19,Terrace House,NA,"8,000",200 - 210,"2,100 - 2,200",Aug 2021
N.A.,STEVENS ROAD,10,Terrace House,NA,"13,800","1,020 - 1,030","11,000 - 11,100",Aug 2021
N.A.,SUNSET AVENUE,11,Detached House,NA,"15,000",950 - 960,"10,300 - 10,400",Aug 2021
N.A.,KIM YAM ROAD,09,Terrace House,NA,"7,700",150 - 160,"1,700 - 1,800",Aug 2021
N.A.,LORONG MARZUKI,14,Terrace House,NA,"5,400",250 - 260,"2,700 - 2,800",Aug 2021
N.A.,SELETAR HILLS DRIVE,28,Semi-Detached House,NA,"3,600",320 - 330,"3,500 - 3,600",Aug 2021
N.A.,DUNEARN ROAD,11,Detached House,NA,"20,000",570 - 580,"6,200 - 6,300",Aug 2021
N.A.,NAMLY RISE,10,Semi-Detached House,NA,"7,000",290 - 300,"3,100 - 3,200",Aug 2021
N.A.,CORNWALL GARDENS,10,Detached House,NA,"28,000","2,530 - 2,540","27,200 - 27,300",Aug 2021
N.A.,CORONATION ROAD,10,Terrace House,NA,"5,800",330 - 340,"3,600 - 3,700",Aug 2021
N.A.,QUEEN ASTRID PARK,10,Detached House,NA,"20,000","1,400 - 1,410","15,000 - 15,100",Aug 2021
N.A.,TANAH MERAH KECHIL ROAD SOUTH,16,Terrace House,NA,"6,250",160 - 170,"1,700 - 1,800",Aug 2021
N.A.,LUCKY VIEW,16,Semi-Detached House,NA,"6,200",300 - 310,"3,300 - 3,400",Aug 2021
N.A.,LEITH ROAD,19,Terrace House,NA,"6,800",230 - 240,"2,500 - 2,600",Aug 2021
N.A.,GROVE CRESCENT,10,Semi-Detached House,NA,"16,000",370 - 380,"4,000 - 4,100",Aug 2021
N.A.,BRIGHTON AVENUE,19,Semi-Detached House,NA,"7,200",240 - 250,"2,600 - 2,700",Aug 2021
N.A.,DIX ROAD,19,Terrace House,NA,"4,000",280 - 290,"3,000 - 3,100",Aug 2021
N.A.,JALAN NOVENA UTARA,11,Terrace House,NA,"3,200",270 - 280,"3,000 - 3,100",Aug 2021
N.A.,SENNETT AVENUE,16,Semi-Detached House,NA,"6,000",310 - 320,"3,400 - 3,500",Aug 2021
N.A.,FARLEIGH AVENUE,19,Semi-Detached House,NA,"6,000",280 - 290,"3,000 - 3,100",Aug 2021
N.A.,JALAN KAMPONG CHANTEK,21,Detached House,NA,"11,500",820 - 830,"8,900 - 9,000",Aug 2021
N.A.,BRIGHT HILL CRESCENT,20,Detached House,NA,"11,000",400 - 410,"4,300 - 4,400",Aug 2021
N.A.,AIDA STREET,15,Semi-Detached House,NA,"5,000",270 - 280,"2,900 - 3,000",Aug 2021
N.A.,JALAN ANGKLONG,20,Semi-Detached House,NA,"5,800",330 - 340,"3,500 - 3,600",Aug 2021
N.A.,CHATSWORTH ROAD,10,Detached House,NA,"14,000",560 - 570,"6,000 - 6,100",Aug 2021
N.A.,LORONG BATAWI,19,Semi-Detached House,NA,"4,500",390 - 400,"4,200 - 4,300",Aug 2021
N.A.,HUA GUAN AVENUE,21,Detached House,NA,"9,300",270 - 280,"2,900 - 3,000",Aug 2021
N.A.,MUGLISTON ROAD,15,Terrace House,NA,"4,850",320 - 330,"3,500 - 3,600",Aug 2021
N.A.,TEMBELING ROAD,15,Terrace House,NA,"7,200",130 - 140,"1,400 - 1,500",Aug 2021
N.A.,JALAN LIM TAI SEE,10,Terrace House,NA,"8,350",340 - 350,"3,700 - 3,800",Aug 2021
N.A.,CORONATION ROAD WEST,10,Semi-Detached House,NA,"7,800",530 - 540,"5,700 - 5,800",Aug 2021
N.A.,GENTLE ROAD,11,Detached House,NA,"27,000","1,720 - 1,730","18,500 - 18,600",Aug 2021
N.A.,TELOK KURAU ROAD,15,Terrace House,NA,"4,600",160 - 170,"1,800 - 1,900",Aug 2021
N.A.,PEEL ROAD,10,Detached House,NA,"34,000","1,570 - 1,580","16,900 - 17,000",Aug 2021
N.A.,ST. HELIER'S AVENUE,19,Semi-Detached House,NA,"7,100",210 - 220,"2,300 - 2,400",Aug 2021
N.A.,BEDOK RIA CRESCENT,16,Terrace House,NA,"4,200",150 - 160,"1,600 - 1,700",Aug 2021
N.A.,BUKIT TUNGGAL ROAD,11,Detached House,NA,"21,000","1,400 - 1,410","15,000 - 15,100",Aug 2021
N.A.,POOLE ROAD,15,Semi-Detached House,NA,"9,000",310 - 320,"3,300 - 3,400",Aug 2021
N.A.,KOON SENG ROAD,15,Terrace House,NA,"3,200",160 - 170,"1,700 - 1,800",Aug 2021
N.A.,JALAN KAMPONG CHANTEK,21,Detached House,NA,"35,000","1,990 - 2,000","21,500 - 21,600",Aug 2021
N.A.,WISHART ROAD,04,Semi-Detached House,NA,"9,500",500 - 510,"5,300 - 5,400",Aug 2021
N.A.,MARGOLIOUTH ROAD,10,Detached House,NA,"22,500",600 - 610,"6,500 - 6,600",Aug 2021
N.A.,YUNNAN WALK,22,Terrace House,NA,"5,000",240 - 250,"2,600 - 2,700",Aug 2021
N.A.,COTSWOLD CLOSE,13,Detached House,NA,"12,000",600 - 610,"6,400 - 6,500",Aug 2021
N.A.,SECOND AVENUE,10,Detached House,NA,"12,000",390 - 400,"4,200 - 4,300",Aug 2021
N.A.,CROWHURST DRIVE,19,Semi-Detached House,NA,"12,200",390 - 400,"4,200 - 4,300",Aug 2021
N.A.,JALAN JAMBU AYER,21,Semi-Detached House,NA,"12,500",270 - 280,"2,900 - 3,000",Aug 2021
N.A.,PALM DRIVE,15,Terrace House,NA,"7,000",360 - 370,"3,900 - 4,000",Aug 2021
N.A.,LORONG SELANGAT,13,Semi-Detached House,NA,"8,160",430 - 440,"4,600 - 4,700",Aug 2021
N.A.,LORONG 14 GEYLANG,14,Terrace House,NA,"6,000",160 - 170,"1,700 - 1,800",Aug 2021
N.A.,BALMORAL PARK,10,Semi-Detached House,NA,"7,400",200 - 210,"2,200 - 2,300",Aug 2021
N.A.,MERRYN ROAD,11,Detached House,NA,"12,000",420 - 430,"4,500 - 4,600",Aug 2021
N.A.,JOO CHIAT AVENUE,15,Terrace House,NA,"3,750",190 - 200,"2,000 - 2,100",Aug 2021
N.A.,PETAIN ROAD,08,Terrace House,NA,"3,600",120 - 130,"1,300 - 1,400",Aug 2021
N.A.,KHEAM HOCK ROAD,11,Detached House,NA,"19,000",510 - 520,"5,400 - 5,500",Aug 2021
N.A.,CHANCERY HILL WALK,11,Terrace House,NA,"7,000",290 - 300,"3,200 - 3,300",Aug 2021
N.A.,MEYER ROAD,15,Semi-Detached House,NA,"8,000",270 - 280,"2,900 - 3,000",Aug 2021
N.A.,VANDA CRESCENT,11,Detached House,NA,"13,000",450 - 460,"4,800 - 4,900",Aug 2021
N.A.,MERRYN ROAD,11,Detached House,NA,"15,750",410 - 420,"4,400 - 4,500",Aug 2021
N.A.,JALAN TUPAI,10,Terrace House,NA,"5,800",210 - 220,"2,200 - 2,300",Aug 2021
N.A.,LORONG MYDIN,14,Terrace House,NA,"4,300",350 - 360,"3,800 - 3,900",Aug 2021
N.A.,TOH AVENUE,17,Semi-Detached House,NA,"6,000",280 - 290,"3,100 - 3,200",Aug 2021
N.A.,EMPRESS ROAD,10,Semi-Detached House,NA,"6,300",310 - 320,"3,300 - 3,400",Aug 2021
N.A.,BARKER ROAD,11,Terrace House,NA,"6,500",240 - 250,"2,600 - 2,700",Aug 2021
N.A.,CHAPEL ROAD,15,Terrace House,NA,"4,600",150 - 160,"1,600 - 1,700",Aug 2021
N.A.,RANGOON ROAD,08,Terrace House,NA,"5,000",210 - 220,"2,300 - 2,400",Aug 2021
N.A.,JALAN AMPANG,10,Semi-Detached House,NA,"7,800",440 - 450,"4,800 - 4,900",Aug 2021
N.A.,OAKWOOD GROVE,25,Detached House,NA,"9,000",690 - 700,"7,400 - 7,500",Aug 2021
N.A.,BLANDFORD DRIVE,19,Terrace House,NA,"10,000",260 - 270,"2,700 - 2,800",Aug 2021
N.A.,KINGSMEAD ROAD,10,Detached House,NA,"21,000",640 - 650,"6,900 - 7,000",Aug 2021
N.A.,STOKESAY DRIVE,19,Semi-Detached House,NA,"12,000",350 - 360,"3,800 - 3,900",Aug 2021
N.A.,DALVEY ESTATE,10,Detached House,NA,"30,000",740 - 750,"8,000 - 8,100",Aug 2021
N.A.,JANSEN ROAD,19,Terrace House,NA,"5,400",170 - 180,"1,800 - 1,900",Aug 2021
N.A.,CLACTON ROAD,15,Semi-Detached House,NA,"14,000",160 - 170,"1,700 - 1,800",Aug 2021
N.A.,CRESCENT ROAD,15,Terrace House,NA,"3,550",150 - 160,"1,600 - 1,700",Aug 2021
N.A.,MAKEPEACE ROAD,09,Terrace House,NA,"8,500",140 - 150,"1,500 - 1,600",Aug 2021
N.A.,BROADRICK ROAD,15,Semi-Detached House,NA,"7,800",490 - 500,"5,300 - 5,400",Aug 2021
N.A.,JALAN HAJI ALIAS,10,Terrace House,NA,"10,500",180 - 190,"2,000 - 2,100",Aug 2021
N.A.,HUA GUAN AVENUE,21,Detached House,NA,"12,500",430 - 440,"4,700 - 4,800",Aug 2021
N.A.,BEDOK TERRACE,16,Terrace House,NA,"4,800",400 - 410,"4,300 - 4,400",Aug 2021
N.A.,BEECHWOOD GROVE,25,Terrace House,NA,"7,200",190 - 200,"2,100 - 2,200",Aug 2021
N.A.,PAYA LEBAR CRESCENT,19,Terrace House,NA,"1,200",40 - 50,500 - 600,Aug 2021
N.A.,EAST COAST ROAD,15,Terrace House,NA,"4,476",280 - 290,"3,000 - 3,100",Aug 2021
N.A.,LORONG N TELOK KURAU,15,Terrace House,NA,"3,300",260 - 270,"2,800 - 2,900",Aug 2021
N.A.,SWANAGE ROAD,15,Terrace House,NA,"4,300",170 - 180,"1,900 - 2,000",Aug 2021
N.A.,CORONATION ROAD WEST,10,Semi-Detached House,NA,"10,800",320 - 330,"3,400 - 3,500",Aug 2021
N.A.,CASSIA DRIVE,11,Detached House,NA,"23,000",920 - 930,"10,000 - 10,100",Aug 2021
N.A.,LEITH ROAD,19,Semi-Detached House,NA,"5,700",260 - 270,"2,700 - 2,800",Aug 2021
N.A.,JALAN KEMBANG MELATI,10,Terrace House,NA,"7,800",230 - 240,"2,500 - 2,600",Aug 2021
N.A.,SIOK WAN CLOSE,05,Detached House,NA,"6,800",250 - 260,"2,700 - 2,800",Aug 2021
N.A.,EVERITT ROAD,15,Terrace House,NA,"6,000",190 - 200,"2,100 - 2,200",Aug 2021
N.A.,JALAN TUPAI,10,Semi-Detached House,NA,"5,000",240 - 250,"2,600 - 2,700",Aug 2021
N.A.,JALAN ARNAP,10,Semi-Detached House,NA,"18,500",330 - 340,"3,600 - 3,700",Aug 2021
N.A.,HOLLAND GROVE DRIVE,10,Detached House,NA,"14,300",410 - 420,"4,500 - 4,600",Aug 2021
N.A.,DUKE'S ROAD,10,Semi-Detached House,NA,"7,350",380 - 390,"4,100 - 4,200",Aug 2021
N.A.,ZEHNDER ROAD,05,Semi-Detached House,NA,"6,500",520 - 530,"5,600 - 5,700",Aug 2021
N.A.,WATTEN ESTATE ROAD,11,Semi-Detached House,NA,"8,000",280 - 290,"3,000 - 3,100",Aug 2021
N.A.,WATTEN HEIGHTS,11,Semi-Detached House,NA,"11,000",370 - 380,"4,000 - 4,100",Aug 2021
N.A.,CARPMAEL ROAD,15,Terrace House,NA,"2,700",150 - 160,"1,700 - 1,800",Aug 2021
N.A.,MAKEPEACE ROAD,09,Terrace House,NA,"12,500",170 - 180,"1,800 - 1,900",Aug 2021
N.A.,JALAN ISTIMEWA,10,Semi-Detached House,NA,"15,700",390 - 400,"4,200 - 4,300",Aug 2021
N.A.,LORONG 20 GEYLANG,14,Terrace House,NA,"4,000",210 - 220,"2,300 - 2,400",Aug 2021
N.A.,DYSON ROAD,11,Detached House,NA,"20,000",470 - 480,"5,100 - 5,200",Aug 2021
N.A.,SEMBAWANG PLACE,27,Detached House,NA,"7,500",270 - 280,"2,900 - 3,000",Aug 2021
N.A.,GRAY LANE,15,Detached House,NA,"6,600",440 - 450,"4,700 - 4,800",Aug 2021
N.A.,JALAN PEMIMPIN,20,Semi-Detached House,NA,"6,000",250 - 260,"2,700 - 2,800",Aug 2021
N.A.,STEVENS ROAD,10,Terrace House,NA,"11,720",910 - 920,"9,800 - 9,900",Aug 2021
N.A.,LORONG J TELOK KURAU,15,Terrace House,NA,"5,500",230 - 240,"2,500 - 2,600",Aug 2021
N.A.,CORONATION ROAD WEST,10,Semi-Detached House,NA,"7,800",300 - 310,"3,200 - 3,300",Aug 2021
N.A.,JOON HIANG ROAD,19,Terrace House,NA,"4,700",180 - 190,"1,900 - 2,000",Aug 2021
N.A.,JALAN KAYU,28,Semi-Detached House,NA,"4,000",240 - 250,"2,500 - 2,600",Aug 2021
N.A.,BERWICK DRIVE,19,Semi-Detached House,NA,"10,800",230 - 240,"2,400 - 2,500",Aug 2021
N.A.,TELOK KURAU ROAD,15,Semi-Detached House,NA,"6,000",300 - 310,"3,300 - 3,400",Aug 2021
N.A.,GENTLE ROAD,11,Detached House,NA,"14,200",430 - 440,"4,700 - 4,800",Aug 2021
N.A.,ONE TREE HILL,10,Semi-Detached House,NA,"14,500",200 - 210,"2,100 - 2,200",Aug 2021
N.A.,WILKINSON ROAD,15,Semi-Detached House,NA,"12,500",360 - 370,"3,800 - 3,900",Aug 2021
N.A.,PASIR PANJANG ROAD,05,Terrace House,NA,"5,000",220 - 230,"2,400 - 2,500",Aug 2021
N.A.,PONGGOL SEVENTEENTH AVENUE,19,Detached House,NA,"5,843",250 - 260,"2,700 - 2,800",Aug 2021
N.A.,FERNHILL ROAD,10,Terrace House,NA,"5,500",160 - 170,"1,700 - 1,800",Aug 2021
N.A.,LOWLAND ROAD,19,Terrace House,NA,"3,700",190 - 200,"2,100 - 2,200",Aug 2021
N.A.,JALAN WAJEK,21,Detached House,NA,"17,500",810 - 820,"8,700 - 8,800",Aug 2021
N.A.,MARLENE AVENUE,19,Semi-Detached House,NA,"6,000",310 - 320,"3,300 - 3,400",Aug 2021
N.A.,JALAN MERDU,19,Detached House,NA,"4,300",370 - 380,"4,000 - 4,100",Aug 2021
N.A.,PAYA LEBAR CRESCENT,19,Terrace House,NA,"2,000",40 - 50,500 - 600,Aug 2021
N.A.,PADANG CHANCERY,11,Detached House,NA,"9,700",780 - 790,"8,400 - 8,500",Aug 2021
N.A.,BROCKHAMPTON DRIVE,19,Terrace House,NA,"9,500",260 - 270,"2,800 - 2,900",Aug 2021
N.A.,UPPER EAST COAST ROAD,16,Terrace House,NA,"3,000",150 - 160,"1,700 - 1,800",Aug 2021
N.A.,LORONG SARI,05,Semi-Detached House,NA,"5,700",210 - 220,"2,300 - 2,400",Aug 2021
N.A.,ROSEBURN AVENUE,15,Detached House,NA,"21,000",810 - 820,"8,800 - 8,900",Aug 2021
N.A.,HUDDINGTON AVENUE,19,Terrace House,NA,"7,700",200 - 210,"2,100 - 2,200",Aug 2021
N.A.,LORONG MELAYU,14,Terrace House,NA,"1,700",150 - 160,"1,600 - 1,700",Aug 2021
N.A.,EVERITT ROAD,15,Terrace House,NA,"3,000",170 - 180,"1,800 - 1,900",Aug 2021
N.A.,JOAN ROAD,11,Detached House,NA,"22,000","1,390 - 1,400","15,000 - 15,100",Aug 2021
N.A.,HUDDINGTON AVENUE,19,Terrace House,NA,"11,000",270 - 280,"2,900 - 3,000",Aug 2021
N.A.,TEMBELING ROAD,15,Terrace House,NA,"4,400",180 - 190,"2,000 - 2,100",Aug 2021
N.A.,JALAN ANGIN LAUT,16,Terrace House,NA,"3,800",320 - 330,"3,500 - 3,600",Aug 2021
N.A.,MARSHALL ROAD,15,Terrace House,NA,"5,500",150 - 160,"1,600 - 1,700",Aug 2021
N.A.,GOLDHILL AVENUE,11,Semi-Detached House,NA,"10,800",290 - 300,"3,100 - 3,200",Aug 2021
N.A.,LUCKY GARDENS,16,Terrace House,NA,"3,600",150 - 160,"1,700 - 1,800",Aug 2021
N.A.,LORNIE ROAD,11,Semi-Detached House,NA,"10,500",520 - 530,"5,600 - 5,700",Aug 2021
N.A.,JALAN LOYANG BESAR,17,Terrace House,NA,"2,800",220 - 230,"2,400 - 2,500",Aug 2021
N.A.,TAVISTOCK AVENUE,19,Semi-Detached House,NA,"6,500",240 - 250,"2,600 - 2,700",Aug 2021
N.A.,DYSON ROAD,11,Terrace House,NA,"7,100",470 - 480,"5,100 - 5,200",Aug 2021
N.A.,MARTABAN ROAD,12,Terrace House,NA,"3,800",180 - 190,"1,900 - 2,000",Aug 2021
N.A.,GREENLEAF VIEW,10,Detached House,NA,"25,000",460 - 470,"5,000 - 5,100",Aug 2021
N.A.,JALAN TANJONG,16,Terrace House,NA,"3,000",180 - 190,"2,000 - 2,100",Aug 2021
N.A.,WILKINSON ROAD,15,Detached House,NA,"15,000",520 - 530,"5,600 - 5,700",Aug 2021
N.A.,BEECHWOOD GROVE,25,Detached House,NA,"7,600",500 - 510,"5,400 - 5,500",Aug 2021
N.A.,JALAN RAYA,13,Semi-Detached House,NA,"5,500",400 - 410,"4,300 - 4,400",Aug 2021
N.A.,LENGKONG DUA,14,Semi-Detached House,NA,"5,650",400 - 410,"4,300 - 4,400",Aug 2021
N.A.,KEW TERRACE,16,Semi-Detached House,NA,"6,800",220 - 230,"2,300 - 2,400",Aug 2021
N.A.,LORONG MARICAN,14,Terrace House,NA,"4,150",210 - 220,"2,200 - 2,300",Aug 2021
N.A.,JALAN KAMPONG CHANTEK,21,Detached House,NA,"17,800","1,400 - 1,410","15,000 - 15,100",Aug 2021
N.A.,DUCHESS AVENUE,10,Semi-Detached House,NA,"10,500",210 - 220,"2,300 - 2,400",Aug 2021
N.A.,JALAN LIM TAI SEE,10,Terrace House,NA,"6,300",270 - 280,"2,900 - 3,000",Aug 2021
N.A.,JALAN TARI PIRING,28,Terrace House,NA,"3,950",160 - 170,"1,800 - 1,900",Aug 2021
N.A.,RIDOUT ROAD,10,Detached House,NA,"9,500",210 - 220,"2,200 - 2,300",Aug 2021
N.A.,JALAN CHENGAM,20,Detached House,NA,"7,500",400 - 410,"4,400 - 4,500",Aug 2021
N.A.,TANJONG KATONG ROAD,15,Terrace House,NA,"2,000",90 - 100,"1,000 - 1,100",Aug 2021
N.A.,PARK VALE,11,Detached House,NA,"10,000",390 - 400,"4,200 - 4,300",Aug 2021
N.A.,KING'S CLOSE,10,Detached House,NA,"17,000",340 - 350,"3,700 - 3,800",Aug 2021
N.A.,JALAN BAHASA,11,Semi-Detached House,NA,"14,000",370 - 380,"4,000 - 4,100",Aug 2021
N.A.,SUNRISE AVENUE,28,Terrace House,NA,"4,500",250 - 260,"2,700 - 2,800",Jul 2021
N.A.,CRESCENT ROAD,15,Semi-Detached House,NA,"5,650",340 - 350,"3,600 - 3,700",Aug 2021
N.A.,TAN SIM BOH ROAD,11,Detached House,NA,"9,000",670 - 680,"7,200 - 7,300",Aug 2021
N.A.,JALAN JELITA,10,Semi-Detached House,NA,"14,000",630 - 640,"6,800 - 6,900",Aug 2021
N.A.,JOO CHIAT WALK,15,Terrace House,NA,"3,000",230 - 240,"2,500 - 2,600",Aug 2021
N.A.,HARVEY AVENUE,16,Terrace House,NA,"3,500",190 - 200,"2,100 - 2,200",Aug 2021
N.A.,LORONG J TELOK KURAU,15,Terrace House,NA,"3,050",220 - 230,"2,300 - 2,400",Jul 2021
N.A.,WATTEN RISE,11,Semi-Detached House,NA,"8,300",240 - 250,"2,600 - 2,700",Aug 2021
N.A.,LUCKY HEIGHTS,16,Semi-Detached House,NA,"4,500",300 - 310,"3,200 - 3,300",Aug 2021
N.A.,BOSCOMBE ROAD,15,Detached House,NA,"8,800",440 - 450,"4,700 - 4,800",Aug 2021
N.A.,JALAN TANJONG,16,Terrace House,NA,"3,100",180 - 190,"2,000 - 2,100",Aug 2021
N.A.,RIFLE RANGE ROAD,21,Detached House,NA,"11,230",430 - 440,"4,600 - 4,700",Jul 2021
N.A.,NASSIM ROAD,10,Detached House,NA,"25,000","1,400 - 1,410","15,100 - 15,200",Aug 2021
N.A.,GREENLEAF ROAD,10,Semi-Detached House,NA,"6,300",210 - 220,"2,300 - 2,400",Aug 2021
N.A.,JALAN KAMPONG CHANTEK,21,Detached House,NA,"11,000",760 - 770,"8,200 - 8,300",Jul 2021
N.A.,WESTERHOUT ROAD,14,Terrace House,NA,"4,500",170 - 180,"1,800 - 1,900",Aug 2021
N.A.,BUKIT TIMAH ROAD,10,Terrace House,NA,"8,000",240 - 250,"2,600 - 2,700",Aug 2021
N.A.,LEEDON PARK,10,Detached House,NA,"12,500",950 - 960,"10,200 - 10,300",Aug 2021
N.A.,LORONG 25 GEYLANG,14,Detached House,NA,"1,800",130 - 140,"1,400 - 1,500",Aug 2021
N.A.,EAN KIAM PLACE,15,Terrace House,NA,"2,650",70 - 80,800 - 900,Aug 2021
N.A.,RIFLE RANGE ROAD,21,Terrace House,NA,"6,500",230 - 240,"2,500 - 2,600",Aug 2021
N.A.,EAN KIAM PLACE,15,Terrace House,NA,"2,600",70 - 80,800 - 900,Aug 2021
N.A.,MACKENZIE ROAD,09,Terrace House,NA,"1,850",100 - 110,"1,100 - 1,200",Jul 2021
N.A.,SPRINGSIDE LINK,26,Terrace House,NA,"3,000",170 - 180,"1,800 - 1,900",Aug 2021
N.A.,DUNMAN LANE,15,Terrace House,NA,"5,000",250 - 260,"2,700 - 2,800",Aug 2021
N.A.,THIAM SIEW AVENUE,15,Semi-Detached House,NA,"8,600",200 - 210,"2,100 - 2,200",Aug 2021
N.A.,SIMON LANE,19,Terrace House,NA,"2,400",140 - 150,"1,500 - 1,600",Aug 2021
N.A.,HOLLAND ROAD,10,Detached House,NA,"13,500",250 - 260,"2,700 - 2,800",Jul 2021
N.A.,ONE TREE HILL,10,Semi-Detached House,NA,"7,600",270 - 280,"2,900 - 3,000",Jul 2021
N.A.,LORONG 39 GEYLANG,14,Terrace House,NA,"3,800",120 - 130,"1,300 - 1,400",Aug 2021
N.A.,BEECHWOOD GROVE,25,Detached House,NA,"10,500",570 - 580,"6,100 - 6,200",Aug 2021
N.A.,STARLIGHT ROAD,08,Terrace House,NA,"3,600",160 - 170,"1,700 - 1,800",Aug 2021
N.A.,LORONG M TELOK KURAU,15,Terrace House,NA,"6,000",150 - 160,"1,600 - 1,700",Jul 2021
N.A.,HOLLAND GROVE DRIVE,10,Detached House,NA,"20,000",400 - 410,"4,300 - 4,400",Aug 2021
N.A.,PONGGOL SEVENTEENTH AVENUE,19,Detached House,NA,"5,936",250 - 260,"2,700 - 2,800",Aug 2021
N.A.,WOODGROVE AVENUE,25,Terrace House,NA,"9,000",170 - 180,"1,800 - 1,900",Aug 2021
N.A.,BRIDPORT AVENUE,19,Semi-Detached House,NA,"7,200",200 - 210,"2,100 - 2,200",Aug 2021
N.A.,CAMDEN PARK,11,Detached House,NA,"55,000","2,760 - 2,770","29,700 - 29,800",Aug 2021
N.A.,BROADRICK ROAD,15,Detached House,NA,"13,000",600 - 610,"6,500 - 6,600",Aug 2021
N.A.,JALAN PASIRAN,11,Semi-Detached House,NA,"20,000","1,080 - 1,090","11,600 - 11,700",Aug 2021
N.A.,MERRYN ROAD,11,Detached House,NA,"13,800",410 - 420,"4,500 - 4,600",Aug 2021
N.A.,CHANCERY LANE,11,Detached House,NA,"7,500",410 - 420,"4,500 - 4,600",Aug 2021
N.A.,BEDOK WALK,16,Terrace House,NA,"4,000",230 - 240,"2,500 - 2,600",Aug 2021
N.A.,EAN KIAM PLACE,15,Terrace House,NA,"2,500",70 - 80,800 - 900,Jul 2021
N.A.,EMPRESS ROAD,10,Semi-Detached House,NA,"6,300",290 - 300,"3,200 - 3,300",Jul 2021
N.A.,SOMMERVILLE ROAD,13,Semi-Detached House,NA,"8,300",300 - 310,"3,200 - 3,300",Aug 2021
N.A.,YARWOOD AVENUE,21,Detached House,NA,"12,500",520 - 530,"5,500 - 5,600",Aug 2021
N.A.,LORONG G TELOK KURAU,15,Terrace House,NA,"3,500",250 - 260,"2,700 - 2,800",Aug 2021
N.A.,LORONG G TELOK KURAU,15,Semi-Detached House,NA,"7,200",390 - 400,"4,200 - 4,300",Aug 2021
N.A.,FLORENCE ROAD,19,Terrace House,NA,"3,300",150 - 160,"1,600 - 1,700",Aug 2021
N.A.,JALAN ELOK,09,Terrace House,NA,"2,000",150 - 160,"1,600 - 1,700",Aug 2021
N.A.,JALAN JELITA,10,Semi-Detached House,NA,"14,000",250 - 260,"2,700 - 2,800",Aug 2021
N.A.,NOVENA TERRACE,11,Terrace House,NA,"4,000",200 - 210,"2,100 - 2,200",Aug 2021
N.A.,NAMLY CRESCENT,10,Semi-Detached House,NA,"8,500",250 - 260,"2,700 - 2,800",Aug 2021
N.A.,LENTOR LOOP,26,Terrace House,NA,"5,948",150 - 160,"1,600 - 1,700",Aug 2021
N.A.,MOUNTBATTEN ROAD,15,Detached House,NA,"9,000",560 - 570,"6,000 - 6,100",Jul 2021
N.A.,THOMSON RIDGE,20,Semi-Detached House,NA,"5,000",290 - 300,"3,100 - 3,200",Aug 2021
N.A.,COURT ROAD,19,Semi-Detached House,NA,"11,500",290 - 300,"3,100 - 3,200",Aug 2021
N.A.,MAKEPEACE ROAD,09,Terrace House,NA,"12,000",300 - 310,"3,200 - 3,300",Aug 2021
N.A.,JALAN TANAH PUTEH,15,Semi-Detached House,NA,"6,000",360 - 370,"3,900 - 4,000",Aug 2021
N.A.,JAMBOL WALK,05,Terrace House,NA,"4,900",160 - 170,"1,800 - 1,900",Aug 2021
N.A.,TAVISTOCK AVENUE,19,Semi-Detached House,NA,"5,500",240 - 250,"2,600 - 2,700",Aug 2021
N.A.,SWETTENHAM ROAD,10,Detached House,NA,"34,500","1,400 - 1,410","15,100 - 15,200",Jul 2021
N.A.,TAMPINES AVENUE 1,18,Non-landed Properties,NA,"3,220",190 - 200,"2,100 - 2,200",Aug 2021
N.A.,BALESTIER ROAD,12,Non-landed Properties,NA,"37,422",430 - 440,"4,600 - 4,700",Aug 2021
N.A.,DUNLOP STREET,08,Non-landed Properties,NA,"3,500",60 - 70,700 - 800,Aug 2021
N.A.,LORONG 1 GEYLANG,14,Non-landed Properties,NA,"2,900",100 - 110,"1,100 - 1,200",Aug 2021
N.A.,BALMORAL ROAD,10,Non-landed Properties,3,"6,200",160 - 170,"1,700 - 1,800",Aug 2021
N.A.,NASSIM HILL,10,Non-landed Properties,3,"9,500",390 - 400,"4,200 - 4,300",Aug 2021
N.A.,CLAYMORE ROAD,09,Non-landed Properties,3,"3,800",110 - 120,"1,200 - 1,300",Aug 2021
N.A.,TANJONG KATONG ROAD,15,Non-landed Properties,NA,"17,600",360 - 370,"3,900 - 4,000",Aug 2021
N.A.,HOLLAND ROAD,10,Non-landed Properties,2,"2,800",100 - 110,"1,000 - 1,100",Aug 2021
N.A.,UPPER PAYA LEBAR ROAD,19,Non-landed Properties,NA,"2,700",80 - 90,"900 - 1,000",Aug 2021
N.A.,SUNSET CLOSE,21,Non-landed Properties,1,"2,200",80 - 90,800 - 900,Aug 2021
N.A.,CLAYMORE ROAD,09,Non-landed Properties,2,"3,200",70 - 80,700 - 800,Aug 2021
N.A.,ST. MARTIN'S DRIVE,10,Non-landed Properties,3,"5,100",120 - 130,"1,300 - 1,400",Aug 2021
N.A.,ROBIN DRIVE,10,Non-landed Properties,NA,"3,250",120 - 130,"1,300 - 1,400",Aug 2021
N.A.,DRAYCOTT DRIVE,10,Non-landed Properties,3,"5,800",140 - 150,"1,500 - 1,600",Aug 2021
N.A.,KILLINEY ROAD,09,Non-landed Properties,NA,"2,400",170 - 180,"1,900 - 2,000",Aug 2021
N.A.,TECK CHYE TERRACE,19,Non-landed Properties,NA,"2,800",80 - 90,"900 - 1,000",Aug 2021
N.A.,LORONG H TELOK KURAU,15,Non-landed Properties,NA,"2,400",110 - 120,"1,200 - 1,300",Aug 2021
N.A.,HAIG ROAD,15,Non-landed Properties,NA,"8,200",160 - 170,"1,700 - 1,800",Aug 2021
N.A.,LORONG 17 GEYLANG,14,Non-landed Properties,NA,"2,650",80 - 90,"900 - 1,000",Aug 2021
N.A.,LORONG 17 GEYLANG,14,Non-landed Properties,NA,"2,650",80 - 90,"900 - 1,000",Aug 2021
N.A.,JOO CHIAT ROAD,15,Non-landed Properties,NA,"2,900",150 - 160,"1,600 - 1,700",Aug 2021
N.A.,BRISTOL ROAD,08,Non-landed Properties,NA,"2,700",120 - 130,"1,300 - 1,400",Aug 2021
N.A.,ZION ROAD,10,Non-landed Properties,NA,"2,800",70 - 80,700 - 800,Aug 2021
N.A.,BALMORAL PARK,10,Non-landed Properties,NA,"5,000",150 - 160,"1,600 - 1,700",Aug 2021
N.A.,SOPHIA ROAD,09,Non-landed Properties,2,"2,000",60 - 70,700 - 800,Aug 2021
N.A.,KIM KEAT CLOSE,12,Non-landed Properties,3,"2,600",100 - 110,"1,100 - 1,200",Aug 2021
N.A.,TYRWHITT ROAD,08,Non-landed Properties,NA,"2,600",80 - 90,800 - 900,Aug 2021
N.A.,TYRWHITT ROAD,08,Non-landed Properties,NA,"2,600",80 - 90,800 - 900,Aug 2021
N.A.,HOE CHIANG ROAD,02,Non-landed Properties,NA,"2,800",80 - 90,"900 - 1,000",Aug 2021
N.A.,JALAN AYER,14,Non-landed Properties,NA,"2,800",100 - 110,"1,100 - 1,200",Aug 2021
N.A.,SEMBAWANG ROAD,26,Non-landed Properties,NA,"2,100",90 - 100,"1,000 - 1,100",Aug 2021
N.A.,RIVER VALLEY ROAD,09,Non-landed Properties,NA,"3,100",220 - 230,"2,300 - 2,400",Aug 2021
N.A.,CARLISLE ROAD,08,Non-landed Properties,3,"2,400",100 - 110,"1,100 - 1,200",Aug 2021
N.A.,LORONG 25A GEYLANG,14,Non-landed Properties,NA,"2,200",80 - 90,800 - 900,Aug 2021
N.A.,BALESTIER ROAD,12,Non-landed Properties,NA,"2,700",80 - 90,"900 - 1,000",Aug 2021
N.A.,TANJONG KATONG ROAD,15,Non-landed Properties,NA,"2,500",80 - 90,800 - 900,Aug 2021
N.A.,BALMORAL ROAD,10,Non-landed Properties,2,"4,750",110 - 120,"1,200 - 1,300",Aug 2021
N.A.,SIMS AVENUE,14,Non-landed Properties,NA,"2,400",80 - 90,"900 - 1,000",Aug 2021
N.A.,HOLLAND ROAD,10,Non-landed Properties,2,"2,950",110 - 120,"1,200 - 1,300",Aug 2021
N.A.,EDEN GROVE,19,Non-landed Properties,2,"1,550",80 - 90,"900 - 1,000",Aug 2021
N.A.,PILLAI ROAD,19,Non-landed Properties,NA,"3,200",90 - 100,"1,000 - 1,100",Aug 2021
N.A.,BALMORAL PARK,10,Non-landed Properties,NA,"4,800",150 - 160,"1,600 - 1,700",Aug 2021
N.A.,CLAYMORE ROAD,09,Non-landed Properties,2,"3,000",70 - 80,800 - 900,Aug 2021
N.A.,BALESTIER ROAD,12,Non-landed Properties,NA,"2,400",80 - 90,"900 - 1,000",Aug 2021
N.A.,UPPER PAYA LEBAR ROAD,19,Non-landed Properties,NA,"3,000",70 - 80,700 - 800,Aug 2021
N.A.,GEYLANG ROAD,14,Non-landed Properties,NA,"1,700",120 - 130,"1,300 - 1,400",Aug 2021
N.A.,LORONG 11 GEYLANG,14,Non-landed Properties,NA,"2,900",110 - 120,"1,200 - 1,300",Aug 2021
N.A.,CLAYMORE ROAD,09,Non-landed Properties,2,"3,100",70 - 80,800 - 900,Aug 2021
N.A.,BENG WAN ROAD,12,Non-landed Properties,5,"6,000",120 - 130,"1,300 - 1,400",Aug 2021
N.A.,JOO CHIAT ROAD,15,Non-landed Properties,NA,"2,800",160 - 170,"1,700 - 1,800",Aug 2021
N.A.,CARLISLE ROAD,08,Non-landed Properties,NA,"1,800",80 - 90,"900 - 1,000",Aug 2021
N.A.,RAMBUTAN ROAD,15,Non-landed Properties,NA,"2,300",90 - 100,"1,000 - 1,100",Aug 2021
N.A.,YIO CHU KANG ROAD,19,Non-landed Properties,NA,"1,400",70 - 80,800 - 900,Aug 2021
N.A.,JALAN ULU SIGLAP,15,Non-landed Properties,NA,"1,900",80 - 90,"900 - 1,000",Aug 2021
N.A.,GRANGE ROAD,10,Non-landed Properties,NA,"11,500",400 - 410,"4,300 - 4,400",Aug 2021
N.A.,LORONG 32 GEYLANG,14,Non-landed Properties,NA,"3,900",80 - 90,800 - 900,Aug 2021
N.A.,OUTRAM ROAD,03,Non-landed Properties,NA,"3,100",70 - 80,800 - 900,Aug 2021
N.A.,CHANGI ROAD,14,Non-landed Properties,NA,"2,500",80 - 90,"900 - 1,000",Aug 2021
N.A.,LORONG 19 GEYLANG,14,Non-landed Properties,NA,"12,000",350 - 360,"3,800 - 3,900",Aug 2021
N.A.,CAMBRIDGE ROAD,08,Non-landed Properties,NA,"2,100",70 - 80,700 - 800,Aug 2021
N.A.,BRISTOL ROAD,08,Non-landed Properties,NA,"3,200",100 - 110,"1,100 - 1,200",Aug 2021
N.A.,GEYLANG ROAD,14,Non-landed Properties,NA,"2,700",90 - 100,"1,000 - 1,100",Aug 2021
N.A.,GEYLANG ROAD,14,Non-landed Properties,NA,"1,700",90 - 100,"900 - 1,000",Aug 2021
N.A.,LORONG 15 GEYLANG,14,Non-landed Properties,NA,"2,200",130 - 140,"1,300 - 1,400",Aug 2021
N.A.,JOO CHIAT PLACE,15,Non-landed Properties,NA,"3,500",90 - 100,"900 - 1,000",Aug 2021
N.A.,OUTRAM ROAD,03,Non-landed Properties,NA,"3,000",70 - 80,800 - 900,Aug 2021
N.A.,OUTRAM ROAD,03,Non-landed Properties,NA,"3,000",70 - 80,800 - 900,Aug 2021
N.A.,TANJONG KATONG ROAD,15,Non-landed Properties,NA,"3,200",70 - 80,800 - 900,Aug 2021
N.A.,HORNE ROAD,08,Non-landed Properties,NA,"2,300",80 - 90,"900 - 1,000",Aug 2021
N.A.,SIMS AVENUE,14,Non-landed Properties,NA,"2,850",100 - 110,"1,100 - 1,200",Aug 2021
N.A.,HOOT KIAM ROAD,10,Non-landed Properties,NA,"2,800",90 - 100,"1,000 - 1,100",Aug 2021
N.A.,DRAYCOTT DRIVE,10,Non-landed Properties,2,"3,900",100 - 110,"1,100 - 1,200",Aug 2021
N.A.,JOO CHIAT ROAD,15,Non-landed Properties,NA,"2,700",80 - 90,"900 - 1,000",Aug 2021
N.A.,TANJONG KATONG ROAD,15,Non-landed Properties,NA,"3,000",90 - 100,"1,000 - 1,100",Aug 2021
N.A.,OWEN ROAD,08,Non-landed Properties,NA,"2,800",60 - 70,700 - 800,Aug 2021
N.A.,LINCOLN ROAD,11,Non-landed Properties,2,"2,900",80 - 90,800 - 900,Aug 2021
N.A.,LINCOLN ROAD,11,Non-landed Properties,2,"3,600",100 - 110,"1,100 - 1,200",Aug 2021
N.A.,PASIR PANJANG ROAD,05,Non-landed Properties,3,"4,220",110 - 120,"1,200 - 1,300",Aug 2021
N.A.,UPPER PAYA LEBAR ROAD,19,Non-landed Properties,NA,"2,800",80 - 90,"900 - 1,000",Aug 2021
N.A.,BALESTIER ROAD,12,Non-landed Properties,NA,"3,100",130 - 140,"1,300 - 1,400",Aug 2021
N.A.,UPPER EAST COAST ROAD,15,Non-landed Properties,NA,"3,100",120 - 130,"1,300 - 1,400",Aug 2021
N.A.,HAMILTON ROAD,08,Non-landed Properties,NA,"3,250",120 - 130,"1,300 - 1,400",Aug 2021
N.A.,KIM KEAT CLOSE,12,Non-landed Properties,3,"2,650",90 - 100,"1,000 - 1,100",Aug 2021
N.A.,TANJONG KATONG ROAD,15,Non-landed Properties,NA,"3,200",70 - 80,800 - 900,Aug 2021
N.A.,CHANDER ROAD,08,Non-landed Properties,NA,"7,900",110 - 120,"1,200 - 1,300",Aug 2021
N.A.,JOO CHIAT ROAD,15,Non-landed Properties,NA,"2,800",100 - 110,"1,100 - 1,200",Aug 2021
N.A.,THOMSON ROAD,11,Non-landed Properties,NA,"2,200",90 - 100,"1,000 - 1,100",Aug 2021
N.A.,BOON TECK ROAD,12,Non-landed Properties,NA,"2,900",110 - 120,"1,200 - 1,300",Aug 2021
N.A.,GEYLANG ROAD,14,Non-landed Properties,NA,"2,450",90 - 100,"900 - 1,000",Aug 2021
N.A.,GILSTEAD ROAD,11,Non-landed Properties,2,"1,100",90 - 100,"1,000 - 1,100",Aug 2021
N.A.,GILSTEAD ROAD,11,Non-landed Properties,2,"1,100",100 - 110,"1,000 - 1,100",Aug 2021
N.A.,SING AVENUE,08,Non-landed Properties,NA,"2,000",80 - 90,800 - 900,Aug 2021
N.A.,RACE COURSE ROAD,08,Non-landed Properties,NA,"2,550",70 - 80,800 - 900,Aug 2021
N.A.,CLAYMORE ROAD,09,Non-landed Properties,2,"3,000",70 - 80,700 - 800,Aug 2021
N.A.,DUBLIN ROAD,09,Non-landed Properties,3,"3,500",140 - 150,"1,500 - 1,600",Aug 2021
N.A.,RAMBUTAN ROAD,15,Non-landed Properties,NA,"3,000",60 - 70,700 - 800,Aug 2021
N.A.,MOHAMED SULTAN ROAD,09,Non-landed Properties,NA,"2,350",50 - 60,500 - 600,Aug 2021
N.A.,JALAN JURONG KECHIL,21,Non-landed Properties,NA,"2,300",120 - 130,"1,300 - 1,400",Aug 2021
N.A.,JALAN JURONG KECHIL,21,Non-landed Properties,NA,"2,500",130 - 140,"1,400 - 1,500",Aug 2021
N.A.,MOHAMED SULTAN ROAD,09,Non-landed Properties,NA,"3,400",70 - 80,800 - 900,Aug 2021
N.A.,LORONG 6 GEYLANG,14,Non-landed Properties,NA,"3,250",90 - 100,"900 - 1,000",Aug 2021
N.A.,SIMS AVENUE,14,Non-landed Properties,NA,"3,000",110 - 120,"1,200 - 1,300",Aug 2021
N.A.,MARSHALL ROAD,15,Non-landed Properties,NA,"2,850",110 - 120,"1,200 - 1,300",Aug 2021
N.A.,LORONG 6 GEYLANG,14,Non-landed Properties,NA,"2,700",140 - 150,"1,500 - 1,600",Aug 2021
N.A.,HOE CHIANG ROAD,02,Non-landed Properties,NA,"2,800",90 - 100,"900 - 1,000",Jul 2021
N.A.,LORONG 19 GEYLANG,14,Non-landed Properties,NA,"1,200",40 - 50,400 - 500,Jul 2021
N.A.,LORONG 19 GEYLANG,14,Non-landed Properties,NA,"1,300",40 - 50,400 - 500,Jul 2021
N.A.,CUFF ROAD,08,Non-landed Properties,NA,"3,500",90 - 100,"1,000 - 1,100",Aug 2021
N.A.,HOOT KIAM ROAD,10,Non-landed Properties,NA,"4,400",90 - 100,"1,000 - 1,100",Aug 2021
N.A.,ALJUNIED ROAD,14,Non-landed Properties,NA,"10,000",230 - 240,"2,500 - 2,600",Aug 2021
N.A.,LORONG 17 GEYLANG,14,Non-landed Properties,NA,"3,200",80 - 90,"900 - 1,000",Aug 2021
N.A.,LORONG 27 GEYLANG,14,Non-landed Properties,NA,"2,500",90 - 100,"900 - 1,000",Aug 2021
N.A.,SERANGOON ROAD,08,Non-landed Properties,NA,"3,300",150 - 160,"1,600 - 1,700",Aug 2021
N.A.,LORONG 8 GEYLANG,14,Non-landed Properties,NA,"3,000",110 - 120,"1,200 - 1,300",Aug 2021
N.A.,TANJONG KATONG ROAD,15,Non-landed Properties,NA,"1,650",120 - 130,"1,300 - 1,400",Jul 2021
N.A.,GEYLANG ROAD,14,Non-landed Properties,NA,"2,700",60 - 70,700 - 800,Aug 2021
N.A.,JOO CHIAT ROAD,15,Non-landed Properties,NA,"2,800",80 - 90,"900 - 1,000",Aug 2021
N.A.,MACPHERSON ROAD,13,Non-landed Properties,NA,"3,000",60 - 70,700 - 800,Aug 2021
N.A.,HOLLAND ROAD,10,Non-landed Properties,2,"3,000",90 - 100,"900 - 1,000",Jul 2021
N.A.,BALESTIER ROAD,12,Non-landed Properties,NA,"2,600",60 - 70,700 - 800,Aug 2021
N.A.,LORONG 16 GEYLANG,14,Non-landed Properties,NA,"2,000",90 - 100,"1,000 - 1,100",Aug 2021
N.A.,INSTITUTION HILL,09,Non-landed Properties,4,"4,158",150 - 160,"1,600 - 1,700",Aug 2021
N.A.,LORONG 12 GEYLANG,14,Non-landed Properties,NA,"3,000",90 - 100,"1,000 - 1,100",Aug 2021
N.A.,INSTITUTION HILL,09,Non-landed Properties,4,"2,500",150 - 160,"1,600 - 1,700",Jul 2021
N.A.,LAVENDER STREET,12,Non-landed Properties,NA,"4,000",190 - 200,"2,000 - 2,100",Aug 2021
N.A.,INSTITUTION HILL,09,Non-landed Properties,4,"2,500",150 - 160,"1,600 - 1,700",Jul 2021
N.A.,LORONG 27 GEYLANG,14,Non-landed Properties,NA,"2,900",160 - 170,"1,700 - 1,800",Aug 2021
N.A.,HORNE ROAD,08,Non-landed Properties,NA,"2,100",80 - 90,"900 - 1,000",Aug 2021
N.A.,LORONG 25A GEYLANG,14,Non-landed Properties,NA,"2,700",100 - 110,"1,100 - 1,200",Jul 2021
N.A.,SURREY ROAD,11,Non-landed Properties,NA,"3,100",110 - 120,"1,200 - 1,300",Aug 2021
N.A.,LAVENDER STREET,12,Non-landed Properties,NA,"3,300",110 - 120,"1,200 - 1,300",Aug 2021
N.A.,HOLLAND ROAD,10,Non-landed Properties,2,"3,550",90 - 100,"900 - 1,000",Aug 2021
N.A.,LORONG 15 GEYLANG,14,Non-landed Properties,NA,"3,000",110 - 120,"1,200 - 1,300",Aug 2021
N.A.,JERVOIS ROAD,10,Non-landed Properties,NA,"7,000",270 - 280,"2,900 - 3,000",Aug 2021
N.A.,JERVOIS ROAD,10,Non-landed Properties,NA,"5,500",230 - 240,"2,500 - 2,600",Aug 2021
N.A.,JOO AVENUE,08,Non-landed Properties,NA,"3,500",150 - 160,"1,600 - 1,700",Aug 2021
N.A.,BALESTIER ROAD,12,Non-landed Properties,NA,"8,000",190 - 200,"2,000 - 2,100",Aug 2021
N.A.,BRISTOL ROAD,08,Non-landed Properties,NA,"3,300",150 - 160,"1,600 - 1,700",Aug 2021
N.A.,CHANGI ROAD,14,Non-landed Properties,NA,"1,500",100 - 110,"1,000 - 1,100",Aug 2021
N.A.,PASIR PANJANG ROAD,05,Non-landed Properties,3,"3,600",110 - 120,"1,200 - 1,300",Jul 2021
N.A.,MOHAMED SULTAN ROAD,09,Non-landed Properties,NA,"1,500",90 - 100,"1,000 - 1,100",Jul 2021
N.A.,RACE COURSE ROAD,08,Non-landed Properties,1,"1,800",30 - 40,300 - 400,Aug 2021
N.A.,CHOA CHU KANG AVENUE 1,23,Non-landed Properties,NA,"2,500",80 - 90,800 - 900,Aug 2021
N.A.,TANJONG KATONG ROAD,15,Non-landed Properties,NA,"2,200",70 - 80,700 - 800,Aug 2021
N.A.,LORONG 19 GEYLANG,14,Non-landed Properties,NA,"1,200",40 - 50,400 - 500,Aug 2021
N.A.,RACE COURSE ROAD,08,Non-landed Properties,NA,"2,600",170 - 180,"1,800 - 1,900",Aug 2021
N.A.,LORONG 22 GEYLANG,14,Non-landed Properties,NA,"2,500",80 - 90,800 - 900,Aug 2021
N.A.,LORONG 31 GEYLANG,14,Non-landed Properties,4,"2,450",180 - 190,"1,900 - 2,000",Aug 2021
N.A.,LORONG 25A GEYLANG,14,Non-landed Properties,NA,"2,600",90 - 100,"900 - 1,000",Aug 2021
N.A.,ZION ROAD,10,Non-landed Properties,NA,"4,200",80 - 90,"900 - 1,000",Aug 2021
N.A.,LORONG 4 GEYLANG,14,Non-landed Properties,NA,"3,300",80 - 90,800 - 900,Aug 2021
N.A.,FLANDERS SQUARE,08,Non-landed Properties,NA,"2,700",90 - 100,"1,000 - 1,100",Aug 2021
N.A.,NEWTON ROAD,11,Non-landed Properties,3,"6,000",160 - 170,"1,700 - 1,800",Aug 2021
N.A.,RACE COURSE ROAD,08,Non-landed Properties,NA,"1,750",20 - 30,200 - 300,Aug 2021
N.A.,RACE COURSE ROAD,08,Non-landed Properties,NA,"1,750",50 - 60,500 - 600,Aug 2021
N.A.,LORONG 19 GEYLANG,14,Non-landed Properties,NA,"1,400",40 - 50,400 - 500,Jul 2021
N.A.,HORNE ROAD,08,Non-landed Properties,NA,"3,000",80 - 90,"900 - 1,000",Aug 2021
N.A.,NASSIM HILL,10,Non-landed Properties,4,"16,500",380 - 390,"4,100 - 4,200",Aug 2021
N.A.,TEMBELING ROAD,15,Non-landed Properties,NA,"2,000",80 - 90,"900 - 1,000",Aug 2021
N.A.,LORONG 19 GEYLANG,14,Non-landed Properties,NA,"1,350",40 - 50,400 - 500,Jul 2021
N.A.,LORONG 8 GEYLANG,14,Non-landed Properties,NA,"2,300",110 - 120,"1,200 - 1,300",Aug 2021
N.A.,TESSENSOHN ROAD,08,Non-landed Properties,NA,"4,500",160 - 170,"1,700 - 1,800",Jul 2021
N.A.,LORONG 30 GEYLANG,14,Non-landed Properties,3,"21,200",920 - 930,"9,900 - 10,000",Jul 2021
N.A.,MOHAMED SULTAN ROAD,09,Non-landed Properties,NA,"4,800",100 - 110,"1,000 - 1,100",Aug 2021
N.A.,GEYLANG ROAD,14,Non-landed Properties,NA,"2,650",150 - 160,"1,600 - 1,700",Aug 2021
N.A.,GEYLANG ROAD,14,Non-landed Properties,NA,"2,650",150 - 160,"1,600 - 1,700",Aug 2021
N.A.,RACE COURSE ROAD,08,Non-landed Properties,NA,"2,600",70 - 80,800 - 900,Aug 2021
N.A.,GEYLANG ROAD,14,Non-landed Properties,NA,"3,300",290 - 300,"3,200 - 3,300",Aug 2021
N.A.,DUKU ROAD,15,Non-landed Properties,NA,"1,800",80 - 90,"900 - 1,000",Aug 2021
N.A.,DUKU ROAD,15,Non-landed Properties,NA,"1,900",80 - 90,"900 - 1,000",Aug 2021
N.A.,DUKU ROAD,15,Non-landed Properties,NA,"2,000",80 - 90,"900 - 1,000",Aug 2021
N.A.,SHREWSBURY ROAD,11,Non-landed Properties,NA,"2,100",80 - 90,800 - 900,Aug 2021
N.A.,PASIR PANJANG ROAD,05,Non-landed Properties,3,"3,600",110 - 120,"1,200 - 1,300",Aug 2021
N.A.,DUKU ROAD,15,Non-landed Properties,NA,"2,300",80 - 90,800 - 900,Aug 2021
N.A.,BALESTIER ROAD,12,Non-landed Properties,NA,"3,000",80 - 90,"900 - 1,000",Aug 2021
N.A.,KIM KEAT CLOSE,12,Non-landed Properties,3,"2,600",90 - 100,"1,000 - 1,100",Jul 2021
N.A.,GILSTEAD ROAD,11,Non-landed Properties,2,"1,100",90 - 100,"1,000 - 1,100",Aug 2021
N.A.,GILSTEAD ROAD,11,Non-landed Properties,2,"1,100",90 - 100,"1,000 - 1,100",Aug 2021
N.A.,LORONG 16 GEYLANG,14,Terrace House,NA,"8,000",230 - 240,"2,500 - 2,600",Sep 2021
N.A.,JOO CHIAT PLACE,15,Terrace House,NA,"3,500",150 - 160,"1,600 - 1,700",Sep 2021
N.A.,STEVENS ROAD,10,Terrace House,NA,"13,500",870 - 880,"9,400 - 9,500",Sep 2021
N.A.,GREENFIELD DRIVE,15,Semi-Detached House,NA,"7,100",400 - 410,"4,300 - 4,400",Sep 2021
N.A.,TOH CRESCENT,17,Detached House,NA,"5,000",400 - 410,"4,300 - 4,400",Sep 2021
N.A.,JALAN MERLIMAU,11,Detached House,NA,"8,600",490 - 500,"5,200 - 5,300",Sep 2021
N.A.,ONTARIO AVENUE,20,Detached House,NA,"17,000",430 - 440,"4,600 - 4,700",Sep 2021
N.A.,RIDOUT ROAD,10,Detached House,NA,"24,100","1,410 - 1,420","15,200 - 15,300",Sep 2021
N.A.,EVERITT ROAD,15,Terrace House,NA,"3,800",150 - 160,"1,600 - 1,700",Sep 2021
N.A.,PUAY HEE AVENUE,13,Semi-Detached House,NA,"3,600",230 - 240,"2,400 - 2,500",Sep 2021
N.A.,CORNWALL GARDENS,10,Detached House,NA,"24,288","1,520 - 1,530","16,400 - 16,500",Sep 2021
N.A.,KING ALBERT PARK,21,Detached House,NA,"25,000","1,330 - 1,340","14,300 - 14,400",Sep 2021
N.A.,TREVOSE CRESCENT,11,Detached House,NA,"16,750",490 - 500,"5,300 - 5,400",Sep 2021
N.A.,PASIR PANJANG ROAD,05,Detached House,NA,"11,000",640 - 650,"6,900 - 7,000",Sep 2021
N.A.,MOUNT EMILY ROAD,09,Terrace House,NA,"6,600",190 - 200,"2,000 - 2,100",Sep 2021
N.A.,LORONG M TELOK KURAU,15,Terrace House,NA,"4,300",240 - 250,"2,500 - 2,600",Sep 2021
N.A.,GRANGE ROAD,09,Detached House,NA,"10,000",260 - 270,"2,800 - 2,900",Sep 2021
N.A.,CRANE ROAD,15,Terrace House,NA,"5,200",140 - 150,"1,500 - 1,600",Sep 2021
N.A.,CHANCERY HILL WALK,11,Terrace House,NA,"6,500",260 - 270,"2,800 - 2,900",Sep 2021
N.A.,FERNHILL ROAD,10,Terrace House,NA,"6,500",240 - 250,"2,500 - 2,600",Sep 2021
N.A.,BERRIMA ROAD,11,Detached House,NA,"22,000",410 - 420,"4,400 - 4,500",Sep 2021
N.A.,BODMIN DRIVE,19,Terrace House,NA,"10,800",250 - 260,"2,700 - 2,800",Sep 2021
N.A.,SIAN TUAN AVENUE,21,Detached House,NA,"13,800",430 - 440,"4,700 - 4,800",Sep 2021
N.A.,ROCHALIE DRIVE,10,Detached House,NA,"35,000","1,980 - 1,990","21,400 - 21,500",Sep 2021
N.A.,GREENWOOD CRESCENT,11,Terrace House,NA,"10,000",310 - 320,"3,400 - 3,500",Sep 2021
N.A.,HUA GUAN AVENUE,21,Detached House,NA,"9,800",270 - 280,"2,900 - 3,000",Sep 2021
N.A.,RECREATION ROAD,19,Terrace House,NA,"4,500",260 - 270,"2,800 - 2,900",Sep 2021
N.A.,MARLENE AVENUE,19,Semi-Detached House,NA,"7,000",490 - 500,"5,300 - 5,400",Sep 2021
N.A.,GREENBANK PARK,21,Detached House,NA,"8,000",480 - 490,"5,200 - 5,300",Sep 2021
N.A.,JALAN JAMBU AYER,21,Semi-Detached House,NA,"8,200",320 - 330,"3,400 - 3,500",Sep 2021
N.A.,FLOWER ROAD,19,Terrace House,NA,"3,000",140 - 150,"1,500 - 1,600",Sep 2021
N.A.,CHANCERY LANE,11,Semi-Detached House,NA,"7,800",290 - 300,"3,200 - 3,300",Sep 2021
N.A.,PASIR PANJANG HILL,05,Terrace House,NA,"7,000",330 - 340,"3,500 - 3,600",Sep 2021
N.A.,JALAN BAHASA,11,Detached House,NA,"13,500",400 - 410,"4,300 - 4,400",Sep 2021
N.A.,KHEAM HOCK ROAD,11,Detached House,NA,"16,800",520 - 530,"5,600 - 5,700",Sep 2021
N.A.,JALAN KAMPONG CHANTEK,21,Detached House,NA,"22,000","1,030 - 1,040","11,100 - 11,200",Sep 2021
N.A.,HARVEY AVENUE,16,Semi-Detached House,NA,"5,000",440 - 450,"4,700 - 4,800",Sep 2021
N.A.,QUEEN ASTRID PARK,10,Detached House,NA,"18,750","1,190 - 1,200","12,900 - 13,000",Sep 2021
N.A.,NAROOMA ROAD,11,Detached House,NA,"12,500",490 - 500,"5,200 - 5,300",Sep 2021
N.A.,JALAN JELITA,10,Semi-Detached House,NA,"8,000",320 - 330,"3,500 - 3,600",Sep 2021
N.A.,TAY LIAN TECK ROAD,15,Terrace House,NA,"5,100",150 - 160,"1,600 - 1,700",Sep 2021
N.A.,KING ALBERT PARK,21,Detached House,NA,"30,000",730 - 740,"7,800 - 7,900",Sep 2021
N.A.,BEGONIA DRIVE,28,Semi-Detached House,NA,"4,600",320 - 330,"3,500 - 3,600",Sep 2021
N.A.,CHAPEL ROAD,15,Terrace House,NA,"5,700",120 - 130,"1,300 - 1,400",Sep 2021
N.A.,COVE DRIVE,04,Detached House,NA,"28,000",660 - 670,"7,100 - 7,200",Sep 2021
N.A.,JALAN PUNAI,14,Semi-Detached House,NA,"5,000",320 - 330,"3,400 - 3,500",Sep 2021
N.A.,PRINCE OF WALES ROAD,10,Semi-Detached House,NA,"8,500",290 - 300,"3,100 - 3,200",Sep 2021
N.A.,RECREATION LANE,19,Terrace House,NA,"3,350",290 - 300,"3,100 - 3,200",Sep 2021
N.A.,KOON SENG ROAD,15,Terrace House,NA,"9,000",150 - 160,"1,600 - 1,700",Sep 2021
N.A.,MARSHALL ROAD,15,Terrace House,NA,"4,600",100 - 110,"1,100 - 1,200",Sep 2021
N.A.,MARSHALL ROAD,15,Terrace House,NA,"6,500",90 - 100,"1,000 - 1,100",Sep 2021
N.A.,JALAN HAJI ALIAS,10,Terrace House,NA,"7,300",330 - 340,"3,600 - 3,700",Sep 2021
N.A.,JALAN SENYUM,14,Terrace House,NA,"5,500",180 - 190,"1,900 - 2,000",Sep 2021
N.A.,JALAN TANJONG,16,Terrace House,NA,"2,800",180 - 190,"2,000 - 2,100",Sep 2021
N.A.,JALAN PASIR RIA,05,Detached House,NA,"3,800",300 - 310,"3,200 - 3,300",Sep 2021
N.A.,BURGHLEY DRIVE,19,Semi-Detached House,NA,"6,600",200 - 210,"2,100 - 2,200",Sep 2021
N.A.,DUBLIN ROAD,09,Terrace House,NA,"6,000",290 - 300,"3,100 - 3,200",Sep 2021
N.A.,LORONG MARZUKI,14,Terrace House,NA,"4,700",160 - 170,"1,700 - 1,800",Sep 2021
N.A.,YIO CHU KANG ROAD,28,Detached House,NA,"4,300",290 - 300,"3,100 - 3,200",Sep 2021
N.A.,TUDOR CLOSE,11,Detached House,NA,"17,000",500 - 510,"5,400 - 5,500",Sep 2021
N.A.,LUCKY HEIGHTS,16,Semi-Detached House,NA,"4,000",320 - 330,"3,500 - 3,600",Sep 2021
N.A.,HUA GUAN AVENUE,21,Detached House,NA,"19,000",880 - 890,"9,500 - 9,600",Sep 2021
N.A.,CHUAN DRIVE,19,Semi-Detached House,NA,"6,250",220 - 230,"2,400 - 2,500",Sep 2021
N.A.,TAMARIND ROAD,28,Semi-Detached House,NA,"8,300",460 - 470,"4,900 - 5,000",Sep 2021
N.A.,NIM GREEN,28,Terrace House,NA,"6,000",200 - 210,"2,100 - 2,200",Sep 2021
N.A.,PASIR PANJANG ROAD,05,Terrace House,NA,"6,000",240 - 250,"2,500 - 2,600",Sep 2021
N.A.,KOVAN ROAD,19,Terrace House,NA,"4,700",170 - 180,"1,800 - 1,900",Sep 2021
N.A.,HOLLAND PARK,10,Detached House,NA,"20,500","1,400 - 1,410","15,000 - 15,100",Sep 2021
N.A.,JALAN KEMAMAN,12,Terrace House,NA,"2,500",140 - 150,"1,500 - 1,600",Sep 2021
N.A.,JALAN KEMAMAN,12,Terrace House,NA,"2,400",180 - 190,"1,900 - 2,000",Sep 2021
N.A.,SELETAR CRESCENT,28,Semi-Detached House,NA,"7,000",390 - 400,"4,300 - 4,400",Sep 2021
N.A.,NIVEN ROAD,09,Terrace House,NA,"5,800",70 - 80,800 - 900,Sep 2021
N.A.,NOVENA TERRACE,11,Terrace House,NA,"8,800",200 - 210,"2,200 - 2,300",Sep 2021
N.A.,LORONG M TELOK KURAU,15,Detached House,NA,"1,750",100 - 110,"1,100 - 1,200",Sep 2021
N.A.,JALAN BUNGA RAMPAI,19,Terrace House,NA,"4,500",150 - 160,"1,600 - 1,700",Sep 2021
N.A.,WATTEN ESTATE ROAD,11,Semi-Detached House,NA,"8,500",240 - 250,"2,600 - 2,700",Sep 2021
N.A.,NASSIM ROAD,10,Detached House,NA,"25,000","1,320 - 1,330","14,200 - 14,300",Sep 2021
N.A.,UPPER WILKIE ROAD,09,Detached House,NA,"28,000","1,380 - 1,390","14,900 - 15,000",Sep 2021
N.A.,MARINE PARADE,15,Terrace House,NA,"1,400",120 - 130,"1,300 - 1,400",Sep 2021
N.A.,SIMON PLACE,19,Terrace House,NA,"7,000",410 - 420,"4,400 - 4,500",Sep 2021
N.A.,BRANKSOME ROAD,15,Semi-Detached House,NA,"8,700",490 - 500,"5,300 - 5,400",Sep 2021
N.A.,GENTLE ROAD,11,Detached House,NA,"16,000",520 - 530,"5,600 - 5,700",Sep 2021
N.A.,CARPMAEL ROAD,15,Terrace House,NA,"5,800",60 - 70,600 - 700,Sep 2021
N.A.,CORONATION ROAD WEST,10,Detached House,NA,"11,500",940 - 950,"10,100 - 10,200",Sep 2021
N.A.,OCEAN DRIVE,04,Terrace House,NA,"14,000",230 - 240,"2,400 - 2,500",Sep 2021
N.A.,CHARLTON LANE,19,Terrace House,NA,"9,000",140 - 150,"1,500 - 1,600",Sep 2021
N.A.,LORONG G TELOK KURAU,15,Semi-Detached House,NA,"5,800",430 - 440,"4,600 - 4,700",Sep 2021
N.A.,EVERITT ROAD,15,Terrace House,NA,"12,000",130 - 140,"1,400 - 1,500",Sep 2021
N.A.,PHILLIPS AVENUE,19,Terrace House,NA,"3,650",250 - 260,"2,700 - 2,800",Sep 2021
N.A.,KUO CHUAN AVENUE,15,Semi-Detached House,NA,"3,689",120 - 130,"1,200 - 1,300",Sep 2021
N.A.,SPRINGSIDE GREEN,26,Semi-Detached House,NA,"5,000",270 - 280,"2,900 - 3,000",Sep 2021
N.A.,THONG SOON GREEN,26,Terrace House,NA,"5,000",300 - 310,"3,300 - 3,400",Sep 2021
N.A.,CROWHURST DRIVE,19,Semi-Detached House,NA,"13,000",390 - 400,"4,200 - 4,300",Sep 2021
N.A.,CORONATION ROAD WEST,10,Detached House,NA,"20,100","1,400 - 1,410","15,100 - 15,200",Sep 2021
N.A.,BUKIT TIMAH ROAD,10,Terrace House,NA,"6,300",230 - 240,"2,400 - 2,500",Sep 2021
N.A.,PALM DRIVE,15,Terrace House,NA,"3,300",180 - 190,"1,900 - 2,000",Sep 2021
N.A.,JALAN RIA,13,Semi-Detached House,NA,"7,500",370 - 380,"4,000 - 4,100",Sep 2021
N.A.,WILKINSON ROAD,15,Semi-Detached House,NA,"9,500",320 - 330,"3,500 - 3,600",Sep 2021
N.A.,JALAN TELITI,19,Semi-Detached House,NA,"5,000",370 - 380,"3,900 - 4,000",Sep 2021
N.A.,GUOK AVENUE,05,Detached House,NA,"15,000",670 - 680,"7,200 - 7,300",Sep 2021
N.A.,FERNHILL CRESCENT,10,Detached House,NA,"14,000",640 - 650,"6,800 - 6,900",Sep 2021
N.A.,PAYA LEBAR CRESCENT,19,Terrace House,NA,"2,500",60 - 70,700 - 800,Sep 2021
N.A.,LENGKONG TIGA,14,Terrace House,NA,"3,800",270 - 280,"2,900 - 3,000",Sep 2021
N.A.,BRIGHTON CRESCENT,19,Semi-Detached House,NA,"9,000",400 - 410,"4,300 - 4,400",Sep 2021
N.A.,KHEAM HOCK ROAD,11,Detached House,NA,"18,000",460 - 470,"5,000 - 5,100",Sep 2021
N.A.,LORONG PENCHALAK,19,Semi-Detached House,NA,"6,200",440 - 450,"4,700 - 4,800",Sep 2021
N.A.,SELETAR HILLS DRIVE,28,Detached House,NA,"4,800",410 - 420,"4,400 - 4,500",Sep 2021
N.A.,SELETAR GREEN VIEW,28,Terrace House,NA,"4,500",150 - 160,"1,600 - 1,700",Sep 2021
N.A.,GREENLEAF PLACE,10,Semi-Detached House,NA,"8,500",300 - 310,"3,200 - 3,300",Sep 2021
N.A.,LORONG 110 CHANGI,15,Terrace House,NA,"4,600",210 - 220,"2,300 - 2,400",Sep 2021
N.A.,ROBEY CRESCENT,19,Semi-Detached House,NA,"6,100",400 - 410,"4,400 - 4,500",Sep 2021
N.A.,CARLISLE ROAD,08,Semi-Detached House,NA,"6,500",200 - 210,"2,100 - 2,200",Sep 2021
N.A.,LORONG H TELOK KURAU,15,Semi-Detached House,NA,"5,100",280 - 290,"3,000 - 3,100",Sep 2021
N.A.,JOO CHIAT PLACE,15,Terrace House,NA,"4,450",170 - 180,"1,800 - 1,900",Sep 2021
N.A.,GUILLEMARD CRESCENT,14,Terrace House,NA,"3,300",170 - 180,"1,900 - 2,000",Sep 2021
N.A.,MEYER ROAD,15,Detached House,NA,"12,000",580 - 590,"6,300 - 6,400",Sep 2021
N.A.,PEEL ROAD,10,Detached House,NA,"31,000","1,650 - 1,660","17,700 - 17,800",Sep 2021
N.A.,JOO CHIAT AVENUE,15,Terrace House,NA,"3,500",150 - 160,"1,600 - 1,700",Sep 2021
N.A.,PINEWOOD GROVE,25,Terrace House,NA,"7,000",190 - 200,"2,000 - 2,100",Sep 2021
N.A.,JALAN TARI DULANG,28,Terrace House,NA,"3,300",190 - 200,"2,100 - 2,200",Sep 2021
N.A.,PASIR PANJANG ROAD,05,Detached House,NA,"8,000",410 - 420,"4,400 - 4,500",Sep 2021
N.A.,CHESTNUT DRIVE,23,Detached House,NA,"10,000",660 - 670,"7,100 - 7,200",Sep 2021
N.A.,GREEN LANE,15,Terrace House,NA,"3,600",180 - 190,"1,900 - 2,000",Sep 2021
N.A.,BUKIT SEDAP ROAD,10,Detached House,NA,"18,500",470 - 480,"5,100 - 5,200",Sep 2021
N.A.,JERVOIS ROAD,10,Detached House,NA,"35,000","1,400 - 1,410","15,000 - 15,100",Sep 2021
N.A.,HERTFORD ROAD,08,Semi-Detached House,NA,"4,500",260 - 270,"2,800 - 2,900",Sep 2021
N.A.,BEDOK TERRACE,16,Terrace House,NA,"3,300",150 - 160,"1,600 - 1,700",Sep 2021
N.A.,JOO CHIAT PLACE,15,Terrace House,NA,"5,500",120 - 130,"1,200 - 1,300",Sep 2021
N.A.,JALAN AMPANG,10,Detached House,NA,"14,500",460 - 470,"5,000 - 5,100",Sep 2021
N.A.,BOURNEMOUTH ROAD,15,Detached House,NA,"9,600",350 - 360,"3,800 - 3,900",Sep 2021
N.A.,SIXTH AVENUE,10,Detached House,NA,"13,800","1,010 - 1,020","10,800 - 10,900",Sep 2021
N.A.,KUO CHUAN AVENUE,15,Semi-Detached House,NA,"4,156",120 - 130,"1,200 - 1,300",Aug 2021
N.A.,CAMBRIDGE ROAD,08,Terrace House,NA,"5,900",200 - 210,"2,100 - 2,200",Sep 2021
N.A.,KHEAM HOCK ROAD,11,Detached House,NA,"18,000",450 - 460,"4,800 - 4,900",Sep 2021
N.A.,CORONATION ROAD WEST,10,Detached House,NA,"8,500",650 - 660,"7,000 - 7,100",Sep 2021
N.A.,LORONG MARZUKI,14,Terrace House,NA,"4,200",260 - 270,"2,800 - 2,900",Sep 2021
N.A.,BRANKSOME ROAD,15,Detached House,NA,"10,200",660 - 670,"7,100 - 7,200",Sep 2021
N.A.,TEO KIM ENG ROAD,14,Semi-Detached House,NA,"5,500",250 - 260,"2,700 - 2,800",Sep 2021
N.A.,WAK HASSAN PLACE,27,Semi-Detached House,NA,"7,000",220 - 230,"2,300 - 2,400",Sep 2021
N.A.,EASTWOOD WAY,16,Semi-Detached House,NA,"6,700",290 - 300,"3,100 - 3,200",Sep 2021
N.A.,MIMOSA VIEW,28,Terrace House,NA,"3,700",150 - 160,"1,600 - 1,700",Sep 2021
N.A.,DUBLIN ROAD,09,Terrace House,NA,"6,250",170 - 180,"1,800 - 1,900",Sep 2021
N.A.,KUO CHUAN AVENUE,15,Semi-Detached House,NA,"3,502",120 - 130,"1,200 - 1,300",Aug 2021
N.A.,PULASAN ROAD,15,Terrace House,NA,"3,800",130 - 140,"1,400 - 1,500",Sep 2021
N.A.,BISHOPSGATE,10,Detached House,NA,"25,000","1,760 - 1,770","18,900 - 19,000",Sep 2021
N.A.,DUKU PLACE,15,Terrace House,NA,"2,600",170 - 180,"1,800 - 1,900",Aug 2021
N.A.,ONAN ROAD,15,Terrace House,NA,"1,800",50 - 60,500 - 600,Sep 2021
N.A.,NALLUR ROAD,15,Terrace House,NA,"1,300",50 - 60,600 - 700,Sep 2021
N.A.,ENG KONG GARDEN,21,Semi-Detached House,NA,"5,500",210 - 220,"2,300 - 2,400",Sep 2021
N.A.,NIVEN ROAD,09,Terrace House,NA,"4,200",130 - 140,"1,400 - 1,500",Sep 2021
N.A.,ANDREW ROAD,11,Detached House,NA,"17,000","1,480 - 1,490","15,900 - 16,000",Sep 2021
N.A.,HEMMANT ROAD,15,Terrace House,NA,"2,000",140 - 150,"1,500 - 1,600",Sep 2021
N.A.,FARLEIGH AVENUE,19,Detached House,NA,"9,500",380 - 390,"4,100 - 4,200",Sep 2021
N.A.,BERRIMA ROAD,11,Detached House,NA,"25,000",410 - 420,"4,400 - 4,500",Sep 2021
N.A.,VANDA CRESCENT,11,Detached House,NA,"12,500",440 - 450,"4,800 - 4,900",Aug 2021
N.A.,GUILLEMARD LANE,14,Terrace House,NA,"3,000",170 - 180,"1,900 - 2,000",Sep 2021
N.A.,PARBURY AVENUE,16,Terrace House,NA,"3,800",160 - 170,"1,700 - 1,800",Sep 2021
N.A.,CORONATION ROAD,10,Semi-Detached House,NA,"11,500",350 - 360,"3,700 - 3,800",Sep 2021
N.A.,JALAN PANDAN,11,Semi-Detached House,NA,"13,000",380 - 390,"4,000 - 4,100",Sep 2021
N.A.,STONE AVENUE,21,Semi-Detached House,NA,"9,250",410 - 420,"4,400 - 4,500",Sep 2021
N.A.,EVERITT ROAD,15,Terrace House,NA,"3,800",170 - 180,"1,800 - 1,900",Sep 2021
N.A.,JALAN MERLIMAU,11,Detached House,NA,"14,000",570 - 580,"6,100 - 6,200",Sep 2021
N.A.,WILKINSON ROAD,15,Detached House,NA,"8,000",450 - 460,"4,900 - 5,000",Sep 2021
N.A.,JOO CHIAT PLACE,15,Terrace House,NA,"3,400",160 - 170,"1,700 - 1,800",Sep 2021
N.A.,KISMIS PLACE,21,Terrace House,NA,"5,500",270 - 280,"2,900 - 3,000",Sep 2021
N.A.,EAST COAST ROAD,15,Terrace House,NA,"6,584",240 - 250,"2,600 - 2,700",Sep 2021
N.A.,SENNETT CLOSE,16,Semi-Detached House,NA,"13,500",360 - 370,"3,800 - 3,900",Jul 2021
N.A.,SPRINGSIDE AVENUE,26,Terrace House,NA,"4,350",160 - 170,"1,700 - 1,800",Sep 2021
N.A.,SWETTENHAM ROAD,10,Semi-Detached House,NA,"12,000",210 - 220,"2,300 - 2,400",Aug 2021
N.A.,PASIR PANJANG HILL,05,Detached House,NA,"7,000",560 - 570,"6,100 - 6,200",Sep 2021
N.A.,JALAN REBANA,20,Semi-Detached House,NA,"6,500",270 - 280,"2,900 - 3,000",Sep 2021
N.A.,JOO CHIAT TERRACE,15,Terrace House,NA,"3,000",170 - 180,"1,800 - 1,900",Sep 2021
N.A.,STEVENS ROAD,10,Terrace House,NA,"12,800",850 - 860,"9,200 - 9,300",Sep 2021
N.A.,FARLEIGH AVENUE,19,Semi-Detached House,NA,"11,500",380 - 390,"4,100 - 4,200",Sep 2021
N.A.,JALAN MELOR,13,Semi-Detached House,NA,"6,200",380 - 390,"4,100 - 4,200",Sep 2021
N.A.,JOO CHIAT TERRACE,15,Terrace House,NA,"3,000",170 - 180,"1,800 - 1,900",Sep 2021
N.A.,CHANCERY LANE,11,Detached House,NA,"8,000",270 - 280,"2,900 - 3,000",Sep 2021
N.A.,HOLLAND GROVE DRIVE,10,Semi-Detached House,NA,"5,600",290 - 300,"3,100 - 3,200",Aug 2021
N.A.,MAKEPEACE ROAD,09,Terrace House,NA,"9,000",170 - 180,"1,800 - 1,900",Sep 2021
N.A.,MARGATE ROAD,15,Terrace House,NA,"11,500",270 - 280,"2,900 - 3,000",Sep 2021
N.A.,DUNEARN ROAD,11,Semi-Detached House,NA,"6,800",400 - 410,"4,300 - 4,400",Sep 2021
N.A.,PASIR PANJANG ROAD,05,Terrace House,NA,"2,500",140 - 150,"1,500 - 1,600",Sep 2021
N.A.,EAN KIAM PLACE,15,Terrace House,NA,"3,100",70 - 80,800 - 900,Sep 2021
N.A.,KUO CHUAN AVENUE,15,Semi-Detached House,NA,"3,595",120 - 130,"1,200 - 1,300",Sep 2021
N.A.,CORONATION ROAD WEST,10,Detached House,NA,"15,500",320 - 330,"3,400 - 3,500",Sep 2021
N.A.,JALAN HAJI ALIAS,10,Terrace House,NA,"9,300",180 - 190,"2,000 - 2,100",Sep 2021
N.A.,WILKIE ROAD,09,Terrace House,NA,"3,600",120 - 130,"1,300 - 1,400",Aug 2021
N.A.,WINDSOR PARK ROAD,20,Detached House,NA,"9,000",400 - 410,"4,300 - 4,400",Aug 2021
N.A.,LEO DRIVE,20,Terrace House,NA,"6,000",320 - 330,"3,500 - 3,600",Sep 2021
N.A.,KINGSMEAD ROAD,10,Detached House,NA,"12,000",760 - 770,"8,200 - 8,300",Sep 2021
N.A.,BOURNEMOUTH ROAD,15,Semi-Detached House,NA,"7,600",280 - 290,"3,100 - 3,200",Sep 2021
N.A.,MOHAMED SULTAN ROAD,09,Non-landed Properties,NA,"3,000",50 - 60,500 - 600,Sep 2021
N.A.,MACPHERSON ROAD,13,Non-landed Properties,NA,"2,600",70 - 80,700 - 800,Sep 2021
N.A.,JOO CHIAT PLACE,15,Non-landed Properties,NA,"3,200",90 - 100,"900 - 1,000",Sep 2021
N.A.,BALMORAL ROAD,10,Non-landed Properties,3,"6,700",160 - 170,"1,700 - 1,800",Sep 2021
N.A.,JERVOIS ROAD,10,Non-landed Properties,NA,"7,000",270 - 280,"2,900 - 3,000",Sep 2021
N.A.,STANGEE PLACE,15,Non-landed Properties,NA,"2,200",120 - 130,"1,300 - 1,400",Sep 2021
N.A.,HAIG ROAD,15,Non-landed Properties,NA,"2,750",100 - 110,"1,100 - 1,200",Sep 2021
N.A.,THOMSON ROAD,11,Non-landed Properties,NA,"2,380",90 - 100,"1,000 - 1,100",Sep 2021
N.A.,CLAYMORE ROAD,09,Non-landed Properties,2,"3,300",70 - 80,800 - 900,Sep 2021
N.A.,CLAYMORE ROAD,09,Non-landed Properties,2,"3,000",70 - 80,700 - 800,Sep 2021
N.A.,TECK CHYE TERRACE,19,Non-landed Properties,NA,"2,850",80 - 90,"900 - 1,000",Sep 2021
N.A.,PENHAS ROAD,08,Non-landed Properties,NA,"3,100",90 - 100,"1,000 - 1,100",Sep 2021
N.A.,TANJONG KATONG ROAD,15,Non-landed Properties,NA,"3,600",90 - 100,"1,000 - 1,100",Sep 2021
N.A.,SIMS AVENUE,14,Non-landed Properties,NA,"2,650",170 - 180,"1,800 - 1,900",Sep 2021
N.A.,OPAL CRESCENT,12,Non-landed Properties,NA,"3,100",80 - 90,"900 - 1,000",Sep 2021
N.A.,GEYLANG ROAD,14,Non-landed Properties,NA,"2,700",90 - 100,"1,000 - 1,100",Sep 2021
N.A.,TANJONG KATONG ROAD,15,Non-landed Properties,NA,"2,180",60 - 70,700 - 800,Sep 2021
N.A.,HAMILTON ROAD,08,Non-landed Properties,NA,"2,600",120 - 130,"1,300 - 1,400",Sep 2021
N.A.,BALMORAL ROAD,10,Non-landed Properties,3,"7,200",170 - 180,"1,800 - 1,900",Sep 2021
N.A.,ORANGE GROVE ROAD,10,Non-landed Properties,4,"6,500",260 - 270,"2,800 - 2,900",Sep 2021
N.A.,DEVONSHIRE ROAD,09,Non-landed Properties,NA,"7,300",150 - 160,"1,700 - 1,800",Sep 2021
N.A.,LORONG 20 GEYLANG,14,Non-landed Properties,NA,"2,900",80 - 90,"900 - 1,000",Sep 2021
N.A.,JERVOIS ROAD,10,Non-landed Properties,NA,"7,500",290 - 300,"3,100 - 3,200",Sep 2021
N.A.,DUBLIN ROAD,09,Non-landed Properties,3,"3,400",140 - 150,"1,500 - 1,600",Sep 2021
N.A.,SURREY ROAD,11,Non-landed Properties,NA,"3,200",110 - 120,"1,200 - 1,300",Sep 2021
N.A.,ONAN ROAD,15,Non-landed Properties,NA,"3,000",80 - 90,"900 - 1,000",Sep 2021
N.A.,TANJONG KATONG ROAD,15,Non-landed Properties,NA,"3,100",100 - 110,"1,100 - 1,200",Sep 2021
N.A.,ST. MARTIN'S DRIVE,10,Non-landed Properties,2,"5,600",150 - 160,"1,700 - 1,800",Sep 2021
N.A.,BALESTIER ROAD,12,Non-landed Properties,NA,"2,150",110 - 120,"1,200 - 1,300",Sep 2021
N.A.,MOSQUE STREET,01,Non-landed Properties,NA,"6,000",90 - 100,"1,000 - 1,100",Sep 2021
N.A.,SOPHIA ROAD,09,Non-landed Properties,1,"2,500",50 - 60,600 - 700,Sep 2021
N.A.,JERVOIS ROAD,10,Non-landed Properties,NA,"5,250",270 - 280,"2,900 - 3,000",Sep 2021
N.A.,JERVOIS ROAD,10,Non-landed Properties,3,"3,600",110 - 120,"1,200 - 1,300",Sep 2021
N.A.,CLAYMORE ROAD,09,Non-landed Properties,3,"3,800",110 - 120,"1,200 - 1,300",Sep 2021
N.A.,HAMILTON ROAD,08,Non-landed Properties,NA,"2,800",120 - 130,"1,300 - 1,400",Sep 2021
N.A.,LORONG 18 GEYLANG,14,Non-landed Properties,NA,"4,000",110 - 120,"1,200 - 1,300",Sep 2021
N.A.,LORONG 11 GEYLANG,14,Non-landed Properties,NA,"2,400",130 - 140,"1,400 - 1,500",Sep 2021
N.A.,RIVER VALLEY ROAD,10,Non-landed Properties,NA,"2,960",110 - 120,"1,200 - 1,300",Sep 2021
N.A.,RIVER VALLEY ROAD,10,Non-landed Properties,NA,"3,260",110 - 120,"1,200 - 1,300",Sep 2021
N.A.,RIVER VALLEY ROAD,10,Non-landed Properties,NA,"2,960",110 - 120,"1,200 - 1,300",Sep 2021
N.A.,DRAYCOTT DRIVE,10,Non-landed Properties,3,"4,800",130 - 140,"1,400 - 1,500",Sep 2021
N.A.,SERANGOON ROAD,08,Non-landed Properties,NA,"2,100",110 - 120,"1,200 - 1,300",Sep 2021
N.A.,GILSTEAD ROAD,11,Non-landed Properties,2,"1,100",90 - 100,"1,000 - 1,100",Sep 2021
N.A.,ONAN ROAD,15,Non-landed Properties,NA,"2,550",80 - 90,"900 - 1,000",Sep 2021
N.A.,GILSTEAD ROAD,11,Non-landed Properties,2,"1,100",100 - 110,"1,000 - 1,100",Sep 2021
N.A.,BRISTOL ROAD,08,Non-landed Properties,NA,"2,800",140 - 150,"1,500 - 1,600",Sep 2021
N.A.,MOSQUE STREET,01,Non-landed Properties,NA,"4,500",70 - 80,700 - 800,Sep 2021
N.A.,LORONG 31 GEYLANG,14,Non-landed Properties,4,"2,450",180 - 190,"1,900 - 2,000",Sep 2021
N.A.,PASIR PANJANG ROAD,05,Non-landed Properties,3,"3,850",110 - 120,"1,200 - 1,300",Sep 2021
N.A.,JOO CHIAT ROAD,15,Non-landed Properties,NA,"2,400",90 - 100,"1,000 - 1,100",Sep 2021
N.A.,RIVER VALLEY ROAD,10,Non-landed Properties,NA,"14,600",480 - 490,"5,200 - 5,300",Sep 2021
N.A.,LORONG 40 GEYLANG,14,Non-landed Properties,NA,"3,500",60 - 70,700 - 800,Sep 2021
N.A.,RIVER VALLEY ROAD,10,Non-landed Properties,NA,"3,200",110 - 120,"1,200 - 1,300",Sep 2021
N.A.,JOO CHIAT ROAD,15,Non-landed Properties,NA,"1,388",90 - 100,"1,000 - 1,100",Sep 2021
N.A.,LORONG 19 GEYLANG,14,Non-landed Properties,NA,"1,200",40 - 50,400 - 500,Sep 2021
N.A.,SOPHIA ROAD,09,Non-landed Properties,1,"2,300",50 - 60,600 - 700,Sep 2021
N.A.,TECK CHYE TERRACE,19,Non-landed Properties,NA,"2,850",80 - 90,"900 - 1,000",Sep 2021
N.A.,MACPHERSON ROAD,13,Non-landed Properties,NA,"3,000",60 - 70,700 - 800,Sep 2021
N.A.,BALMORAL ROAD,10,Non-landed Properties,2,"5,200",110 - 120,"1,200 - 1,300",Sep 2021
N.A.,JALAN SUKA,14,Non-landed Properties,NA,"3,000",90 - 100,"1,000 - 1,100",Sep 2021
N.A.,DRAYCOTT DRIVE,10,Non-landed Properties,3,"5,250",140 - 150,"1,500 - 1,600",Sep 2021
N.A.,LORONG 41 GEYLANG,14,Non-landed Properties,3,"6,900",230 - 240,"2,400 - 2,500",Sep 2021
N.A.,MACPHERSON ROAD,13,Non-landed Properties,NA,"2,800",60 - 70,700 - 800,Sep 2021
N.A.,KIM KEAT LANE,12,Non-landed Properties,3,"2,600",130 - 140,"1,400 - 1,500",Sep 2021
N.A.,KIM KEAT CLOSE,12,Non-landed Properties,3,"2,600",90 - 100,"1,000 - 1,100",Sep 2021
N.A.,KIM KEAT CLOSE,12,Non-landed Properties,3,"2,600",90 - 100,"1,000 - 1,100",Sep 2021
N.A.,LORONG 9 GEYLANG,14,Non-landed Properties,2,"2,802",90 - 100,"1,000 - 1,100",Sep 2021
N.A.,CAMBRIDGE ROAD,08,Non-landed Properties,NA,"4,300",70 - 80,700 - 800,Sep 2021
N.A.,LORONG 41 GEYLANG,14,Non-landed Properties,3,"4,630",90 - 100,"1,000 - 1,100",Sep 2021
N.A.,GEYLANG ROAD,14,Non-landed Properties,NA,"4,800",320 - 330,"3,400 - 3,500",Sep 2021
N.A.,RIVER VALLEY ROAD,10,Non-landed Properties,NA,"2,960",110 - 120,"1,200 - 1,300",Sep 2021
N.A.,RIVER VALLEY ROAD,10,Non-landed Properties,NA,"2,960",110 - 120,"1,200 - 1,300",Sep 2021
N.A.,LORONG 9 GEYLANG,14,Non-landed Properties,2,"2,803",90 - 100,"1,000 - 1,100",Sep 2021
N.A.,TYRWHITT ROAD,08,Non-landed Properties,NA,"2,600",100 - 110,"1,000 - 1,100",Sep 2021
N.A.,PASIR PANJANG ROAD,05,Non-landed Properties,3,"4,150",110 - 120,"1,200 - 1,300",Sep 2021
N.A.,JALAN ULU SIGLAP,15,Non-landed Properties,NA,"3,200",180 - 190,"1,900 - 2,000",Sep 2021
N.A.,JALAN SEMPADAN,15,Non-landed Properties,NA,"2,200",90 - 100,"1,000 - 1,100",Sep 2021
N.A.,LORONG 8 GEYLANG,14,Non-landed Properties,5,"3,500",220 - 230,"2,400 - 2,500",Sep 2021
N.A.,CHANGI ROAD,14,Non-landed Properties,NA,"2,200",100 - 110,"1,000 - 1,100",Sep 2021
N.A.,CHANGI ROAD,14,Non-landed Properties,NA,"2,100",120 - 130,"1,300 - 1,400",Sep 2021
N.A.,CHAPEL CLOSE,15,Non-landed Properties,NA,"2,750",80 - 90,800 - 900,Sep 2021
N.A.,BALESTIER ROAD,12,Non-landed Properties,NA,"1,800",80 - 90,800 - 900,Sep 2021
N.A.,KIM KEAT CLOSE,12,Non-landed Properties,3,"2,500",90 - 100,"1,000 - 1,100",Sep 2021
N.A.,JALAN KEMBANGAN,14,Non-landed Properties,NA,"3,200",130 - 140,"1,400 - 1,500",Sep 2021
N.A.,JALAN PINANG,07,Non-landed Properties,NA,"2,804",130 - 140,"1,400 - 1,500",Sep 2021
N.A.,ORANGE GROVE ROAD,10,Non-landed Properties,4,"11,000",490 - 500,"5,200 - 5,300",Sep 2021
N.A.,CLAYMORE ROAD,09,Non-landed Properties,2,"3,100",70 - 80,800 - 900,Sep 2021
N.A.,LORONG 12 GEYLANG,14,Non-landed Properties,NA,"3,200",90 - 100,"1,000 - 1,100",Sep 2021
N.A.,RIVER VALLEY ROAD,09,Non-landed Properties,NA,"3,500",90 - 100,"900 - 1,000",Sep 2021
N.A.,HORNE ROAD,08,Non-landed Properties,NA,"2,600",80 - 90,"900 - 1,000",Sep 2021
N.A.,RANGOON ROAD,08,Non-landed Properties,NA,"3,100",140 - 150,"1,500 - 1,600",Sep 2021
N.A.,SURREY ROAD,11,Non-landed Properties,NA,"3,550",110 - 120,"1,200 - 1,300",Sep 2021
N.A.,KIM KEAT LANE,12,Non-landed Properties,3,"2,800",90 - 100,"900 - 1,000",Sep 2021
N.A.,BALESTIER ROAD,12,Non-landed Properties,NA,"3,300",120 - 130,"1,300 - 1,400",Sep 2021
N.A.,KIM KEAT LANE,12,Non-landed Properties,3,"2,800",90 - 100,"900 - 1,000",Sep 2021
N.A.,BALESTIER ROAD,12,Non-landed Properties,NA,"3,300",120 - 130,"1,300 - 1,400",Sep 2021
N.A.,TANGLIN ROAD,10,Non-landed Properties,NA,"2,150",40 - 50,500 - 600,Sep 2021
N.A.,DUBLIN ROAD,09,Non-landed Properties,3,"4,300",140 - 150,"1,500 - 1,600",Sep 2021
N.A.,MOULMEIN ROAD,11,Non-landed Properties,NA,"3,700",120 - 130,"1,300 - 1,400",Sep 2021
N.A.,LORONG 12 GEYLANG,14,Non-landed Properties,NA,"3,050",90 - 100,"1,000 - 1,100",Sep 2021
N.A.,STURDEE ROAD,08,Non-landed Properties,NA,"3,500",100 - 110,"1,000 - 1,100",Sep 2021
N.A.,MOSQUE STREET,01,Non-landed Properties,NA,"3,000",60 - 70,600 - 700,Sep 2021
N.A.,WOODLEIGH PARK,13,Non-landed Properties,NA,"1,900",80 - 90,"900 - 1,000",Sep 2021
N.A.,CLAYMORE ROAD,09,Non-landed Properties,2,"3,400",70 - 80,800 - 900,Sep 2021
N.A.,CHOA CHU KANG AVENUE 1,23,Non-landed Properties,NA,"1,600",90 - 100,"1,000 - 1,100",Sep 2021
N.A.,CHOA CHU KANG AVENUE 1,23,Non-landed Properties,NA,"1,600",90 - 100,"1,000 - 1,100",Sep 2021
N.A.,EAST COAST ROAD,15,Non-landed Properties,NA,"12,500",170 - 180,"1,800 - 1,900",Sep 2021
N.A.,BALESTIER ROAD,12,Non-landed Properties,NA,"1,500",110 - 120,"1,200 - 1,300",Sep 2021
N.A.,LORONG 41 GEYLANG,14,Non-landed Properties,1,"2,385",60 - 70,600 - 700,Sep 2021
N.A.,CLAYMORE ROAD,09,Non-landed Properties,2,"2,850",70 - 80,800 - 900,Sep 2021
N.A.,STILL ROAD,15,Non-landed Properties,NA,"3,000",100 - 110,"1,100 - 1,200",Sep 2021
N.A.,GILSTEAD ROAD,11,Non-landed Properties,2,"1,100",90 - 100,"1,000 - 1,100",Sep 2021
N.A.,JOO CHIAT TERRACE,15,Non-landed Properties,NA,"2,800",110 - 120,"1,100 - 1,200",Aug 2021
N.A.,JOO CHIAT PLACE,15,Non-landed Properties,NA,"2,300",70 - 80,700 - 800,Aug 2021
N.A.,BRIGHTON CRESCENT,19,Non-landed Properties,NA,"3,000",60 - 70,700 - 800,Sep 2021
N.A.,OPAL CRESCENT,12,Non-landed Properties,NA,"2,600",70 - 80,800 - 900,Sep 2021
N.A.,MACPHERSON ROAD,13,Non-landed Properties,NA,"3,000",70 - 80,700 - 800,Sep 2021
N.A.,CHANGI ROAD,14,Non-landed Properties,NA,"2,700",140 - 150,"1,500 - 1,600",Sep 2021
N.A.,BOUNDARY ROAD,19,Non-landed Properties,NA,"2,300",120 - 130,"1,300 - 1,400",Sep 2021
N.A.,HORNE ROAD,08,Non-landed Properties,NA,"4,100",110 - 120,"1,200 - 1,300",Sep 2021
N.A.,RIVER VALLEY ROAD,10,Non-landed Properties,NA,"2,600",90 - 100,"900 - 1,000",Sep 2021
N.A.,LORONG 4 GEYLANG,14,Non-landed Properties,NA,"3,000",110 - 120,"1,200 - 1,300",Sep 2021
N.A.,LORONG 32 GEYLANG,14,Non-landed Properties,NA,"4,000",150 - 160,"1,600 - 1,700",Sep 2021
N.A.,MACPHERSON ROAD,13,Non-landed Properties,NA,"3,500",80 - 90,800 - 900,Sep 2021
N.A.,RAMBAI ROAD,15,Non-landed Properties,NA,"3,100",110 - 120,"1,200 - 1,300",Sep 2021
N.A.,JOO CHIAT ROAD,15,Non-landed Properties,NA,"2,800",100 - 110,"1,000 - 1,100",Sep 2021
N.A.,UPPER EAST COAST ROAD,15,Non-landed Properties,NA,"2,900",80 - 90,"900 - 1,000",Sep 2021
N.A.,LORONG 4 GEYLANG,14,Non-landed Properties,NA,"2,350",110 - 120,"1,200 - 1,300",Sep 2021
N.A.,SIMS AVENUE,14,Non-landed Properties,NA,"1,800",110 - 120,"1,200 - 1,300",Sep 2021
N.A.,MACPHERSON ROAD,13,Non-landed Properties,NA,"2,800",60 - 70,700 - 800,Sep 2021
N.A.,JOO CHIAT ROAD,15,Non-landed Properties,NA,"2,400",100 - 110,"1,000 - 1,100",Sep 2021
N.A.,MACPHERSON ROAD,13,Non-landed Properties,NA,"2,800",60 - 70,700 - 800,Sep 2021
N.A.,JOO CHIAT ROAD,15,Non-landed Properties,NA,"4,600",190 - 200,"2,000 - 2,100",Aug 2021
N.A.,ROBERTS LANE,08,Non-landed Properties,NA,"2,500",70 - 80,700 - 800,Sep 2021
N.A.,LORONG 12 GEYLANG,14,Non-landed Properties,NA,"3,000",90 - 100,"900 - 1,000",Aug 2021
N.A.,SUNSET CLOSE,21,Non-landed Properties,2,"2,400",110 - 120,"1,200 - 1,300",Sep 2021
N.A.,SIMS AVENUE,14,Non-landed Properties,NA,"2,400",220 - 230,"2,300 - 2,400",Sep 2021
N.A.,SHREWSBURY ROAD,11,Non-landed Properties,NA,"2,500",80 - 90,800 - 900,Sep 2021
N.A.,SHREWSBURY ROAD,11,Non-landed Properties,NA,"2,500",80 - 90,800 - 900,Sep 2021
N.A.,LORONG 19 GEYLANG,14,Non-landed Properties,NA,"1,600",80 - 90,800 - 900,Sep 2021
N.A.,TANJONG KATONG ROAD,15,Non-landed Properties,NA,"2,500",70 - 80,800 - 900,Sep 2021
N.A.,CHANGI ROAD,14,Non-landed Properties,NA,"2,300",100 - 110,"1,000 - 1,100",Sep 2021
N.A.,OWEN ROAD,08,Non-landed Properties,NA,"3,200",120 - 130,"1,300 - 1,400",Sep 2021
N.A.,GEYLANG ROAD,14,Non-landed Properties,NA,"1,350",60 - 70,700 - 800,Sep 2021
N.A.,SYED ALWI ROAD,08,Non-landed Properties,NA,"1,926",120 - 130,"1,300 - 1,400",Aug 2021
N.A.,ZION ROAD,10,Non-landed Properties,NA,"4,100",80 - 90,"900 - 1,000",Sep 2021
N.A.,HAVELOCK ROAD,03,Non-landed Properties,NA,"1,900",70 - 80,700 - 800,Sep 2021
N.A.,LORONG 26 GEYLANG,14,Non-landed Properties,NA,"2,300",200 - 210,"2,200 - 2,300",Sep 2021
N.A.,LORONG 26 GEYLANG,14,Non-landed Properties,NA,"2,200",200 - 210,"2,100 - 2,200",Sep 2021
N.A.,JALAN BESAR,08,Non-landed Properties,NA,"2,500",110 - 120,"1,200 - 1,300",Aug 2021
N.A.,PASIR PANJANG ROAD,05,Non-landed Properties,3,"3,700",110 - 120,"1,200 - 1,300",Sep 2021
N.A.,STILL ROAD,15,Non-landed Properties,NA,"2,500",100 - 110,"1,100 - 1,200",Sep 2021
N.A.,LORONG 19 GEYLANG,14,Non-landed Properties,NA,"1,200",70 - 80,800 - 900,Aug 2021
N.A.,ST. MICHAEL'S ROAD,12,Non-landed Properties,4,"4,100",140 - 150,"1,500 - 1,600",Sep 2021
N.A.,JALAN SUKA,14,Non-landed Properties,NA,"3,400",190 - 200,"2,100 - 2,200",Sep 2021
N.A.,STARLIGHT ROAD,08,Non-landed Properties,NA,"2,000",70 - 80,800 - 900,Sep 2021
N.A.,WILKIE ROAD,09,Non-landed Properties,3,"2,800",120 - 130,"1,300 - 1,400",Sep 2021
N.A.,WILKIE ROAD,09,Non-landed Properties,3,"2,600",120 - 130,"1,300 - 1,400",Sep 2021
N.A.,HAIG ROAD,15,Non-landed Properties,NA,"2,500",100 - 110,"1,000 - 1,100",Sep 2021
N.A.,JALAN KEMBANGAN,14,Non-landed Properties,NA,"3,200",90 - 100,"900 - 1,000",Sep 2021
N.A.,HOLLAND ROAD,10,Non-landed Properties,NA,"1,800",150 - 160,"1,600 - 1,700",Sep 2021
N.A.,GILSTEAD ROAD,11,Non-landed Properties,2,"1,100",90 - 100,"1,000 - 1,100",Sep 2021
N.A.,MACKENZIE ROAD,09,Non-landed Properties,NA,"2,070",70 - 80,800 - 900,Sep 2021
N.A.,SING AVENUE,08,Non-landed Properties,NA,"1,500",80 - 90,800 - 900,Sep 2021
N.A.,MOHAMED SULTAN ROAD,09,Non-landed Properties,NA,"2,200",40 - 50,500 - 600,Sep 2021
N.A.,ROBIN DRIVE,10,Non-landed Properties,NA,"3,800",160 - 170,"1,700 - 1,800",Sep 2021
N.A.,LORONG 30 GEYLANG,14,Non-landed Properties,1,"2,800",50 - 60,500 - 600,Sep 2021
N.A.,GEYLANG ROAD,14,Non-landed Properties,NA,"2,600",100 - 110,"1,100 - 1,200",Sep 2021
N.A.,GEYLANG ROAD,14,Non-landed Properties,NA,"2,600",70 - 80,700 - 800,Sep 2021
N.A.,CLAYMORE ROAD,09,Non-landed Properties,2,"2,900",70 - 80,800 - 900,Sep 2021
N.A.,CHAPEL CLOSE,15,Non-landed Properties,NA,"3,000",80 - 90,800 - 900,Sep 2021
N.A.,TREASURE ISLAND,04,Detached House,NA,"17,000",790 - 800,"8,500 - 8,600",Oct 2021
N.A.,JOO CHIAT TERRACE,15,Terrace House,NA,"4,800",100 - 110,"1,000 - 1,100",Oct 2021
N.A.,DUCHESS ROAD,10,Semi-Detached House,NA,"6,000",350 - 360,"3,700 - 3,800",Oct 2021
N.A.,WHITE HOUSE PARK,10,Detached House,NA,"12,500",470 - 480,"5,100 - 5,200",Oct 2021
N.A.,PAYA LEBAR CRESCENT,19,Terrace House,NA,"1,000",40 - 50,500 - 600,Oct 2021
N.A.,LEITH ROAD,19,Semi-Detached House,NA,"4,600",290 - 300,"3,100 - 3,200",Oct 2021
N.A.,PALM DRIVE,15,Terrace House,NA,"5,600",270 - 280,"2,900 - 3,000",Oct 2021
N.A.,CORNWALL GARDENS,10,Detached House,NA,"17,000",740 - 750,"7,900 - 8,000",Oct 2021
N.A.,GARLICK AVENUE,10,Detached House,NA,"17,000","1,500 - 1,510","16,100 - 16,200",Oct 2021
N.A.,TAN SIM BOH ROAD,11,Detached House,NA,"6,500",550 - 560,"5,900 - 6,000",Oct 2021
N.A.,JOO CHIAT PLACE,15,Terrace House,NA,"3,300",100 - 110,"1,100 - 1,200",Oct 2021
N.A.,JALAN ELOK,09,Terrace House,NA,"4,500",150 - 160,"1,600 - 1,700",Oct 2021
N.A.,KHEAM HOCK ROAD,11,Detached House,NA,"13,800",450 - 460,"4,900 - 5,000",Oct 2021
N.A.,ROCHALIE DRIVE,10,Detached House,NA,"18,000","1,380 - 1,390","14,800 - 14,900",Oct 2021
N.A.,JALAN SENYUM,14,Terrace House,NA,"5,000",150 - 160,"1,700 - 1,800",Oct 2021
N.A.,WILKINSON ROAD,15,Semi-Detached House,NA,"8,000",400 - 410,"4,300 - 4,400",Oct 2021
N.A.,CARPMAEL ROAD,15,Terrace House,NA,"3,800",170 - 180,"1,800 - 1,900",Oct 2021
N.A.,CHAPEL ROAD,15,Terrace House,NA,"5,250",140 - 150,"1,500 - 1,600",Oct 2021
N.A.,CEDARWOOD GROVE,25,Detached House,NA,"12,066",610 - 620,"6,500 - 6,600",Oct 2021
N.A.,BOWMONT GARDENS,15,Semi-Detached House,NA,"6,800",280 - 290,"3,000 - 3,100",Oct 2021
N.A.,GUOK AVENUE,05,Detached House,NA,"8,000",490 - 500,"5,300 - 5,400",Oct 2021
N.A.,JALAN PANDAN,11,Detached House,NA,"9,000",430 - 440,"4,600 - 4,700",Oct 2021
N.A.,WATTEN ESTATE ROAD,11,Semi-Detached House,NA,"8,000",240 - 250,"2,500 - 2,600",Oct 2021
N.A.,GERALD PARK,28,Semi-Detached House,NA,"6,000",430 - 440,"4,700 - 4,800",Oct 2021
N.A.,JALAN CHEMPAKA KUNING,16,Terrace House,NA,"4,000",210 - 220,"2,300 - 2,400",Oct 2021
N.A.,HOW SUN AVENUE,19,Terrace House,NA,"3,000",110 - 120,"1,200 - 1,300",Oct 2021
N.A.,JALAN KEBAYA,10,Detached House,NA,"17,500",410 - 420,"4,500 - 4,600",Oct 2021
N.A.,HARLYN ROAD,11,Semi-Detached House,NA,"13,000",340 - 350,"3,700 - 3,800",Oct 2021
N.A.,BEECHWOOD GROVE,25,Detached House,NA,"13,000",500 - 510,"5,400 - 5,500",Oct 2021
N.A.,SIOK WAN CLOSE,05,Detached House,NA,"6,800",250 - 260,"2,700 - 2,800",Oct 2021
N.A.,TUDOR CLOSE,11,Detached House,NA,"17,000",500 - 510,"5,400 - 5,500",Oct 2021
N.A.,COUNTRYSIDE ROAD,26,Semi-Detached House,NA,"5,200",310 - 320,"3,400 - 3,500",Oct 2021
N.A.,TAY LIAN TECK DRIVE,15,Terrace House,NA,"6,500",310 - 320,"3,300 - 3,400",Oct 2021
N.A.,JALAN ISMAIL,14,Terrace House,NA,"6,500",390 - 400,"4,300 - 4,400",Oct 2021
N.A.,JALAN LIM TAI SEE,10,Detached House,NA,"8,400",710 - 720,"7,700 - 7,800",Oct 2021
N.A.,JOO CHIAT TERRACE,15,Terrace House,NA,"4,700",80 - 90,800 - 900,Oct 2021
N.A.,FIDELIO STREET,15,Semi-Detached House,NA,"5,600",260 - 270,"2,800 - 2,900",Oct 2021
N.A.,LORONG L TELOK KURAU,15,Semi-Detached House,NA,"8,000",250 - 260,"2,700 - 2,800",Oct 2021
N.A.,KEW LANE,16,Terrace House,NA,"4,200",150 - 160,"1,700 - 1,800",Oct 2021
N.A.,CHATSWORTH ROAD,10,Detached House,NA,"28,000","2,170 - 2,180","23,300 - 23,400",Oct 2021
N.A.,ENG KONG GARDEN,21,Semi-Detached House,NA,"9,000",330 - 340,"3,600 - 3,700",Oct 2021
N.A.,NAMLY GARDEN,10,Semi-Detached House,NA,"7,000",340 - 350,"3,700 - 3,800",Oct 2021
N.A.,GOODMAN ROAD,15,Detached House,NA,"8,000",400 - 410,"4,300 - 4,400",Oct 2021
N.A.,JOO CHIAT PLACE,15,Terrace House,NA,"6,000",100 - 110,"1,100 - 1,200",Oct 2021
N.A.,YUNNAN CRESCENT,22,Terrace House,NA,"5,800",470 - 480,"5,100 - 5,200",Oct 2021
N.A.,ROBIN CLOSE,10,Detached House,NA,"6,800",600 - 610,"6,500 - 6,600",Oct 2021
N.A.,SANDILANDS ROAD,19,Terrace House,NA,"3,000",250 - 260,"2,700 - 2,800",Oct 2021
N.A.,BUKIT TUNGGAL ROAD,11,Detached House,NA,"12,000",210 - 220,"2,300 - 2,400",Oct 2021
N.A.,COURT ROAD,19,Terrace House,NA,"7,500",160 - 170,"1,700 - 1,800",Oct 2021
N.A.,JALAN BAHASA,11,Semi-Detached House,NA,"8,600",370 - 380,"4,000 - 4,100",Oct 2021
N.A.,LIM TUA TOW ROAD,19,Semi-Detached House,NA,"6,300",200 - 210,"2,100 - 2,200",Oct 2021
N.A.,MOUNT ROSIE ROAD,11,Semi-Detached House,NA,"5,500",450 - 460,"4,800 - 4,900",Oct 2021
N.A.,GENTLE ROAD,11,Detached House,NA,"8,500",300 - 310,"3,200 - 3,300",Oct 2021
N.A.,PHILLIPS AVENUE,19,Semi-Detached House,NA,"5,750",470 - 480,"5,100 - 5,200",Oct 2021
N.A.,CORONATION ROAD WEST,10,Detached House,NA,"12,500",940 - 950,"10,100 - 10,200",Oct 2021
N.A.,COVE WAY,04,Detached House,NA,"26,000",750 - 760,"8,000 - 8,100",Oct 2021
N.A.,BERRIMA ROAD,11,Detached House,NA,"17,000",490 - 500,"5,200 - 5,300",Oct 2021
N.A.,LORONG SARINA,14,Terrace House,NA,"4,500",230 - 240,"2,500 - 2,600",Oct 2021
N.A.,UNIVERSITY ROAD,11,Detached House,NA,"9,800",480 - 490,"5,100 - 5,200",Oct 2021
N.A.,KUO CHUAN AVENUE,15,Semi-Detached House,NA,"3,595",120 - 130,"1,200 - 1,300",Oct 2021
N.A.,MOUNT SINAI WALK,10,Semi-Detached House,NA,"13,700",300 - 310,"3,300 - 3,400",Oct 2021
N.A.,LORONG SARINA,14,Terrace House,NA,"3,000",170 - 180,"1,800 - 1,900",Oct 2021
N.A.,HOLLAND ROAD,10,Detached House,NA,"10,500",370 - 380,"4,000 - 4,100",Oct 2021
N.A.,TENG TONG ROAD,15,Terrace House,NA,"4,500",150 - 160,"1,600 - 1,700",Oct 2021
N.A.,BRANKSOME ROAD,15,Detached House,NA,"17,500","1,340 - 1,350","14,400 - 14,500",Oct 2021
N.A.,JALAN LIMAU PURUT,16,Semi-Detached House,NA,"11,000",330 - 340,"3,500 - 3,600",Oct 2021
N.A.,PASIR PANJANG ROAD,05,Terrace House,NA,"6,300",420 - 430,"4,500 - 4,600",Oct 2021
N.A.,JALAN CHEMPAKA KUNING,16,Semi-Detached House,NA,"3,800",280 - 290,"3,000 - 3,100",Oct 2021
N.A.,JALAN ELOK,09,Terrace House,NA,"6,000",250 - 260,"2,700 - 2,800",Oct 2021
N.A.,JALAN SENTOSA,14,Detached House,NA,"8,000",460 - 470,"5,000 - 5,100",Oct 2021
N.A.,HOLLAND PARK,10,Detached House,NA,"25,000","1,640 - 1,650","17,700 - 17,800",Oct 2021
N.A.,JALAN SAYANG,14,Terrace House,NA,"6,000",220 - 230,"2,400 - 2,500",Oct 2021
N.A.,COUNTRYSIDE ROAD,26,Semi-Detached House,NA,"6,400",240 - 250,"2,500 - 2,600",Oct 2021
N.A.,BEGONIA DRIVE,28,Semi-Detached House,NA,"5,000",230 - 240,"2,400 - 2,500",Oct 2021
N.A.,UPPER CHANGI ROAD,16,Semi-Detached House,NA,"6,350",270 - 280,"2,900 - 3,000",Oct 2021
N.A.,TAMARIND ROAD,28,Semi-Detached House,NA,"3,480",280 - 290,"3,000 - 3,100",Oct 2021
N.A.,GREENLEAF AVENUE,10,Semi-Detached House,NA,"9,000",320 - 330,"3,400 - 3,500",Oct 2021
N.A.,LORONG H TELOK KURAU,15,Terrace House,NA,"3,800",150 - 160,"1,600 - 1,700",Oct 2021
N.A.,BRANKSOME ROAD,15,Semi-Detached House,NA,"10,500",600 - 610,"6,400 - 6,500",Oct 2021
N.A.,BRIZAY PARK,10,Detached House,NA,"10,600",590 - 600,"6,300 - 6,400",Oct 2021
N.A.,FERNHILL CLOSE,10,Semi-Detached House,NA,"11,000",330 - 340,"3,600 - 3,700",Oct 2021
N.A.,COTSWOLD CLOSE,13,Detached House,NA,"16,000",440 - 450,"4,800 - 4,900",Oct 2021
N.A.,COVE DRIVE,04,Detached House,NA,"31,000",730 - 740,"7,800 - 7,900",Oct 2021
N.A.,MUSWELL HILL,13,Detached House,NA,"14,200",510 - 520,"5,500 - 5,600",Oct 2021
N.A.,JALAN LATEH,13,Semi-Detached House,NA,"9,100",510 - 520,"5,500 - 5,600",Oct 2021
N.A.,JALAN ARNAP,10,Semi-Detached House,NA,"8,000",330 - 340,"3,600 - 3,700",Oct 2021
N.A.,CEYLON ROAD,15,Terrace House,NA,"2,000",140 - 150,"1,500 - 1,600",Oct 2021
N.A.,CORONATION ROAD,10,Semi-Detached House,NA,"15,500",370 - 380,"4,000 - 4,100",Oct 2021
N.A.,LORONG H TELOK KURAU,15,Terrace House,NA,"3,600",170 - 180,"1,900 - 2,000",Oct 2021
N.A.,GLASGOW ROAD,19,Semi-Detached House,NA,"5,900",360 - 370,"3,900 - 4,000",Oct 2021
N.A.,BO SENG AVENUE,11,Detached House,NA,"8,000",440 - 450,"4,700 - 4,800",Oct 2021
N.A.,LANGSAT ROAD,15,Terrace House,NA,"2,500",150 - 160,"1,700 - 1,800",Oct 2021
N.A.,JALAN LIM TAI SEE,10,Semi-Detached House,NA,"13,000",380 - 390,"4,000 - 4,100",Oct 2021
N.A.,BARKER ROAD,11,Terrace House,NA,"6,800",180 - 190,"1,900 - 2,000",Oct 2021
N.A.,RAGLAN GROVE,19,Detached House,NA,"8,500",460 - 470,"4,900 - 5,000",Oct 2021
N.A.,KAMPONG JAVA ROAD,09,Terrace House,NA,"7,300",130 - 140,"1,400 - 1,500",Oct 2021
N.A.,ROBEY CRESCENT,19,Semi-Detached House,NA,"4,500",340 - 350,"3,600 - 3,700",Oct 2021
N.A.,ONAN ROAD,15,Terrace House,NA,"6,500",140 - 150,"1,500 - 1,600",Oct 2021
N.A.,PROME ROAD,12,Terrace House,NA,"3,200",100 - 110,"1,000 - 1,100",Oct 2021
N.A.,CABLE ROAD,10,Detached House,NA,"58,000","1,600 - 1,610","17,300 - 17,400",Oct 2021
N.A.,LORONG H TELOK KURAU,15,Terrace House,NA,"4,800",180 - 190,"2,000 - 2,100",Oct 2021
N.A.,JALAN AMPANG,10,Semi-Detached House,NA,"9,500",440 - 450,"4,800 - 4,900",Oct 2021
N.A.,STEVENS CLOSE,10,Semi-Detached House,NA,"9,500",400 - 410,"4,300 - 4,400",Oct 2021
N.A.,JALAN LATEH,13,Terrace House,NA,"5,500",150 - 160,"1,600 - 1,700",Oct 2021
N.A.,JALAN REMAJA,23,Semi-Detached House,NA,"6,800",300 - 310,"3,300 - 3,400",Oct 2021
N.A.,GENTLE ROAD,11,Detached House,NA,"11,500",480 - 490,"5,200 - 5,300",Oct 2021
N.A.,HOLLAND HEIGHTS,10,Detached House,NA,"14,375",770 - 780,"8,300 - 8,400",Oct 2021
N.A.,TEMBELING ROAD,15,Terrace House,NA,"7,300",220 - 230,"2,400 - 2,500",Oct 2021
N.A.,KIM YAM ROAD,09,Terrace House,NA,"7,500",100 - 110,"1,000 - 1,100",Oct 2021
N.A.,KHEAM HOCK ROAD,11,Detached House,NA,"11,000",530 - 540,"5,800 - 5,900",Sep 2021
N.A.,KIM YAM ROAD,09,Terrace House,NA,"8,000",180 - 190,"2,000 - 2,100",Sep 2021
N.A.,JALAN BELANGKAS,13,Detached House,NA,"6,800",440 - 450,"4,800 - 4,900",Oct 2021
N.A.,SHELFORD ROAD,11,Detached House,NA,"9,900",570 - 580,"6,100 - 6,200",Oct 2021
N.A.,KIM YAM ROAD,09,Terrace House,NA,"6,500",150 - 160,"1,600 - 1,700",Oct 2021
N.A.,CORONATION ROAD WEST,10,Semi-Detached House,NA,"12,000",310 - 320,"3,300 - 3,400",Oct 2021
N.A.,PAYA LEBAR CRESCENT,19,Semi-Detached House,NA,"4,500",390 - 400,"4,200 - 4,300",Oct 2021
N.A.,CHAPEL ROAD,15,Terrace House,NA,"5,500",350 - 360,"3,800 - 3,900",Sep 2021
N.A.,JALAN LAPANG,14,Terrace House,NA,"4,400",180 - 190,"1,900 - 2,000",Oct 2021
N.A.,PONGGOL SEVENTEENTH AVENUE,19,Detached House,NA,"9,100",320 - 330,"3,400 - 3,500",Oct 2021
N.A.,LANGSAT ROAD,15,Terrace House,NA,"3,800",130 - 140,"1,400 - 1,500",Oct 2021
N.A.,MING TECK PARK,10,Semi-Detached House,NA,"13,500",310 - 320,"3,300 - 3,400",Oct 2021
N.A.,TANGLIN HILL,10,Detached House,NA,"28,000","1,240 - 1,250","13,400 - 13,500",Oct 2021
N.A.,TENG TONG ROAD,15,Terrace House,NA,"3,500",60 - 70,700 - 800,Oct 2021
N.A.,JALAN CHERMAT,19,Terrace House,NA,"4,700",240 - 250,"2,600 - 2,700",Oct 2021
N.A.,SPRINGLEAF LANE,26,Semi-Detached House,NA,"8,500",470 - 480,"5,000 - 5,100",Oct 2021
N.A.,BRIGHT HILL CRESCENT,20,Semi-Detached House,NA,"4,700",420 - 430,"4,500 - 4,600",Oct 2021
N.A.,CROWHURST DRIVE,19,Detached House,NA,"12,500",650 - 660,"7,000 - 7,100",Oct 2021
N.A.,DUNEARN ROAD,11,Detached House,NA,"12,200",490 - 500,"5,300 - 5,400",Oct 2021
N.A.,WILTSHIRE ROAD,16,Semi-Detached House,NA,"5,200",440 - 450,"4,800 - 4,900",Oct 2021
N.A.,PULASAN ROAD,15,Terrace House,NA,"4,000",210 - 220,"2,200 - 2,300",Oct 2021
N.A.,TAMPINES ROAD,19,Terrace House,NA,"3,900",240 - 250,"2,600 - 2,700",Oct 2021
N.A.,STARLIGHT ROAD,08,Terrace House,NA,"3,600",160 - 170,"1,700 - 1,800",Oct 2021
N.A.,TENG TONG ROAD,15,Terrace House,NA,"3,300",60 - 70,700 - 800,Aug 2021
N.A.,MUGLISTON ROAD,15,Terrace House,NA,"4,500",200 - 210,"2,200 - 2,300",Oct 2021
N.A.,LORONG 36 GEYLANG,14,Terrace House,NA,"3,700",80 - 90,800 - 900,Oct 2021
N.A.,CASHEW CRESCENT,23,Semi-Detached House,NA,"4,000",280 - 290,"3,000 - 3,100",Oct 2021
N.A.,NIVEN ROAD,09,Terrace House,NA,"5,100",100 - 110,"1,100 - 1,200",Oct 2021
N.A.,JALAN LADA PUTEH,09,Terrace House,NA,"6,500",150 - 160,"1,600 - 1,700",Sep 2021
N.A.,BINCHANG RISE,20,Semi-Detached House,NA,"9,800",250 - 260,"2,700 - 2,800",Oct 2021
N.A.,KUO CHUAN AVENUE,15,Semi-Detached House,NA,"3,969",120 - 130,"1,200 - 1,300",Oct 2021
N.A.,KUO CHUAN AVENUE,15,Semi-Detached House,NA,"3,595",120 - 130,"1,200 - 1,300",Oct 2021
N.A.,SENNETT AVENUE,16,Semi-Detached House,NA,"4,000",300 - 310,"3,200 - 3,300",Aug 2021
N.A.,PASIR PANJANG ROAD,05,Detached House,NA,"10,000",450 - 460,"4,800 - 4,900",Oct 2021
N.A.,MOUNTBATTEN ROAD,15,Semi-Detached House,NA,"6,600",250 - 260,"2,700 - 2,800",Oct 2021
N.A.,JALAN SEGAM,16,Semi-Detached House,NA,"3,000",180 - 190,"1,900 - 2,000",Oct 2021
N.A.,KINGSWEAR AVENUE,19,Terrace House,NA,"7,000",200 - 210,"2,100 - 2,200",Oct 2021
N.A.,NAMLY GARDEN,10,Semi-Detached House,NA,"13,000",280 - 290,"3,000 - 3,100",Oct 2021
N.A.,RIDOUT ROAD,10,Detached House,NA,"10,300",290 - 300,"3,100 - 3,200",Oct 2021
N.A.,RIDOUT ROAD,10,Detached House,NA,"9,560",250 - 260,"2,700 - 2,800",Sep 2021
N.A.,FOWLIE ROAD,15,Terrace House,NA,"4,000",160 - 170,"1,700 - 1,800",Oct 2021
N.A.,CORONATION ROAD WEST,10,Semi-Detached House,NA,"10,800",270 - 280,"2,900 - 3,000",Oct 2021
N.A.,WAJEK WALK,21,Terrace House,NA,"5,500",170 - 180,"1,800 - 1,900",Oct 2021
N.A.,KUO CHUAN AVENUE,15,Semi-Detached House,NA,"3,969",120 - 130,"1,200 - 1,300",Oct 2021
N.A.,JALAN ASUHAN,11,Detached House,NA,"108,000","1,760 - 1,770","18,900 - 19,000",Oct 2021
N.A.,CHIKU ROAD,15,Terrace House,NA,"2,500",60 - 70,600 - 700,Sep 2021
N.A.,PARRY ROAD,19,Terrace House,NA,"4,000",180 - 190,"1,900 - 2,000",Oct 2021
N.A.,EVERITT ROAD,15,Terrace House,NA,"3,000",160 - 170,"1,700 - 1,800",Oct 2021
N.A.,CORFE PLACE,19,Semi-Detached House,NA,"12,500",290 - 300,"3,200 - 3,300",Oct 2021
N.A.,JALAN KECHOT,14,Detached House,NA,"5,000",370 - 380,"4,000 - 4,100",Oct 2021
N.A.,LENGKONG EMPAT,14,Semi-Detached House,NA,"4,600",210 - 220,"2,300 - 2,400",Oct 2021
N.A.,PORTCHESTER AVENUE,19,Terrace House,NA,"7,500",200 - 210,"2,100 - 2,200",Sep 2021
N.A.,JALAN REMAJA,23,Terrace House,NA,"2,500",210 - 220,"2,300 - 2,400",Oct 2021
N.A.,PADANG CHANCERY,11,Semi-Detached House,NA,"8,000",490 - 500,"5,300 - 5,400",Oct 2021
N.A.,LORONG KILAT,21,Terrace House,NA,"5,000",190 - 200,"2,000 - 2,100",Oct 2021
N.A.,ASIMONT LANE,11,Detached House,NA,"11,600",290 - 300,"3,200 - 3,300",Oct 2021
N.A.,DUCHESS AVENUE,10,Semi-Detached House,NA,"10,000",210 - 220,"2,300 - 2,400",Sep 2021
N.A.,MOONSTONE LANE,12,Semi-Detached House,NA,"5,000",210 - 220,"2,300 - 2,400",Oct 2021
N.A.,JALAN GIRANG,13,Semi-Detached House,NA,"8,000",320 - 330,"3,500 - 3,600",Oct 2021
N.A.,UNIVERSITY ROAD,11,Semi-Detached House,NA,"10,800",410 - 420,"4,400 - 4,500",Oct 2021
N.A.,WAK HASSAN DRIVE,27,Terrace House,NA,"6,000",220 - 230,"2,300 - 2,400",Oct 2021
N.A.,DUNEARN ROAD,11,Semi-Detached House,NA,"16,000",330 - 340,"3,600 - 3,700",Oct 2021
N.A.,LORONG MELAYU,14,Terrace House,NA,"3,800",150 - 160,"1,600 - 1,700",Oct 2021
N.A.,JALAN ARNAP,10,Semi-Detached House,NA,"8,000",290 - 300,"3,100 - 3,200",Oct 2021
N.A.,ENG NEO AVENUE,11,Detached House,NA,"22,500","1,580 - 1,590","17,000 - 17,100",Oct 2021
N.A.,SPRINGSIDE GREEN,26,Semi-Detached House,NA,"4,500",260 - 270,"2,800 - 2,900",Oct 2021
N.A.,BERRIMA ROAD,11,Detached House,NA,"22,800",760 - 770,"8,200 - 8,300",Oct 2021
N.A.,TOH CLOSE,17,Semi-Detached House,NA,"6,000",260 - 270,"2,800 - 2,900",Oct 2021
N.A.,CHANGI ROAD,14,Non-landed Properties,NA,"18,000",460 - 470,"4,900 - 5,000",Oct 2021
N.A.,JALAN KAYU,28,Non-landed Properties,NA,"8,036",140 - 150,"1,500 - 1,600",Oct 2021
N.A.,LORONG 8 GEYLANG,14,Non-landed Properties,NA,"3,000",100 - 110,"1,100 - 1,200",Oct 2021
N.A.,TANJONG KATONG ROAD,15,Non-landed Properties,NA,"2,350",70 - 80,800 - 900,Oct 2021
N.A.,RIVER VALLEY ROAD,10,Non-landed Properties,NA,"3,100",110 - 120,"1,200 - 1,300",Oct 2021
N.A.,LORONG 27 GEYLANG,14,Non-landed Properties,NA,"3,350",90 - 100,"1,000 - 1,100",Oct 2021
N.A.,HAVELOCK ROAD,03,Non-landed Properties,NA,"2,500",90 - 100,"1,000 - 1,100",Oct 2021
N.A.,EMERALD HILL ROAD,09,Non-landed Properties,NA,"6,300",150 - 160,"1,600 - 1,700",Oct 2021
N.A.,LOWLAND ROAD,19,Non-landed Properties,NA,"1,980",60 - 70,600 - 700,Oct 2021
N.A.,KIM KEAT CLOSE,12,Non-landed Properties,3,"2,600",90 - 100,"1,000 - 1,100",Oct 2021
N.A.,CAMBRIDGE ROAD,08,Non-landed Properties,NA,"3,500",70 - 80,800 - 900,Oct 2021
N.A.,RIVER VALLEY ROAD,10,Non-landed Properties,NA,"2,960",110 - 120,"1,200 - 1,300",Oct 2021
N.A.,RIVER VALLEY ROAD,10,Non-landed Properties,NA,"2,960",110 - 120,"1,200 - 1,300",Oct 2021
N.A.,OPAL CRESCENT,12,Non-landed Properties,NA,"1,750",70 - 80,800 - 900,Oct 2021
N.A.,EAST SUSSEX LANE,10,Non-landed Properties,NA,"7,800",160 - 170,"1,800 - 1,900",Oct 2021
N.A.,RIVER VALLEY ROAD,10,Non-landed Properties,NA,"3,200",110 - 120,"1,200 - 1,300",Oct 2021
N.A.,RUBY LANE,12,Non-landed Properties,NA,"2,600",90 - 100,"1,000 - 1,100",Oct 2021
N.A.,RIVER VALLEY ROAD,10,Non-landed Properties,NA,"7,300",230 - 240,"2,500 - 2,600",Oct 2021
N.A.,HOLLAND RISE,10,Non-landed Properties,NA,"3,300",110 - 120,"1,200 - 1,300",Oct 2021
N.A.,LORONG 13 GEYLANG,14,Non-landed Properties,NA,"2,800",90 - 100,"1,000 - 1,100",Oct 2021
N.A.,RIVER VALLEY ROAD,10,Non-landed Properties,NA,"3,160",110 - 120,"1,200 - 1,300",Oct 2021
N.A.,RIVER VALLEY ROAD,10,Non-landed Properties,NA,"3,160",110 - 120,"1,200 - 1,300",Oct 2021
N.A.,KIM KEAT CLOSE,12,Non-landed Properties,3,"2,700",90 - 100,"1,000 - 1,100",Oct 2021
N.A.,TANJONG KATONG ROAD,15,Non-landed Properties,NA,"2,600",70 - 80,700 - 800,Oct 2021
N.A.,TANJONG KATONG ROAD,15,Non-landed Properties,NA,"2,600",70 - 80,700 - 800,Oct 2021
N.A.,BUKIT TIMAH ROAD,10,Non-landed Properties,NA,"4,000",200 - 210,"2,200 - 2,300",Oct 2021
N.A.,OUTRAM ROAD,03,Non-landed Properties,NA,"2,000",80 - 90,"900 - 1,000",Oct 2021
N.A.,MACPHERSON ROAD,13,Non-landed Properties,NA,"2,800",60 - 70,700 - 800,Oct 2021
N.A.,TANJONG KATONG ROAD,15,Non-landed Properties,NA,"2,500",90 - 100,"1,000 - 1,100",Oct 2021
N.A.,BRIGHTON CRESCENT,19,Non-landed Properties,NA,"2,500",80 - 90,"900 - 1,000",Oct 2021
N.A.,PILLAI ROAD,19,Non-landed Properties,NA,"3,400",90 - 100,"1,000 - 1,100",Oct 2021
N.A.,LINCOLN ROAD,11,Non-landed Properties,2,"2,800",80 - 90,800 - 900,Oct 2021
N.A.,BALESTIER ROAD,12,Non-landed Properties,NA,"3,300",110 - 120,"1,200 - 1,300",Oct 2021
N.A.,CHANGI ROAD,14,Non-landed Properties,NA,"2,450",100 - 110,"1,000 - 1,100",Oct 2021
N.A.,SEAH STREET,07,Non-landed Properties,NA,"3,800",70 - 80,800 - 900,Oct 2021
N.A.,LORONG 41 GEYLANG,14,Non-landed Properties,3,"4,360",90 - 100,"1,000 - 1,100",Oct 2021
N.A.,LORONG 41 GEYLANG,14,Non-landed Properties,4,"4,630",120 - 130,"1,300 - 1,400",Oct 2021
N.A.,JALAN MASJID,14,Non-landed Properties,NA,"2,100",70 - 80,800 - 900,Oct 2021
N.A.,JALAN JURONG KECHIL,21,Non-landed Properties,NA,"2,100",110 - 120,"1,200 - 1,300",Oct 2021
N.A.,HAMILTON ROAD,08,Non-landed Properties,NA,"2,500",110 - 120,"1,200 - 1,300",Oct 2021
N.A.,PASIR PANJANG ROAD,05,Non-landed Properties,NA,"2,600",120 - 130,"1,300 - 1,400",Oct 2021
N.A.,CHU LIN ROAD,23,Non-landed Properties,NA,"3,500",100 - 110,"1,000 - 1,100",Oct 2021
N.A.,LORONG 16 GEYLANG,14,Non-landed Properties,NA,"2,850",90 - 100,"1,000 - 1,100",Oct 2021
N.A.,LORONG 21 GEYLANG,14,Non-landed Properties,NA,"2,900",90 - 100,"1,000 - 1,100",Oct 2021
N.A.,PENHAS ROAD,08,Non-landed Properties,NA,"3,000",100 - 110,"1,100 - 1,200",Oct 2021
N.A.,CARLISLE ROAD,08,Non-landed Properties,NA,"1,800",80 - 90,"900 - 1,000",Oct 2021
N.A.,JOO AVENUE,08,Non-landed Properties,NA,"2,700",80 - 90,800 - 900,Oct 2021
N.A.,NASSIM ROAD,10,Non-landed Properties,3,"11,150",300 - 310,"3,200 - 3,300",Oct 2021
N.A.,TANJONG KATONG ROAD,15,Non-landed Properties,NA,"3,000",140 - 150,"1,500 - 1,600",Oct 2021
N.A.,HOLLAND ROAD,10,Non-landed Properties,2,"3,360",90 - 100,"1,000 - 1,100",Oct 2021
N.A.,JOO CHIAT ROAD,15,Non-landed Properties,NA,"2,800",100 - 110,"1,100 - 1,200",Oct 2021
N.A.,LORONG 20 GEYLANG,14,Non-landed Properties,NA,"2,000",80 - 90,"900 - 1,000",Oct 2021
N.A.,PASIR PANJANG ROAD,05,Non-landed Properties,3,"4,150",110 - 120,"1,200 - 1,300",Oct 2021
N.A.,LORONG 17 GEYLANG,14,Non-landed Properties,NA,"3,300",80 - 90,"900 - 1,000",Oct 2021
N.A.,TANJONG KATONG ROAD,15,Non-landed Properties,NA,"3,200",80 - 90,"900 - 1,000",Oct 2021
N.A.,LORONG 27 GEYLANG,14,Non-landed Properties,NA,"2,600",90 - 100,"1,000 - 1,100",Oct 2021
N.A.,KIM KEAT CLOSE,12,Non-landed Properties,3,"3,000",90 - 100,"1,000 - 1,100",Oct 2021
N.A.,MACPHERSON ROAD,13,Non-landed Properties,NA,"2,500",60 - 70,700 - 800,Oct 2021
N.A.,GREENLEAF WALK,10,Non-landed Properties,NA,"3,100",140 - 150,"1,500 - 1,600",Oct 2021
N.A.,CLAYMORE ROAD,09,Non-landed Properties,2,"3,300",70 - 80,700 - 800,Oct 2021
N.A.,UPPER PAYA LEBAR ROAD,19,Non-landed Properties,NA,"2,500",80 - 90,800 - 900,Oct 2021
N.A.,JALAN ARUAN,09,Non-landed Properties,NA,"4,200",120 - 130,"1,300 - 1,400",Oct 2021
N.A.,BALESTIER ROAD,12,Non-landed Properties,NA,"3,800",130 - 140,"1,300 - 1,400",Oct 2021
N.A.,LORONG 4 GEYLANG,14,Non-landed Properties,NA,"3,200",110 - 120,"1,100 - 1,200",Oct 2021
N.A.,TEMBELING ROAD,15,Non-landed Properties,NA,"2,400",80 - 90,"900 - 1,000",Oct 2021
N.A.,LORONG 16 GEYLANG,14,Non-landed Properties,NA,"2,800",90 - 100,"1,000 - 1,100",Oct 2021
N.A.,EDEN GROVE,19,Non-landed Properties,3,"3,000",90 - 100,"900 - 1,000",Oct 2021
N.A.,JALAN KEMBANGAN,14,Non-landed Properties,NA,"3,300",90 - 100,"900 - 1,000",Oct 2021
N.A.,DRAYCOTT DRIVE,10,Non-landed Properties,2,"5,500",180 - 190,"1,900 - 2,000",Oct 2021
N.A.,JOO CHIAT PLACE,15,Non-landed Properties,NA,"2,300",70 - 80,700 - 800,Oct 2021
N.A.,LORONG 22 GEYLANG,14,Non-landed Properties,NA,"3,000",90 - 100,"900 - 1,000",Oct 2021
N.A.,SHREWSBURY ROAD,11,Non-landed Properties,NA,"2,700",80 - 90,800 - 900,Oct 2021
N.A.,EDEN GROVE,19,Non-landed Properties,2,"1,550",80 - 90,"900 - 1,000",Oct 2021
N.A.,JALAN RAJA UDANG,12,Non-landed Properties,NA,"2,100",60 - 70,600 - 700,Oct 2021
N.A.,MOHAMED SULTAN ROAD,09,Non-landed Properties,NA,"3,450",80 - 90,"900 - 1,000",Oct 2021
N.A.,GEYLANG ROAD,14,Non-landed Properties,NA,"14,000",480 - 490,"5,100 - 5,200",Oct 2021
N.A.,WOODLEIGH PARK,13,Non-landed Properties,NA,"2,085",80 - 90,"900 - 1,000",Oct 2021
N.A.,PASIR PANJANG ROAD,05,Non-landed Properties,NA,"6,500",160 - 170,"1,700 - 1,800",Oct 2021
N.A.,ONAN ROAD,15,Non-landed Properties,NA,"2,800",90 - 100,"900 - 1,000",Oct 2021
N.A.,ST. MICHAEL'S ROAD,12,Non-landed Properties,3,"4,380",130 - 140,"1,400 - 1,500",Oct 2021
N.A.,PEGU ROAD,12,Non-landed Properties,NA,"1,550",20 - 30,200 - 300,Oct 2021
N.A.,BALMORAL ROAD,10,Non-landed Properties,3,"6,900",160 - 170,"1,700 - 1,800",Oct 2021
N.A.,ST. MARTIN'S DRIVE,10,Non-landed Properties,2,"3,500",120 - 130,"1,300 - 1,400",Oct 2021
N.A.,HOLLAND ROAD,10,Non-landed Properties,2,"3,800",120 - 130,"1,200 - 1,300",Oct 2021
N.A.,LORONG 8 GEYLANG,14,Non-landed Properties,5,"3,000",220 - 230,"2,400 - 2,500",Oct 2021
N.A.,LORONG 17 GEYLANG,14,Non-landed Properties,NA,"2,650",70 - 80,800 - 900,Oct 2021
N.A.,LIM TUA TOW ROAD,19,Non-landed Properties,NA,"1,400",70 - 80,800 - 900,Oct 2021
N.A.,LORONG 41 GEYLANG,14,Non-landed Properties,4,"5,250",120 - 130,"1,300 - 1,400",Oct 2021
N.A.,RIVER VALLEY ROAD,10,Non-landed Properties,NA,"3,676",110 - 120,"1,200 - 1,300",Oct 2021
N.A.,TANJONG KATONG ROAD,15,Non-landed Properties,NA,"2,000",70 - 80,800 - 900,Oct 2021
N.A.,KIM KEAT CLOSE,12,Non-landed Properties,3,"2,400",100 - 110,"1,000 - 1,100",Oct 2021
N.A.,CLAYMORE ROAD,09,Non-landed Properties,3,"3,600",110 - 120,"1,200 - 1,300",Oct 2021
N.A.,MACPHERSON ROAD,13,Non-landed Properties,NA,"2,800",60 - 70,700 - 800,Oct 2021
N.A.,BALESTIER ROAD,12,Non-landed Properties,NA,"2,400",170 - 180,"1,800 - 1,900",Oct 2021
N.A.,TANJONG KATONG ROAD,15,Non-landed Properties,NA,"3,500",90 - 100,"900 - 1,000",Oct 2021
N.A.,HONGKONG STREET,01,Non-landed Properties,NA,"2,300",40 - 50,500 - 600,Oct 2021
N.A.,TANJONG KATONG ROAD,15,Non-landed Properties,NA,"2,700",90 - 100,"1,000 - 1,100",Oct 2021
N.A.,LORONG 34 GEYLANG,14,Non-landed Properties,NA,"1,800",140 - 150,"1,500 - 1,600",Oct 2021
N.A.,MACKENZIE ROAD,09,Non-landed Properties,NA,"1,660",50 - 60,500 - 600,Oct 2021
N.A.,CHANGI ROAD,14,Non-landed Properties,NA,"1,500",100 - 110,"1,000 - 1,100",Oct 2021
N.A.,PENHAS ROAD,08,Non-landed Properties,NA,"3,000",100 - 110,"1,100 - 1,200",Oct 2021
N.A.,EMERALD HILL ROAD,09,Non-landed Properties,NA,"5,500",110 - 120,"1,200 - 1,300",Oct 2021
N.A.,RACE COURSE ROAD,08,Non-landed Properties,NA,"1,750",30 - 40,300 - 400,Oct 2021
N.A.,KIM KEAT ROAD,12,Non-landed Properties,3,"2,400",90 - 100,"1,000 - 1,100",Oct 2021
N.A.,LORONG 25 GEYLANG,14,Non-landed Properties,NA,"5,800",200 - 210,"2,200 - 2,300",Oct 2021
N.A.,CHANGI ROAD,14,Non-landed Properties,NA,"4,000",130 - 140,"1,400 - 1,500",Oct 2021
N.A.,MACPHERSON ROAD,13,Non-landed Properties,NA,"2,700",110 - 120,"1,200 - 1,300",Oct 2021
N.A.,LORONG 16 GEYLANG,14,Non-landed Properties,NA,"2,100",90 - 100,"1,000 - 1,100",Oct 2021
N.A.,JASMINE ROAD,20,Non-landed Properties,NA,"1,900",90 - 100,"900 - 1,000",Sep 2021
N.A.,KILLINEY ROAD,09,Non-landed Properties,NA,"3,300",170 - 180,"1,900 - 2,000",Oct 2021
N.A.,LAVENDER STREET,12,Non-landed Properties,NA,"1,600",90 - 100,"900 - 1,000",Oct 2021
N.A.,JALAN MASJID,14,Non-landed Properties,NA,"3,100",80 - 90,800 - 900,Oct 2021
N.A.,BALESTIER ROAD,12,Non-landed Properties,NA,"2,300",110 - 120,"1,200 - 1,300",Sep 2021
N.A.,JALAN JURONG KECHIL,21,Non-landed Properties,NA,"7,200",120 - 130,"1,300 - 1,400",Sep 2021
N.A.,LORONG 13 GEYLANG,14,Non-landed Properties,NA,"2,600",110 - 120,"1,200 - 1,300",Oct 2021
N.A.,TANJONG KATONG ROAD,15,Non-landed Properties,NA,"2,550",130 - 140,"1,400 - 1,500",Oct 2021
N.A.,LIM TECK KIM ROAD,02,Non-landed Properties,NA,"2,350",80 - 90,"900 - 1,000",Oct 2021
N.A.,MOSQUE STREET,01,Non-landed Properties,NA,"4,376",70 - 80,700 - 800,Sep 2021
N.A.,KIM KEAT LANE,12,Non-landed Properties,3,"2,650",90 - 100,"1,000 - 1,100",Sep 2021
N.A.,ST. MICHAEL'S ROAD,12,Non-landed Properties,4,"4,700",140 - 150,"1,500 - 1,600",Oct 2021
N.A.,MACPHERSON ROAD,13,Non-landed Properties,NA,"2,000",70 - 80,700 - 800,Oct 2021
N.A.,TANJONG KATONG ROAD,15,Non-landed Properties,NA,"3,000",110 - 120,"1,100 - 1,200",Oct 2021
N.A.,NASSIM HILL,10,Non-landed Properties,3,"12,500",290 - 300,"3,200 - 3,300",Oct 2021
N.A.,KIM KEAT LANE,12,Non-landed Properties,3,"4,000",130 - 140,"1,400 - 1,500",Oct 2021
N.A.,BALESTIER ROAD,12,Non-landed Properties,NA,"3,800",100 - 110,"1,100 - 1,200",Oct 2021
N.A.,CARLISLE ROAD,08,Non-landed Properties,NA,"2,400",90 - 100,"1,000 - 1,100",Oct 2021
N.A.,RANGOON ROAD,08,Non-landed Properties,NA,"2,200",100 - 110,"1,000 - 1,100",Sep 2021
N.A.,HOLLAND ROAD,10,Non-landed Properties,2,"3,450",80 - 90,800 - 900,Oct 2021
N.A.,OUTRAM ROAD,03,Non-landed Properties,NA,"2,500",70 - 80,700 - 800,Oct 2021
N.A.,MOSQUE STREET,01,Non-landed Properties,NA,"3,898",40 - 50,500 - 600,Oct 2021
N.A.,KIM KEAT CLOSE,12,Non-landed Properties,3,"2,700",90 - 100,"1,000 - 1,100",Oct 2021
N.A.,RACE COURSE ROAD,08,Non-landed Properties,NA,"1,700",30 - 40,300 - 400,Oct 2021
N.A.,TANJONG KATONG ROAD,15,Non-landed Properties,NA,"2,800",90 - 100,"1,000 - 1,100",Oct 2021
N.A.,LORONG 17 GEYLANG,14,Non-landed Properties,NA,"4,000",70 - 80,800 - 900,Oct 2021
N.A.,LORONG 17 GEYLANG,14,Non-landed Properties,NA,"4,000",70 - 80,800 - 900,Oct 2021
N.A.,HOLLAND ROAD,10,Non-landed Properties,2,"3,900",100 - 110,"1,000 - 1,100",Oct 2021
N.A.,SIMS AVENUE,14,Non-landed Properties,NA,"1,700",70 - 80,800 - 900,Oct 2021
N.A.,SIMS AVENUE,14,Non-landed Properties,NA,"2,200",90 - 100,"900 - 1,000",Oct 2021
N.A.,TYRWHITT ROAD,08,Non-landed Properties,NA,"2,200",100 - 110,"1,000 - 1,100",Oct 2021
N.A.,TYRWHITT ROAD,08,Non-landed Properties,NA,"2,050",100 - 110,"1,000 - 1,100",Oct 2021
N.A.,TYRWHITT ROAD,08,Non-landed Properties,NA,"2,050",100 - 110,"1,000 - 1,100",Oct 2021
N.A.,LORONG 25A GEYLANG,14,Non-landed Properties,NA,"2,900",90 - 100,"1,000 - 1,100",Oct 2021
N.A.,LORONG MELAYU,14,Non-landed Properties,NA,"2,200",160 - 170,"1,700 - 1,800",Sep 2021
N.A.,TANJONG KATONG ROAD,15,Non-landed Properties,NA,"2,000",70 - 80,700 - 800,Oct 2021
N.A.,TANJONG KATONG ROAD,15,Non-landed Properties,NA,"2,800",70 - 80,800 - 900,Oct 2021
N.A.,DRAYCOTT DRIVE,10,Non-landed Properties,2,"4,000",100 - 110,"1,100 - 1,200",Oct 2021
N.A.,WOO MON CHEW ROAD,15,Non-landed Properties,NA,"3,150",130 - 140,"1,400 - 1,500",Oct 2021
N.A.,HAIG ROAD,15,Non-landed Properties,NA,"7,000",180 - 190,"2,000 - 2,100",Oct 2021
N.A.,GREENLEAF WALK,10,Non-landed Properties,NA,"3,000",140 - 150,"1,500 - 1,600",Oct 2021
N.A.,SOPHIA ROAD,09,Non-landed Properties,1,"2,600",50 - 60,600 - 700,Oct 2021
N.A.,PASIR PANJANG ROAD,05,Non-landed Properties,3,"3,600",110 - 120,"1,200 - 1,300",Oct 2021
N.A.,CLAYMORE ROAD,09,Non-landed Properties,2,"2,700",70 - 80,800 - 900,Sep 2021
N.A.,TANJONG KATONG ROAD,15,Non-landed Properties,NA,"2,800",140 - 150,"1,600 - 1,700",Oct 2021
N.A.,CHANGI ROAD,14,Non-landed Properties,NA,"5,800",220 - 230,"2,400 - 2,500",Oct 2021
N.A.,JALAN BESAR,08,Non-landed Properties,NA,"3,450",110 - 120,"1,100 - 1,200",Oct 2021
N.A.,BOON TECK ROAD,12,Non-landed Properties,NA,"2,700",110 - 120,"1,200 - 1,300",Oct 2021
N.A.,RACE COURSE ROAD,08,Non-landed Properties,NA,"1,750",20 - 30,200 - 300,Oct 2021
N.A.,CAMBRIDGE ROAD,08,Non-landed Properties,NA,"2,300",70 - 80,800 - 900,Oct 2021
N.A.,BALESTIER ROAD,12,Non-landed Properties,NA,"2,600",50 - 60,600 - 700,Oct 2021
N.A.,RACE COURSE ROAD,08,Non-landed Properties,NA,"1,750",20 - 30,200 - 300,Oct 2021
N.A.,JOO CHIAT TERRACE,15,Non-landed Properties,NA,"2,900",110 - 120,"1,100 - 1,200",Oct 2021
N.A.,HORNE ROAD,08,Non-landed Properties,NA,"3,367",120 - 130,"1,300 - 1,400",Oct 2021
N.A.,KIM KEAT CLOSE,12,Non-landed Properties,3,"3,000",90 - 100,"1,000 - 1,100",Oct 2021
N.A.,MOHAMED SULTAN ROAD,09,Non-landed Properties,NA,"3,400",70 - 80,800 - 900,Oct 2021
N.A.,TOH TUCK ROAD,21,Terrace House,NA,"3,100",160 - 170,"1,800 - 1,900",Nov 2021
N.A.,BRANKSOME ROAD,15,Detached House,NA,"12,000",610 - 620,"6,600 - 6,700",Nov 2021
N.A.,BRIGHT HILL DRIVE,20,Detached House,NA,"7,000",470 - 480,"5,100 - 5,200",Nov 2021
N.A.,HOLLAND ROAD,10,Detached House,NA,"17,500",560 - 570,"6,000 - 6,100",Nov 2021
N.A.,JALAN TARI SERIMPI,28,Terrace House,NA,"4,800",150 - 160,"1,600 - 1,700",Nov 2021
N.A.,TAY LIAN TECK DRIVE,15,Semi-Detached House,NA,"6,700",370 - 380,"4,000 - 4,100",Nov 2021
N.A.,PONGGOL SEVENTEENTH AVENUE,19,Detached House,NA,"8,500",320 - 330,"3,400 - 3,500",Nov 2021
N.A.,TAMAN SIGLAP,15,Terrace House,NA,"6,300",160 - 170,"1,700 - 1,800",Nov 2021
N.A.,BEDOK AVENUE,16,Semi-Detached House,NA,"6,800",350 - 360,"3,800 - 3,900",Nov 2021
N.A.,WALTON ROAD,15,Detached House,NA,"5,000",450 - 460,"4,900 - 5,000",Nov 2021
N.A.,SUNRISE AVENUE,28,Semi-Detached House,NA,"4,150",360 - 370,"3,900 - 4,000",Nov 2021
N.A.,LORONG 6 GEYLANG,14,Terrace House,NA,"4,500",140 - 150,"1,500 - 1,600",Nov 2021
N.A.,TAY LIAN TECK DRIVE,15,Terrace House,NA,"6,700",250 - 260,"2,700 - 2,800",Nov 2021
N.A.,CHATSWORTH ROAD,10,Detached House,NA,"65,000","2,460 - 2,470","26,500 - 26,600",Nov 2021
N.A.,FABER GROVE,05,Detached House,NA,"8,000",440 - 450,"4,800 - 4,900",Nov 2021
N.A.,PADANG CHANCERY,11,Semi-Detached House,NA,"19,250",490 - 500,"5,300 - 5,400",Nov 2021
N.A.,GREENLEAF ROAD,10,Semi-Detached House,NA,"13,000",280 - 290,"3,000 - 3,100",Nov 2021
N.A.,FABER GROVE,05,Detached House,NA,"7,000",440 - 450,"4,700 - 4,800",Nov 2021
N.A.,DUBLIN ROAD,09,Terrace House,NA,"9,500",250 - 260,"2,700 - 2,800",Nov 2021
N.A.,LENTOR LOOP,26,Terrace House,NA,"5,130",340 - 350,"3,700 - 3,800",Nov 2021
N.A.,JALAN CHERMAT,19,Terrace House,NA,"5,300",240 - 250,"2,600 - 2,700",Nov 2021
N.A.,LORONG PISANG RAJA,21,Terrace House,NA,"8,750",180 - 190,"1,900 - 2,000",Nov 2021
N.A.,WALTON ROAD,15,Detached House,NA,"5,000",450 - 460,"4,900 - 5,000",Nov 2021
N.A.,HOLLAND GROVE DRIVE,10,Detached House,NA,"18,500",690 - 700,"7,400 - 7,500",Nov 2021
N.A.,CORNWALL GARDENS,10,Detached House,NA,"27,000","2,010 - 2,020","21,700 - 21,800",Nov 2021
N.A.,BEGONIA ROAD,28,Terrace House,NA,"4,600",250 - 260,"2,700 - 2,800",Nov 2021
N.A.,HIGHLAND ROAD,19,Terrace House,NA,"3,300",160 - 170,"1,700 - 1,800",Nov 2021
N.A.,EAST COAST ROAD,15,Terrace House,NA,"7,300",110 - 120,"1,200 - 1,300",Nov 2021
N.A.,WATTEN ESTATE ROAD,11,Semi-Detached House,NA,"8,000",240 - 250,"2,600 - 2,700",Nov 2021
N.A.,GALISTAN AVENUE,23,Semi-Detached House,NA,"5,900",270 - 280,"2,900 - 3,000",Nov 2021
N.A.,AVA ROAD,12,Terrace House,NA,"5,200",160 - 170,"1,700 - 1,800",Nov 2021
N.A.,WOODGROVE AVENUE,25,Terrace House,NA,"9,200",230 - 240,"2,400 - 2,500",Nov 2021
N.A.,LORONG M TELOK KURAU,15,Detached House,NA,"8,300",170 - 180,"1,800 - 1,900",Nov 2021
N.A.,EASTWOOD ROAD,16,Terrace House,NA,"4,500",170 - 180,"1,900 - 2,000",Nov 2021
N.A.,JOO CHIAT PLACE,15,Terrace House,NA,"3,300",100 - 110,"1,100 - 1,200",Nov 2021
N.A.,CHAPEL ROAD,15,Terrace House,NA,"4,700",120 - 130,"1,300 - 1,400",Nov 2021
N.A.,TELOK KURAU ROAD,15,Terrace House,NA,"4,200",290 - 300,"3,100 - 3,200",Nov 2021
N.A.,KINGSMEAD ROAD,10,Detached House,NA,"11,500",200 - 210,"2,200 - 2,300",Nov 2021
N.A.,FRANKEL STREET,15,Detached House,NA,"14,500",540 - 550,"5,800 - 5,900",Nov 2021
N.A.,JALAN RIA,13,Semi-Detached House,NA,"6,900",330 - 340,"3,600 - 3,700",Nov 2021
N.A.,SIOK WAN CLOSE,05,Detached House,NA,"6,800",250 - 260,"2,700 - 2,800",Nov 2021
N.A.,DUCHESS AVENUE,10,Semi-Detached House,NA,"12,500",260 - 270,"2,800 - 2,900",Nov 2021
N.A.,GREENWOOD LANE,11,Terrace House,NA,"6,800",150 - 160,"1,600 - 1,700",Nov 2021
N.A.,SIAN TUAN AVENUE,21,Detached House,NA,"14,000",430 - 440,"4,700 - 4,800",Nov 2021
N.A.,PARK VALE,11,Detached House,NA,"10,000",390 - 400,"4,200 - 4,300",Nov 2021
N.A.,HIGHLAND ROAD,19,Detached House,NA,"9,000",240 - 250,"2,600 - 2,700",Nov 2021
N.A.,TENG TONG ROAD,15,Terrace House,NA,"3,500",70 - 80,800 - 900,Nov 2021
N.A.,JOO CHIAT WALK,15,Terrace House,NA,"3,000",160 - 170,"1,700 - 1,800",Nov 2021
N.A.,JALAN SAMPURNA,10,Detached House,NA,"12,000",810 - 820,"8,800 - 8,900",Nov 2021
N.A.,JANSEN ROAD,19,Terrace House,NA,"5,200",240 - 250,"2,600 - 2,700",Nov 2021
N.A.,LORONG MYDIN,14,Terrace House,NA,"4,500",150 - 160,"1,600 - 1,700",Nov 2021
N.A.,YIO CHU KANG ROAD,28,Detached House,NA,"5,500",290 - 300,"3,100 - 3,200",Nov 2021
N.A.,UNIVERSITY ROAD,11,Detached House,NA,"13,500",480 - 490,"5,100 - 5,200",Nov 2021
N.A.,KOVAN CLOSE,19,Terrace House,NA,"5,600",200 - 210,"2,100 - 2,200",Nov 2021
N.A.,ZEHNDER ROAD,05,Semi-Detached House,NA,"5,900",310 - 320,"3,400 - 3,500",Nov 2021
N.A.,MERRYN ROAD,11,Detached House,NA,"13,500",410 - 420,"4,400 - 4,500",Nov 2021
N.A.,JALAN HAJI SALAM,16,Terrace House,NA,"6,000",240 - 250,"2,600 - 2,700",Nov 2021
N.A.,DUNSFOLD DRIVE,13,Detached House,NA,"12,000",430 - 440,"4,600 - 4,700",Nov 2021
N.A.,JALAN LAYANG LAYANG,21,Detached House,NA,"9,000",530 - 540,"5,700 - 5,800",Nov 2021
N.A.,RICHARDS PLACE,19,Semi-Detached House,NA,"3,700",340 - 350,"3,600 - 3,700",Nov 2021
N.A.,CHANCERY HILL WALK,11,Terrace House,NA,"11,500",240 - 250,"2,600 - 2,700",Nov 2021
N.A.,DYSON ROAD,11,Detached House,NA,"9,200",380 - 390,"4,100 - 4,200",Nov 2021
N.A.,CLUNY PARK,10,Detached House,NA,"55,000","1,480 - 1,490","15,900 - 16,000",Nov 2021
N.A.,PARKSTONE ROAD,15,Semi-Detached House,NA,"9,000",380 - 390,"4,100 - 4,200",Nov 2021
N.A.,CHAPEL ROAD,15,Terrace House,NA,"8,100",360 - 370,"3,800 - 3,900",Nov 2021
N.A.,NEO PEE TECK LANE,05,Terrace House,NA,"5,000",180 - 190,"2,000 - 2,100",Nov 2021
N.A.,NIVEN ROAD,09,Terrace House,NA,"6,600",220 - 230,"2,400 - 2,500",Nov 2021
N.A.,INGGU ROAD,27,Terrace House,NA,"6,000",150 - 160,"1,600 - 1,700",Nov 2021
N.A.,LORONG L TELOK KURAU,15,Terrace House,NA,"3,000",220 - 230,"2,300 - 2,400",Nov 2021
N.A.,MUGLISTON ROAD,15,Terrace House,NA,"3,300",260 - 270,"2,800 - 2,900",Nov 2021
N.A.,JALAN MERLIMAU,11,Semi-Detached House,NA,"8,600",210 - 220,"2,300 - 2,400",Nov 2021
N.A.,KUO CHUAN AVENUE,15,Semi-Detached House,NA,"3,595",120 - 130,"1,200 - 1,300",Nov 2021
N.A.,KUO CHUAN AVENUE,15,Semi-Detached House,NA,"3,595",120 - 130,"1,200 - 1,300",Nov 2021
N.A.,KUO CHUAN AVENUE,15,Semi-Detached House,NA,"3,782",120 - 130,"1,200 - 1,300",Nov 2021
N.A.,KUO CHUAN AVENUE,15,Semi-Detached House,NA,"3,595",120 - 130,"1,200 - 1,300",Nov 2021
N.A.,WAK HASSAN DRIVE,27,Semi-Detached House,NA,"6,500",220 - 230,"2,400 - 2,500",Nov 2021
N.A.,JALAN CHEMPAKA KUNING,16,Terrace House,NA,"3,400",170 - 180,"1,900 - 2,000",Nov 2021
N.A.,JALAN RINDU,19,Terrace House,NA,"5,000",160 - 170,"1,700 - 1,800",Nov 2021
N.A.,VANDA CRESCENT,11,Detached House,NA,"15,000",450 - 460,"4,800 - 4,900",Nov 2021
N.A.,OEI TIONG HAM PARK,10,Detached House,NA,"26,000","1,090 - 1,100","11,700 - 11,800",Nov 2021
N.A.,ROBIN CLOSE,10,Semi-Detached House,NA,"9,500",230 - 240,"2,500 - 2,600",Nov 2021
N.A.,LENGKONG SATU,14,Semi-Detached House,NA,"4,000",300 - 310,"3,200 - 3,300",Nov 2021
N.A.,COVE GROVE,04,Detached House,NA,"22,000",860 - 870,"9,300 - 9,400",Nov 2021
N.A.,LORONG SARHAD,05,Semi-Detached House,NA,"6,100",220 - 230,"2,300 - 2,400",Nov 2021
N.A.,LORONG 14 GEYLANG,14,Terrace House,NA,"6,800",170 - 180,"1,900 - 2,000",Nov 2021
N.A.,CORNWALL GARDENS,10,Detached House,NA,"26,000","1,400 - 1,410","15,000 - 15,100",Nov 2021
N.A.,LOWLAND ROAD,19,Terrace House,NA,"6,000",370 - 380,"4,000 - 4,100",Nov 2021
N.A.,FRANKEL STREET,15,Detached House,NA,"9,000",620 - 630,"6,700 - 6,800",Nov 2021
N.A.,LORONG M TELOK KURAU,15,Terrace House,NA,"6,400",310 - 320,"3,400 - 3,500",Nov 2021
N.A.,MARSHALL ROAD,15,Semi-Detached House,NA,"7,000",310 - 320,"3,400 - 3,500",Nov 2021
N.A.,CARDIFF GROVE,19,Terrace House,NA,"11,000",240 - 250,"2,600 - 2,700",Nov 2021
N.A.,LORONG 34 GEYLANG,14,Terrace House,NA,"4,000",220 - 230,"2,400 - 2,500",Nov 2021
N.A.,JALAN NAGA SARI,11,Semi-Detached House,NA,"9,000",410 - 420,"4,400 - 4,500",Nov 2021
N.A.,KUO CHUAN AVENUE,15,Semi-Detached House,NA,"3,595",120 - 130,"1,200 - 1,300",Nov 2021
N.A.,WAK HASSAN PLACE,27,Semi-Detached House,NA,"8,100",220 - 230,"2,400 - 2,500",Nov 2021
N.A.,LORONG MARZUKI,14,Terrace House,NA,"6,500",440 - 450,"4,700 - 4,800",Nov 2021
N.A.,EAST COAST DRIVE,15,Semi-Detached House,NA,"8,800",230 - 240,"2,500 - 2,600",Nov 2021
N.A.,JALAN REDOP,28,Terrace House,NA,"3,500",210 - 220,"2,200 - 2,300",Nov 2021
N.A.,BRIGHTON CRESCENT,19,Terrace House,NA,"2,500",150 - 160,"1,700 - 1,800",Oct 2021
N.A.,DUCHESS AVENUE,10,Detached House,NA,"13,500",500 - 510,"5,300 - 5,400",Nov 2021
N.A.,LORONG 13 GEYLANG,14,Terrace House,NA,"2,600",140 - 150,"1,600 - 1,700",Nov 2021
N.A.,JALAN SELAMAT,14,Detached House,NA,"5,000",460 - 470,"4,900 - 5,000",Nov 2021
N.A.,JALAN LEKUB,28,Semi-Detached House,NA,"4,700",290 - 300,"3,100 - 3,200",Nov 2021
N.A.,JOO CHIAT WALK,15,Terrace House,NA,"4,500",160 - 170,"1,700 - 1,800",Nov 2021
N.A.,PASIR PANJANG HILL,05,Terrace House,NA,"6,800",240 - 250,"2,600 - 2,700",Oct 2021
N.A.,WOODGROVE AVENUE,25,Detached House,NA,"9,500",480 - 490,"5,100 - 5,200",Oct 2021
N.A.,LORONG 8 GEYLANG,14,Terrace House,NA,"3,000",110 - 120,"1,100 - 1,200",Nov 2021
N.A.,DUCHESS ROAD,10,Semi-Detached House,NA,"9,000",350 - 360,"3,700 - 3,800",Nov 2021
N.A.,CRESCENT ROAD,15,Semi-Detached House,NA,"5,000",270 - 280,"2,900 - 3,000",Nov 2021
N.A.,THOMSON RIDGE,20,Semi-Detached House,NA,"5,600",230 - 240,"2,500 - 2,600",Nov 2021
N.A.,BUKIT AYER MOLEK,21,Detached House,NA,"12,500",890 - 900,"9,600 - 9,700",Nov 2021
N.A.,NIVEN ROAD,09,Terrace House,NA,"9,700",130 - 140,"1,400 - 1,500",Nov 2021
N.A.,KING ALBERT PARK,21,Detached House,NA,"30,000",730 - 740,"7,800 - 7,900",Nov 2021
N.A.,EAN KIAM PLACE,15,Terrace House,NA,"3,000",110 - 120,"1,200 - 1,300",Nov 2021
N.A.,LORONG 8 GEYLANG,14,Terrace House,NA,"3,000",160 - 170,"1,700 - 1,800",Nov 2021
N.A.,LORONG 8 GEYLANG,14,Terrace House,NA,"3,000",150 - 160,"1,700 - 1,800",Nov 2021
N.A.,MERRYN ROAD,11,Detached House,NA,"5,000",380 - 390,"4,000 - 4,100",Nov 2021
N.A.,SIMON WALK,19,Terrace House,NA,"5,000",160 - 170,"1,700 - 1,800",Nov 2021
N.A.,ONE TREE HILL,10,Semi-Detached House,NA,"9,200",260 - 270,"2,800 - 2,900",Nov 2021
N.A.,CHANCERY LANE,11,Detached House,NA,"12,200",330 - 340,"3,600 - 3,700",Oct 2021
N.A.,ST. PATRICK'S ROAD,15,Semi-Detached House,NA,"5,500",220 - 230,"2,300 - 2,400",Nov 2021
N.A.,WEST COAST ROAD,05,Terrace House,NA,"2,700",170 - 180,"1,800 - 1,900",Nov 2021
N.A.,LORONG MARZUKI,14,Terrace House,NA,"5,000",200 - 210,"2,200 - 2,300",Nov 2021
N.A.,JALAN GRISEK,14,Semi-Detached House,NA,"7,500",230 - 240,"2,500 - 2,600",Nov 2021
N.A.,SERAYA ROAD,15,Terrace House,NA,"6,000",160 - 170,"1,700 - 1,800",Nov 2021
N.A.,BODMIN DRIVE,19,Semi-Detached House,NA,"11,500",260 - 270,"2,700 - 2,800",Nov 2021
N.A.,BORTHWICK DRIVE,19,Semi-Detached House,NA,"10,500",250 - 260,"2,700 - 2,800",Nov 2021
N.A.,HUA GUAN AVENUE,21,Detached House,NA,"11,000",270 - 280,"2,900 - 3,000",Nov 2021
N.A.,CARMEN STREET,15,Semi-Detached House,NA,"10,500",270 - 280,"3,000 - 3,100",Nov 2021
N.A.,WILKINSON ROAD,15,Semi-Detached House,NA,"9,500",310 - 320,"3,300 - 3,400",Oct 2021
N.A.,YUNNAN ROAD,22,Terrace House,NA,"4,300",230 - 240,"2,500 - 2,600",Nov 2021
N.A.,LORONG G TELOK KURAU,15,Terrace House,NA,"4,800",350 - 360,"3,700 - 3,800",Nov 2021
N.A.,CORONATION ROAD,10,Detached House,NA,"5,000",420 - 430,"4,500 - 4,600",Oct 2021
N.A.,PASIR PANJANG ROAD,05,Terrace House,NA,"6,900",630 - 640,"6,800 - 6,900",Nov 2021
N.A.,LORONG L TELOK KURAU,15,Terrace House,NA,"3,200",160 - 170,"1,700 - 1,800",Nov 2021
N.A.,TEMBELING ROAD,15,Terrace House,NA,"3,050",250 - 260,"2,700 - 2,800",Nov 2021
N.A.,GUILLEMARD ROAD,14,Terrace House,NA,"4,500",150 - 160,"1,600 - 1,700",Oct 2021
N.A.,ROBIN CLOSE,10,Terrace House,NA,"8,300",260 - 270,"2,800 - 2,900",Nov 2021
N.A.,FERNHILL CRESCENT,10,Detached House,NA,"15,800",640 - 650,"6,800 - 6,900",Nov 2021
N.A.,LORONG SARHAD,05,Semi-Detached House,NA,"6,000",230 - 240,"2,400 - 2,500",Nov 2021
N.A.,PARKSTONE ROAD,15,Detached House,NA,"15,000",400 - 410,"4,300 - 4,400",Oct 2021
N.A.,JALAN KECHOT,14,Terrace House,NA,"3,200",200 - 210,"2,100 - 2,200",Nov 2021
N.A.,JALAN KAKATUA,21,Semi-Detached House,NA,"8,400",210 - 220,"2,300 - 2,400",Nov 2021
N.A.,TEOW HOCK AVENUE,19,Terrace House,NA,"3,000",210 - 220,"2,300 - 2,400",Nov 2021
N.A.,CEYLON ROAD,15,Semi-Detached House,NA,"10,000",340 - 350,"3,700 - 3,800",Nov 2021
N.A.,RIDOUT ROAD,10,Detached House,NA,"15,000",510 - 520,"5,500 - 5,600",Nov 2021
N.A.,TEOW HOCK AVENUE,19,Terrace House,NA,"3,300",190 - 200,"2,100 - 2,200",Nov 2021
N.A.,SURIN AVENUE,19,Semi-Detached House,NA,"5,800",380 - 390,"4,100 - 4,200",Nov 2021
N.A.,BRIZAY PARK,10,Detached House,NA,"8,200",720 - 730,"7,800 - 7,900",Oct 2021
N.A.,PALM DRIVE,15,Terrace House,NA,"6,300",240 - 250,"2,600 - 2,700",Oct 2021
N.A.,CHUAN DRIVE,19,Semi-Detached House,NA,"6,600",330 - 340,"3,600 - 3,700",Nov 2021
N.A.,EAST COAST AVENUE,15,Terrace House,NA,"5,650",280 - 290,"3,000 - 3,100",Nov 2021
N.A.,POOLE ROAD,15,Semi-Detached House,NA,"12,300",340 - 350,"3,600 - 3,700",Nov 2021
N.A.,DEVONSHIRE ROAD,09,Terrace House,NA,"6,500",130 - 140,"1,400 - 1,500",Nov 2021
N.A.,LORONG N TELOK KURAU,15,Terrace House,NA,"4,500",400 - 410,"4,300 - 4,400",Oct 2021
N.A.,BALMORAL ROAD,10,Non-landed Properties,2,"4,750",110 - 120,"1,200 - 1,300",Nov 2021
N.A.,CLAYMORE ROAD,09,Non-landed Properties,2,"2,800",70 - 80,800 - 900,Nov 2021
N.A.,CLAYMORE ROAD,09,Non-landed Properties,2,"3,000",70 - 80,800 - 900,Nov 2021
N.A.,CLAYMORE ROAD,09,Non-landed Properties,2,"2,800",70 - 80,800 - 900,Nov 2021
N.A.,THOMSON ROAD,11,Non-landed Properties,NA,"2,700",90 - 100,"1,000 - 1,100",Nov 2021
N.A.,LORONG 20 GEYLANG,14,Non-landed Properties,NA,"1,600",60 - 70,700 - 800,Nov 2021
N.A.,SANDY LANE,15,Non-landed Properties,NA,"2,000",90 - 100,"1,000 - 1,100",Nov 2021
N.A.,BEATTY ROAD,08,Non-landed Properties,NA,"2,400",80 - 90,"900 - 1,000",Nov 2021
N.A.,KIM KEAT LANE,12,Non-landed Properties,3,"2,500",80 - 90,"900 - 1,000",Nov 2021
N.A.,MACPHERSON ROAD,13,Non-landed Properties,NA,"1,300",70 - 80,700 - 800,Nov 2021
N.A.,LORONG 36 GEYLANG,14,Non-landed Properties,2,"2,600",90 - 100,"900 - 1,000",Nov 2021
N.A.,LORONG 41 GEYLANG,14,Non-landed Properties,3,"6,580",230 - 240,"2,400 - 2,500",Nov 2021
N.A.,CLAYMORE ROAD,09,Non-landed Properties,2,"3,000",70 - 80,800 - 900,Nov 2021
N.A.,LEWIS ROAD,10,Non-landed Properties,NA,"3,000",110 - 120,"1,200 - 1,300",Nov 2021
N.A.,MACKENZIE ROAD,09,Non-landed Properties,NA,"2,135",70 - 80,800 - 900,Nov 2021
N.A.,BALMORAL PARK,10,Non-landed Properties,NA,"4,550",160 - 170,"1,700 - 1,800",Nov 2021
N.A.,LORONG 11 GEYLANG,14,Non-landed Properties,NA,"5,800",80 - 90,"900 - 1,000",Nov 2021
N.A.,SPOTTISWOODE PARK ROAD,02,Non-landed Properties,NA,"2,600",170 - 180,"1,800 - 1,900",Nov 2021
N.A.,LORONG 16 GEYLANG,14,Non-landed Properties,NA,"2,800",90 - 100,"1,000 - 1,100",Nov 2021
N.A.,ZION ROAD,10,Non-landed Properties,NA,"3,000",80 - 90,"900 - 1,000",Nov 2021
N.A.,KIM KEAT CLOSE,12,Non-landed Properties,3,"2,200",90 - 100,"1,000 - 1,100",Nov 2021
N.A.,JALAN SEMPADAN,15,Non-landed Properties,NA,"2,300",90 - 100,"1,000 - 1,100",Nov 2021
N.A.,LORONG 17 GEYLANG,14,Non-landed Properties,NA,"2,900",110 - 120,"1,200 - 1,300",Nov 2021
N.A.,MACPHERSON ROAD,13,Non-landed Properties,NA,"2,800",70 - 80,800 - 900,Nov 2021
N.A.,MACPHERSON ROAD,13,Non-landed Properties,NA,"2,300",60 - 70,700 - 800,Nov 2021
N.A.,EDEN GROVE,19,Non-landed Properties,2,"2,500",90 - 100,"900 - 1,000",Nov 2021
N.A.,EDEN GROVE,19,Non-landed Properties,3,"2,800",100 - 110,"1,100 - 1,200",Nov 2021
N.A.,PEGU ROAD,12,Non-landed Properties,NA,"1,750",30 - 40,300 - 400,Nov 2021
N.A.,LINCOLN ROAD,11,Non-landed Properties,2,"2,600",80 - 90,800 - 900,Nov 2021
N.A.,LINCOLN ROAD,11,Non-landed Properties,2,"2,900",80 - 90,800 - 900,Nov 2021
N.A.,CLAYMORE ROAD,09,Non-landed Properties,3,"3,500",110 - 120,"1,200 - 1,300",Nov 2021
N.A.,RIVER VALLEY ROAD,10,Non-landed Properties,NA,"3,300",110 - 120,"1,200 - 1,300",Nov 2021
N.A.,RIVER VALLEY ROAD,10,Non-landed Properties,NA,"3,300",110 - 120,"1,200 - 1,300",Nov 2021
N.A.,WOODLEIGH PARK,13,Non-landed Properties,NA,"1,850",80 - 90,"900 - 1,000",Nov 2021
N.A.,LORONG 27 GEYLANG,14,Non-landed Properties,NA,"1,800",100 - 110,"1,000 - 1,100",Nov 2021
N.A.,TECK CHYE TERRACE,19,Non-landed Properties,NA,"3,000",80 - 90,"900 - 1,000",Nov 2021
N.A.,KIM KEAT ROAD,12,Non-landed Properties,NA,"3,950",180 - 190,"2,000 - 2,100",Nov 2021
N.A.,CARLISLE ROAD,08,Non-landed Properties,NA,"1,800",80 - 90,"900 - 1,000",Nov 2021
N.A.,CLAYMORE ROAD,09,Non-landed Properties,3,"4,100",110 - 120,"1,200 - 1,300",Nov 2021
N.A.,CAMPBELL LANE,08,Non-landed Properties,NA,"2,500",60 - 70,600 - 700,Nov 2021
N.A.,LINCOLN ROAD,11,Non-landed Properties,2,"3,700",100 - 110,"1,100 - 1,200",Nov 2021
N.A.,JOO CHIAT ROAD,15,Non-landed Properties,NA,"3,000",130 - 140,"1,400 - 1,500",Nov 2021
N.A.,RAMBAI ROAD,15,Non-landed Properties,NA,"2,600",110 - 120,"1,200 - 1,300",Nov 2021
N.A.,MACPHERSON ROAD,13,Non-landed Properties,NA,"3,200",130 - 140,"1,400 - 1,500",Nov 2021
N.A.,LORONG 20 GEYLANG,14,Non-landed Properties,NA,"1,800",80 - 90,"900 - 1,000",Nov 2021
N.A.,LORONG H TELOK KURAU,15,Non-landed Properties,NA,"3,300",110 - 120,"1,200 - 1,300",Nov 2021
N.A.,CHANGI ROAD,14,Non-landed Properties,NA,"2,500",90 - 100,"900 - 1,000",Nov 2021
N.A.,BALMORAL ROAD,10,Non-landed Properties,3,"7,600",170 - 180,"1,800 - 1,900",Nov 2021
N.A.,JOO CHIAT PLACE,15,Non-landed Properties,NA,"2,000",60 - 70,700 - 800,Nov 2021
N.A.,JALAN ARUAN,09,Non-landed Properties,NA,"3,000",100 - 110,"1,100 - 1,200",Nov 2021
N.A.,LINCOLN ROAD,11,Non-landed Properties,2,"4,000",100 - 110,"1,100 - 1,200",Nov 2021
N.A.,LINCOLN ROAD,11,Non-landed Properties,2,"2,800",80 - 90,800 - 900,Nov 2021
N.A.,CRANE ROAD,15,Non-landed Properties,NA,"4,900",90 - 100,"900 - 1,000",Nov 2021
N.A.,JALAN SEMPADAN,15,Non-landed Properties,NA,"2,100",90 - 100,"1,000 - 1,100",Nov 2021
N.A.,LORONG 34 GEYLANG,14,Non-landed Properties,NA,"2,350",80 - 90,"900 - 1,000",Nov 2021
N.A.,PASIR PANJANG ROAD,05,Non-landed Properties,3,"4,150",110 - 120,"1,200 - 1,300",Nov 2021
N.A.,LINCOLN ROAD,11,Non-landed Properties,2,"4,200",100 - 110,"1,100 - 1,200",Nov 2021
N.A.,EAST COAST ROAD,15,Non-landed Properties,NA,"2,800",80 - 90,"900 - 1,000",Nov 2021
N.A.,BRISTOL ROAD,08,Non-landed Properties,NA,"2,600",120 - 130,"1,300 - 1,400",Nov 2021
N.A.,JERVOIS CLOSE,10,Non-landed Properties,2,"4,200",110 - 120,"1,200 - 1,300",Nov 2021
N.A.,DRAYCOTT DRIVE,10,Non-landed Properties,2,"4,300",100 - 110,"1,100 - 1,200",Nov 2021
N.A.,HAVELOCK ROAD,03,Non-landed Properties,NA,"2,000",90 - 100,"1,000 - 1,100",Nov 2021
N.A.,SERAYA LANE,15,Non-landed Properties,NA,"1,700",90 - 100,"900 - 1,000",Nov 2021
N.A.,SIMS AVENUE,14,Non-landed Properties,NA,"3,000",130 - 140,"1,500 - 1,600",Nov 2021
N.A.,SIMS AVENUE,14,Non-landed Properties,NA,"2,500",120 - 130,"1,300 - 1,400",Nov 2021
N.A.,RIVER VALLEY ROAD,10,Non-landed Properties,NA,"3,000",90 - 100,"900 - 1,000",Nov 2021
N.A.,ZION ROAD,10,Non-landed Properties,NA,"2,800",80 - 90,"900 - 1,000",Nov 2021
N.A.,JERVOIS ROAD,10,Non-landed Properties,NA,"5,800",270 - 280,"2,900 - 3,000",Nov 2021
N.A.,RACE COURSE ROAD,08,Non-landed Properties,1,"1,750",30 - 40,300 - 400,Nov 2021
N.A.,JOO CHIAT ROAD,15,Non-landed Properties,NA,"2,800",100 - 110,"1,100 - 1,200",Nov 2021
N.A.,CHANGI ROAD,14,Non-landed Properties,NA,"1,900",100 - 110,"1,000 - 1,100",Nov 2021
N.A.,RACE COURSE ROAD,08,Non-landed Properties,NA,"1,800",30 - 40,300 - 400,Nov 2021
N.A.,JOO AVENUE,08,Non-landed Properties,NA,"3,200",110 - 120,"1,200 - 1,300",Nov 2021
N.A.,LORONG 24A GEYLANG,14,Non-landed Properties,NA,"1,400",70 - 80,700 - 800,Nov 2021
N.A.,SHREWSBURY ROAD,11,Non-landed Properties,NA,"2,750",80 - 90,800 - 900,Nov 2021
N.A.,FLANDERS SQUARE,08,Non-landed Properties,NA,"2,800",90 - 100,"1,000 - 1,100",Nov 2021
N.A.,JOO CHIAT PLACE,15,Non-landed Properties,NA,"2,400",70 - 80,700 - 800,Nov 2021
N.A.,GREENLEAF WALK,10,Non-landed Properties,NA,"3,500",140 - 150,"1,500 - 1,600",Nov 2021
N.A.,ST. THOMAS WALK,09,Non-landed Properties,3,"2,950",150 - 160,"1,600 - 1,700",Nov 2021
N.A.,JALAN ARUAN,09,Non-landed Properties,NA,"2,800",100 - 110,"1,100 - 1,200",Nov 2021
N.A.,OPAL CRESCENT,12,Non-landed Properties,NA,"2,500",90 - 100,"900 - 1,000",Nov 2021
N.A.,LORONG 41 GEYLANG,14,Non-landed Properties,3,"6,350",230 - 240,"2,400 - 2,500",Nov 2021
N.A.,LORONG 42 GEYLANG,14,Non-landed Properties,NA,"2,450",80 - 90,"900 - 1,000",Nov 2021
N.A.,LORONG 16 GEYLANG,14,Non-landed Properties,NA,"3,000",100 - 110,"1,100 - 1,200",Nov 2021
N.A.,JOO AVENUE,08,Non-landed Properties,NA,"2,200",130 - 140,"1,500 - 1,600",Nov 2021
N.A.,STANGEE PLACE,15,Non-landed Properties,NA,"3,000",90 - 100,"1,000 - 1,100",Nov 2021
N.A.,HAVELOCK ROAD,03,Non-landed Properties,NA,"3,200",90 - 100,"1,000 - 1,100",Nov 2021
N.A.,RIVER VALLEY ROAD,10,Non-landed Properties,NA,"2,000",110 - 120,"1,200 - 1,300",Oct 2021
N.A.,SERAYA LANE,15,Non-landed Properties,NA,"3,200",90 - 100,"1,000 - 1,100",Nov 2021
N.A.,KOON SENG ROAD,15,Non-landed Properties,NA,"2,600",80 - 90,"900 - 1,000",Nov 2021
N.A.,GILSTEAD ROAD,11,Non-landed Properties,2,"1,100",90 - 100,"1,000 - 1,100",Nov 2021
N.A.,SIXTH AVENUE,10,Non-landed Properties,NA,"4,100",170 - 180,"1,800 - 1,900",Sep 2021
N.A.,OUTRAM ROAD,03,Non-landed Properties,NA,"2,500",70 - 80,700 - 800,Nov 2021
N.A.,GILSTEAD ROAD,11,Non-landed Properties,2,"1,100",90 - 100,"1,000 - 1,100",Nov 2021
N.A.,JALAN ARUAN,09,Non-landed Properties,NA,"3,100",80 - 90,"900 - 1,000",Nov 2021
N.A.,HAVELOCK ROAD,03,Non-landed Properties,NA,"3,600",70 - 80,800 - 900,Nov 2021
N.A.,HAVELOCK ROAD,03,Non-landed Properties,NA,"3,600",70 - 80,800 - 900,Nov 2021
N.A.,RACE COURSE ROAD,08,Non-landed Properties,1,"1,800",30 - 40,300 - 400,Nov 2021
N.A.,LORONG 16 GEYLANG,14,Non-landed Properties,NA,"3,000",100 - 110,"1,100 - 1,200",Nov 2021
N.A.,LORONG 15 GEYLANG,14,Non-landed Properties,NA,"3,370",80 - 90,"900 - 1,000",Nov 2021
N.A.,LINCOLN ROAD,11,Non-landed Properties,2,"3,700",100 - 110,"1,100 - 1,200",Nov 2021
N.A.,KIM KEAT LANE,12,Non-landed Properties,3,"2,600",80 - 90,"900 - 1,000",Nov 2021
N.A.,WOODLEIGH PARK,13,Non-landed Properties,NA,"1,785",80 - 90,"900 - 1,000",Nov 2021
N.A.,GEYLANG ROAD,14,Non-landed Properties,NA,"1,700",80 - 90,"900 - 1,000",Nov 2021
N.A.,CHANGI ROAD,14,Non-landed Properties,NA,"1,100",80 - 90,"900 - 1,000",Oct 2021
N.A.,RIVER VALLEY ROAD,09,Non-landed Properties,NA,"3,500",110 - 120,"1,100 - 1,200",Oct 2021
N.A.,GUILLEMARD ROAD,14,Non-landed Properties,NA,"3,400",70 - 80,800 - 900,Oct 2021
N.A.,RACE COURSE ROAD,08,Non-landed Properties,NA,"1,750",30 - 40,300 - 400,Nov 2021
N.A.,CHANGI ROAD,14,Non-landed Properties,NA,"2,000",110 - 120,"1,200 - 1,300",Nov 2021
N.A.,SING JOO WALK,08,Non-landed Properties,NA,"7,604",200 - 210,"2,100 - 2,200",Nov 2021
N.A.,FLANDERS SQUARE,08,Non-landed Properties,NA,"2,700",90 - 100,"1,000 - 1,100",Nov 2021
N.A.,LORONG 6 GEYLANG,14,Non-landed Properties,NA,"2,000",100 - 110,"1,000 - 1,100",Nov 2021
N.A.,JOO CHIAT PLACE,15,Non-landed Properties,NA,"3,000",120 - 130,"1,300 - 1,400",Oct 2021
N.A.,BALMORAL PARK,10,Non-landed Properties,NA,"4,300",160 - 170,"1,700 - 1,800",Oct 2021
N.A.,JOO CHIAT PLACE,15,Non-landed Properties,NA,"2,800",160 - 170,"1,700 - 1,800",Nov 2021
N.A.,GUILLEMARD ROAD,14,Non-landed Properties,NA,"2,600",60 - 70,700 - 800,Nov 2021
N.A.,RACE COURSE ROAD,08,Non-landed Properties,NA,"1,700",20 - 30,200 - 300,Oct 2021
N.A.,RAMBUTAN ROAD,15,Non-landed Properties,NA,"1,900",130 - 140,"1,400 - 1,500",Nov 2021
N.A.,ZION ROAD,10,Non-landed Properties,NA,"3,200",80 - 90,"900 - 1,000",Nov 2021
N.A.,SIMS AVENUE,14,Non-landed Properties,NA,"2,150",70 - 80,800 - 900,Nov 2021
N.A.,SOUTH BUONA VISTA ROAD,05,Non-landed Properties,NA,"3,000",70 - 80,800 - 900,Nov 2021
N.A.,LORONG 27 GEYLANG,14,Non-landed Properties,NA,"3,200",100 - 110,"1,000 - 1,100",Nov 2021
N.A.,GREENLEAF WALK,10,Non-landed Properties,NA,"3,450",140 - 150,"1,500 - 1,600",Nov 2021
N.A.,JOO AVENUE,08,Non-landed Properties,NA,"1,800",80 - 90,"900 - 1,000",Nov 2021
N.A.,JALAN JURONG KECHIL,21,Non-landed Properties,NA,"2,400",180 - 190,"1,900 - 2,000",Oct 2021
N.A.,CHANGI ROAD,14,Non-landed Properties,NA,"2,100",60 - 70,700 - 800,Nov 2021
N.A.,GILSTEAD ROAD,11,Non-landed Properties,2,"1,100",90 - 100,"1,000 - 1,100",Nov 2021
N.A.,LORONG 20 GEYLANG,14,Non-landed Properties,NA,"3,400",80 - 90,"900 - 1,000",Nov 2021
N.A.,GILSTEAD ROAD,11,Non-landed Properties,2,"1,100",100 - 110,"1,000 - 1,100",Nov 2021
N.A.,BOON TECK ROAD,12,Non-landed Properties,NA,"3,500",110 - 120,"1,200 - 1,300",Nov 2021
N.A.,DRAYCOTT DRIVE,10,Non-landed Properties,2,"4,300",100 - 110,"1,100 - 1,200",Nov 2021
N.A.,ROBIN ROAD,10,Non-landed Properties,2,"4,400",150 - 160,"1,600 - 1,700",Oct 2021
N.A.,JALAN BESAR,08,Non-landed Properties,NA,"2,600",90 - 100,"1,000 - 1,100",Nov 2021
N.A.,JALAN JURONG KECHIL,21,Non-landed Properties,NA,"2,100",180 - 190,"1,900 - 2,000",Nov 2021
N.A.,PASIR PANJANG ROAD,05,Non-landed Properties,NA,"6,000",80 - 90,800 - 900,Oct 2021
N.A.,PASIR PANJANG ROAD,05,Non-landed Properties,NA,"6,000",80 - 90,800 - 900,Oct 2021
N.A.,LORONG 22 GEYLANG,14,Non-landed Properties,NA,"2,000",120 - 130,"1,300 - 1,400",Nov 2021
N.A.,LORONG 15 GEYLANG,14,Non-landed Properties,NA,"2,700",120 - 130,"1,300 - 1,400",Nov 2021
N.A.,PEGU ROAD,12,Non-landed Properties,NA,"2,000",20 - 30,200 - 300,Nov 2021
N.A.,RACE COURSE ROAD,08,Non-landed Properties,NA,"1,750",20 - 30,200 - 300,Nov 2021
N.A.,HOLLAND ROAD,10,Non-landed Properties,2,"3,000",90 - 100,"900 - 1,000",Nov 2021
N.A.,BALESTIER ROAD,12,Non-landed Properties,NA,"3,500",70 - 80,700 - 800,Oct 2021
N.A.,KIM KEAT LANE,12,Non-landed Properties,3,"2,600",110 - 120,"1,200 - 1,300",Nov 2021
N.A.,SURREY ROAD,11,Non-landed Properties,NA,"3,500",110 - 120,"1,200 - 1,300",Nov 2021
N.A.,JALAN JURONG KECHIL,21,Non-landed Properties,NA,"2,300",120 - 130,"1,300 - 1,400",Nov 2021
N.A.,GEYLANG ROAD,14,Non-landed Properties,NA,"1,500",130 - 140,"1,400 - 1,500",Nov 2021
N.A.,LORONG 15 GEYLANG,14,Non-landed Properties,NA,"2,000",100 - 110,"1,100 - 1,200",Nov 2021
N.A.,LORONG 24A GEYLANG,14,Non-landed Properties,NA,"1,700",80 - 90,800 - 900,Nov 2021
N.A.,LORONG 11 GEYLANG,14,Non-landed Properties,NA,"2,500",130 - 140,"1,400 - 1,500",Nov 2021
N.A.,LORONG BACHOK,14,Non-landed Properties,NA,"3,100",90 - 100,"1,000 - 1,100",Nov 2021
N.A.,NIVEN ROAD,09,Terrace House,NA,"1,900",130 - 140,"1,400 - 1,500",Nov 2021
N.A.,WOODGROVE AVENUE,25,Detached House,NA,"10,500",610 - 620,"6,500 - 6,600",Oct 2021
N.A.,KHEAM HOCK ROAD,11,Detached House,NA,"20,000",470 - 480,"5,000 - 5,100",Nov 2021
N.A.,CHWEE CHIAN VIEW,05,Semi-Detached House,NA,"6,500",200 - 210,"2,100 - 2,200",Nov 2021
N.A.,NASSIM ROAD,10,Detached House,NA,"32,000","1,840 - 1,850","19,800 - 19,900",Nov 2021
N.A.,CABLE ROAD,10,Detached House,NA,"35,000","1,590 - 1,600","17,100 - 17,200",Nov 2021
N.A.,GENTLE ROAD,11,Detached House,NA,"6,000",450 - 460,"4,800 - 4,900",Nov 2021
N.A.,JALAN SENANG,14,Semi-Detached House,NA,"5,300",270 - 280,"2,900 - 3,000",Nov 2021
N.A.,MOUNT ROSIE ROAD,11,Semi-Detached House,NA,"6,000",440 - 450,"4,700 - 4,800",Nov 2021
N.A.,SPRINGSIDE VIEW,26,Terrace House,NA,"4,100",150 - 160,"1,600 - 1,700",Oct 2021
N.A.,SPRINGSIDE VIEW,26,Terrace House,NA,"4,100",150 - 160,"1,600 - 1,700",Oct 2021
N.A.,ONAN ROAD,15,Terrace House,NA,"2,000",50 - 60,500 - 600,Nov 2021
N.A.,SHREWSBURY ROAD,11,Non-landed Properties,NA,"2,700",80 - 90,800 - 900,Nov 2021
N.A.,RIVER VALLEY ROAD,09,Non-landed Properties,NA,"3,300",100 - 110,"1,000 - 1,100",Nov 2021
N.A.,CHANGI ROAD,14,Non-landed Properties,NA,"2,800",100 - 110,"1,000 - 1,100",Nov 2021
N.A.,JERVOIS ROAD,10,Non-landed Properties,NA,"5,000",290 - 300,"3,100 - 3,200",Oct 2021
N.A.,LORONG 6 GEYLANG,14,Non-landed Properties,NA,"2,200",100 - 110,"1,000 - 1,100",Nov 2021
N.A.,LORONG 19 GEYLANG,14,Non-landed Properties,NA,"1,400",50 - 60,500 - 600,Nov 2021
N.A.,JERVOIS ROAD,10,Non-landed Properties,3,"5,600",110 - 120,"1,200 - 1,300",Nov 2021
N.A.,LAVENDER STREET,12,Non-landed Properties,NA,"3,000",110 - 120,"1,200 - 1,300",Nov 2021
N.A.,CHANGI ROAD,14,Non-landed Properties,NA,"2,600",120 - 130,"1,200 - 1,300",Nov 2021
N.A.,CHIAP GUAN AVENUE,19,Terrace House,NA,"4,600",190 - 200,"2,100 - 2,200",Nov 2021
NADIA MANSIONS,AH HOOD ROAD,12,Non-landed Properties,4,"4,000",210 - 220,"2,200 - 2,300",Jan 2021
NADIA MANSIONS,AH HOOD ROAD,12,Non-landed Properties,4,"4,500",210 - 220,"2,200 - 2,300",Mar 2021
NADIA MANSIONS,AH HOOD ROAD,12,Non-landed Properties,4,"4,000",210 - 220,"2,200 - 2,300",Mar 2021
NADIA MANSIONS,AH HOOD ROAD,12,Non-landed Properties,4,"4,100",210 - 220,"2,200 - 2,300",May 2021
NADIA MANSIONS,AH HOOD ROAD,12,Non-landed Properties,4,"3,900",210 - 220,"2,200 - 2,300",May 2021
NADIA MANSIONS,AH HOOD ROAD,12,Non-landed Properties,4,"3,650",210 - 220,"2,200 - 2,300",Sep 2021
NADIA MANSIONS,AH HOOD ROAD,12,Non-landed Properties,4,"3,300",210 - 220,"2,200 - 2,300",Nov 2021
NAGARATHAR BUILDING,TANK ROAD,09,Non-landed Properties,NA,"3,000",90 - 100,"900 - 1,000",Mar 2021
NAMLY COURT,BUKIT TIMAH ROAD,10,Terrace House,NA,"5,200",260 - 270,"2,800 - 2,900",Jul 2021
NANYANG PARK,JALAN LIMBOK,19,Terrace House,NA,"5,500",290 - 300,"3,100 - 3,200",Jan 2021
NANYANG PARK,JALAN LIMBOK,19,Terrace House,NA,"2,600",120 - 130,"1,300 - 1,400",Feb 2021
NANYANG PARK,JALAN LIMBOK,19,Semi-Detached House,NA,"4,400",260 - 270,"2,800 - 2,900",Apr 2021
NANYANG PARK,JALAN LIMBOK,19,Terrace House,NA,"2,600",120 - 130,"1,300 - 1,400",Apr 2021
NANYANG PARK,JALAN LIMBOK,19,Terrace House,NA,"2,800",210 - 220,"2,300 - 2,400",May 2021
NANYANG PARK,JALAN LIMBOK,19,Non-landed Properties,NA,"2,300",140 - 150,"1,500 - 1,600",May 2021
NANYANG PARK,JALAN LIMBOK,19,Non-landed Properties,NA,"2,450",140 - 150,"1,500 - 1,600",Jun 2021
NANYANG PARK,JALAN LIMBOK,19,Semi-Detached House,NA,"9,500",300 - 310,"3,200 - 3,300",Jul 2021
NANYANG PARK,JALAN LIMBOK,19,Non-landed Properties,NA,"1,600",140 - 150,"1,500 - 1,600",Jul 2021
NANYANG PARK,JALAN LIMBOK,19,Terrace House,NA,"4,000",350 - 360,"3,700 - 3,800",Sep 2021
NANYANG PARK,JALAN LIMBOK,19,Semi-Detached House,NA,"6,000",260 - 270,"2,700 - 2,800",Sep 2021
NASSIM JADE,NASSIM ROAD,10,Non-landed Properties,4,"10,000",310 - 320,"3,300 - 3,400",Jan 2021
NASSIM JADE,NASSIM ROAD,10,Non-landed Properties,3,"8,000",200 - 210,"2,100 - 2,200",Feb 2021
NASSIM JADE,NASSIM ROAD,10,Non-landed Properties,3,"8,600",320 - 330,"3,400 - 3,500",Feb 2021
NASSIM JADE,NASSIM ROAD,10,Non-landed Properties,3,"9,500",200 - 210,"2,100 - 2,200",Feb 2021
NASSIM JADE,NASSIM ROAD,10,Non-landed Properties,4,"10,500",280 - 290,"3,000 - 3,100",Mar 2021
NASSIM JADE,NASSIM ROAD,10,Non-landed Properties,3,"6,200",170 - 180,"1,800 - 1,900",Jun 2021
NASSIM JADE,NASSIM ROAD,10,Non-landed Properties,3,"7,500",180 - 190,"2,000 - 2,100",Jun 2021
NASSIM JADE,NASSIM ROAD,10,Non-landed Properties,3,"9,200",290 - 300,"3,200 - 3,300",Jul 2021
NASSIM JADE,NASSIM ROAD,10,Non-landed Properties,3,"11,500",300 - 310,"3,200 - 3,300",Jul 2021
NASSIM JADE,NASSIM ROAD,10,Non-landed Properties,3,"10,500",210 - 220,"2,300 - 2,400",Jul 2021
NASSIM JADE,NASSIM ROAD,10,Non-landed Properties,3,"8,800",200 - 210,"2,100 - 2,200",Aug 2021
NASSIM JADE,NASSIM ROAD,10,Non-landed Properties,3,"7,250",170 - 180,"1,800 - 1,900",Aug 2021
NASSIM JADE,NASSIM ROAD,10,Non-landed Properties,3,"8,000",210 - 220,"2,300 - 2,400",Sep 2021
NASSIM JADE,NASSIM ROAD,10,Non-landed Properties,3,"9,000",190 - 200,"2,000 - 2,100",Oct 2021
NASSIM LODGE,NASSIM ROAD,10,Non-landed Properties,3,"13,600",380 - 390,"4,100 - 4,200",Jan 2021
NASSIM LODGE,NASSIM ROAD,10,Non-landed Properties,3,"16,000",380 - 390,"4,100 - 4,200",Aug 2021
NASSIM MANSION,NASSIM HILL,10,Non-landed Properties,NA,"10,700",320 - 330,"3,500 - 3,600",Jan 2021
NASSIM MANSION,NASSIM HILL,10,Non-landed Properties,NA,"11,500",320 - 330,"3,500 - 3,600",Feb 2021
NASSIM MANSION,NASSIM HILL,10,Non-landed Properties,NA,"12,800",320 - 330,"3,400 - 3,500",Feb 2021
NASSIM MANSION,NASSIM HILL,10,Non-landed Properties,4,"10,000",260 - 270,"2,800 - 2,900",Feb 2021
NASSIM MANSION,NASSIM HILL,10,Non-landed Properties,NA,"10,500",320 - 330,"3,400 - 3,500",Apr 2021
NASSIM MANSION,NASSIM HILL,10,Non-landed Properties,NA,"10,000",320 - 330,"3,500 - 3,600",Apr 2021
NASSIM MANSION,NASSIM HILL,10,Non-landed Properties,NA,"11,000",310 - 320,"3,400 - 3,500",Apr 2021
NASSIM MANSION,NASSIM HILL,10,Non-landed Properties,4,"9,233",260 - 270,"2,800 - 2,900",May 2021
NASSIM MANSION,NASSIM HILL,10,Non-landed Properties,NA,"8,200",320 - 330,"3,500 - 3,600",Jun 2021
NASSIM MANSION,NASSIM HILL,10,Non-landed Properties,NA,"11,500",320 - 330,"3,500 - 3,600",Jun 2021
NASSIM MANSION,NASSIM HILL,10,Non-landed Properties,NA,"12,200",310 - 320,"3,400 - 3,500",Jun 2021
NASSIM MANSION,NASSIM HILL,10,Non-landed Properties,NA,"11,500",320 - 330,"3,400 - 3,500",Jun 2021
NASSIM MANSION,NASSIM HILL,10,Non-landed Properties,4,"19,000",660 - 670,"7,100 - 7,200",Jul 2021
NASSIM MANSION,NASSIM HILL,10,Non-landed Properties,4,"11,000",260 - 270,"2,800 - 2,900",Jul 2021
NASSIM MANSION,NASSIM HILL,10,Non-landed Properties,NA,"14,000",320 - 330,"3,500 - 3,600",Jul 2021
NASSIM MANSION,NASSIM HILL,10,Non-landed Properties,NA,"13,750",320 - 330,"3,400 - 3,500",Aug 2021
NASSIM MANSION,NASSIM HILL,10,Non-landed Properties,4,"17,200",540 - 550,"5,800 - 5,900",Aug 2021
NASSIM MANSION,NASSIM HILL,10,Non-landed Properties,NA,"12,000",320 - 330,"3,400 - 3,500",Sep 2021
NASSIM MANSION,NASSIM HILL,10,Non-landed Properties,NA,"11,800",320 - 330,"3,500 - 3,600",Sep 2021
NASSIM MANSION,NASSIM HILL,10,Non-landed Properties,NA,"8,200",320 - 330,"3,500 - 3,600",Sep 2021
NASSIM MANSION,NASSIM HILL,10,Non-landed Properties,4,"10,500",260 - 270,"2,800 - 2,900",Oct 2021
NASSIM MANSION,NASSIM HILL,10,Non-landed Properties,4,"10,300",260 - 270,"2,800 - 2,900",Oct 2021
NASSIM MANSION,NASSIM HILL,10,Non-landed Properties,4,"9,800",260 - 270,"2,800 - 2,900",Oct 2021
NASSIM MANSION,NASSIM HILL,10,Non-landed Properties,4,"10,000",260 - 270,"2,800 - 2,900",Oct 2021
NASSIM MANSION,NASSIM HILL,10,Non-landed Properties,NA,"11,200",320 - 330,"3,500 - 3,600",Oct 2021
NASSIM MANSION,NASSIM HILL,10,Non-landed Properties,NA,"14,000",320 - 330,"3,400 - 3,500",Nov 2021
NASSIM PARK RESIDENCES,NASSIM ROAD,10,Non-landed Properties,4,"19,000",420 - 430,"4,500 - 4,600",Jan 2021
NASSIM PARK RESIDENCES,NASSIM ROAD,10,Non-landed Properties,5,"40,000",750 - 760,"8,000 - 8,100",Jan 2021
NASSIM PARK RESIDENCES,NASSIM ROAD,10,Non-landed Properties,4,"16,000",320 - 330,"3,400 - 3,500",Feb 2021
NASSIM PARK RESIDENCES,NASSIM ROAD,10,Non-landed Properties,4,"16,667",320 - 330,"3,400 - 3,500",Jan 2021
NASSIM PARK RESIDENCES,NASSIM ROAD,10,Non-landed Properties,4,"22,100",290 - 300,"3,200 - 3,300",Feb 2021
NASSIM PARK RESIDENCES,NASSIM ROAD,10,Non-landed Properties,4,"20,000",480 - 490,"5,100 - 5,200",Mar 2021
NASSIM PARK RESIDENCES,NASSIM ROAD,10,Non-landed Properties,4,"20,000",420 - 430,"4,500 - 4,600",Mar 2021
NASSIM PARK RESIDENCES,NASSIM ROAD,10,Non-landed Properties,4,"22,000",320 - 330,"3,500 - 3,600",Mar 2021
NASSIM PARK RESIDENCES,NASSIM ROAD,10,Non-landed Properties,4,"19,000",290 - 300,"3,100 - 3,200",Mar 2021
NASSIM PARK RESIDENCES,NASSIM ROAD,10,Non-landed Properties,4,"20,000",420 - 430,"4,500 - 4,600",Mar 2021
NASSIM PARK RESIDENCES,NASSIM ROAD,10,Non-landed Properties,4,"17,200",320 - 330,"3,400 - 3,500",May 2021
NASSIM PARK RESIDENCES,NASSIM ROAD,10,Non-landed Properties,4,"23,000",390 - 400,"4,200 - 4,300",May 2021
NASSIM PARK RESIDENCES,NASSIM ROAD,10,Non-landed Properties,4,"25,000",320 - 330,"3,400 - 3,500",Jun 2021
NASSIM PARK RESIDENCES,NASSIM ROAD,10,Non-landed Properties,4,"18,000",320 - 330,"3,400 - 3,500",Jul 2021
NASSIM PARK RESIDENCES,NASSIM ROAD,10,Non-landed Properties,4,"21,500",480 - 490,"5,100 - 5,200",Jul 2021
NASSIM PARK RESIDENCES,NASSIM ROAD,10,Non-landed Properties,4,"27,000",590 - 600,"6,300 - 6,400",Jul 2021
NASSIM PARK RESIDENCES,NASSIM ROAD,10,Non-landed Properties,4,"26,500",630 - 640,"6,800 - 6,900",Aug 2021
NASSIM PARK RESIDENCES,NASSIM ROAD,10,Non-landed Properties,4,"19,000",290 - 300,"3,100 - 3,200",Aug 2021
NASSIM PARK RESIDENCES,NASSIM ROAD,10,Non-landed Properties,4,"21,000",320 - 330,"3,400 - 3,500",Aug 2021
NASSIM PARK RESIDENCES,NASSIM ROAD,10,Non-landed Properties,4,"20,300",320 - 330,"3,400 - 3,500",Aug 2021
NASSIM PARK RESIDENCES,NASSIM ROAD,10,Non-landed Properties,4,"21,000",420 - 430,"4,500 - 4,600",Sep 2021
NASSIM PARK RESIDENCES,NASSIM ROAD,10,Non-landed Properties,4,"28,000",480 - 490,"5,100 - 5,200",Sep 2021
NASSIM PARK RESIDENCES,NASSIM ROAD,10,Non-landed Properties,4,"23,000",320 - 330,"3,400 - 3,500",Oct 2021
NASSIM PARK RESIDENCES,NASSIM ROAD,10,Non-landed Properties,4,"21,000",320 - 330,"3,400 - 3,500",Nov 2021
NASSIM PARK RESIDENCES,NASSIM ROAD,10,Non-landed Properties,4,"18,200",320 - 330,"3,400 - 3,500",Nov 2021
NASSIM PARK RESIDENCES,NASSIM ROAD,10,Non-landed Properties,4,"41,000",630 - 640,"6,800 - 6,900",Nov 2021
NASSIM PARK RESIDENCES,NASSIM ROAD,10,Non-landed Properties,4,"18,500",290 - 300,"3,100 - 3,200",Nov 2021
NASSIM REGENCY,NASSIM ROAD,10,Non-landed Properties,3,"8,797",180 - 190,"2,000 - 2,100",Jan 2021
NASSIM REGENCY,NASSIM ROAD,10,Non-landed Properties,3,"8,984",180 - 190,"2,000 - 2,100",Jan 2021
NASSIM REGENCY,NASSIM ROAD,10,Non-landed Properties,3,"8,610",180 - 190,"2,000 - 2,100",Feb 2021
NASSIM REGENCY,NASSIM ROAD,10,Non-landed Properties,3,"9,358",180 - 190,"2,000 - 2,100",Apr 2021
NASSIM REGENCY,NASSIM ROAD,10,Non-landed Properties,3,"9,264",190 - 200,"2,000 - 2,100",Jun 2021
NASSIM REGENCY,NASSIM ROAD,10,Non-landed Properties,3,"9,264",190 - 200,"2,000 - 2,100",Jun 2021
NASSIM REGENCY,NASSIM ROAD,10,Non-landed Properties,3,"9,264",180 - 190,"2,000 - 2,100",Jul 2021
NASSIM REGENCY,NASSIM ROAD,10,Non-landed Properties,3,"9,638",190 - 200,"2,000 - 2,100",Jul 2021
NASSIM REGENCY,NASSIM ROAD,10,Non-landed Properties,3,"8,610",190 - 200,"2,000 - 2,100",Jul 2021
NASSIM REGENCY,NASSIM ROAD,10,Non-landed Properties,3,"8,891",180 - 190,"2,000 - 2,100",Jul 2021
NASSIM REGENCY,NASSIM ROAD,10,Non-landed Properties,3,"9,768",200 - 210,"2,200 - 2,300",Jul 2021
NASSIM REGENCY,NASSIM ROAD,10,Non-landed Properties,3,"9,732",180 - 190,"2,000 - 2,100",Jul 2021
NASSIM REGENCY,NASSIM ROAD,10,Non-landed Properties,3,"9,358",180 - 190,"2,000 - 2,100",Jul 2021
NASSIM REGENCY,NASSIM ROAD,10,Non-landed Properties,3,"9,171",180 - 190,"2,000 - 2,100",Aug 2021
NASSIM REGENCY,NASSIM ROAD,10,Non-landed Properties,3,"9,732",180 - 190,"2,000 - 2,100",Aug 2021
NASSIM REGENCY,NASSIM ROAD,10,Non-landed Properties,3,"8,797",180 - 190,"2,000 - 2,100",Aug 2021
NASSIM REGENCY,NASSIM ROAD,10,Non-landed Properties,3,"9,171",190 - 200,"2,000 - 2,100",Aug 2021
NASSIM REGENCY,NASSIM ROAD,10,Non-landed Properties,3,"9,264",180 - 190,"2,000 - 2,100",Sep 2021
NASSIM REGENCY,NASSIM ROAD,10,Non-landed Properties,3,"9,581",200 - 210,"2,200 - 2,300",Sep 2021
NASSIM REGENCY,NASSIM ROAD,10,Non-landed Properties,3,"9,800",190 - 200,"2,000 - 2,100",Sep 2021
NASSIM REGENCY,NASSIM ROAD,10,Non-landed Properties,3,"8,797",190 - 200,"2,000 - 2,100",Sep 2021
NASSIM REGENCY,NASSIM ROAD,10,Non-landed Properties,3,"9,264",180 - 190,"2,000 - 2,100",Oct 2021
NASSIM REGENCY,NASSIM ROAD,10,Non-landed Properties,3,"9,732",180 - 190,"2,000 - 2,100",Oct 2021
NASSIM REGENCY,NASSIM ROAD,10,Non-landed Properties,3,"9,358",190 - 200,"2,000 - 2,100",Nov 2021
NASSIM REGENCY,NASSIM ROAD,10,Non-landed Properties,3,"9,358",180 - 190,"2,000 - 2,100",Nov 2021
NASSIMVILLE,NASSIM ROAD,10,Non-landed Properties,NA,"7,000",140 - 150,"1,500 - 1,600",Jan 2021
NASSIMVILLE,NASSIM ROAD,10,Non-landed Properties,2,"5,600",100 - 110,"1,100 - 1,200",Jan 2021
NASSIMVILLE,NASSIM ROAD,10,Non-landed Properties,2,"5,700",100 - 110,"1,100 - 1,200",Feb 2021
NASSIMVILLE,NASSIM ROAD,10,Non-landed Properties,NA,"7,400",130 - 140,"1,400 - 1,500",Feb 2021
NASSIMVILLE,NASSIM ROAD,10,Non-landed Properties,NA,"7,300",130 - 140,"1,400 - 1,500",Mar 2021
NASSIMVILLE,NASSIM ROAD,10,Non-landed Properties,NA,"8,600",140 - 150,"1,500 - 1,600",Mar 2021
NASSIMVILLE,NASSIM ROAD,10,Non-landed Properties,NA,"7,500",130 - 140,"1,400 - 1,500",Apr 2021
NASSIMVILLE,NASSIM ROAD,10,Non-landed Properties,NA,"13,000",280 - 290,"3,000 - 3,100",Jun 2021
NASSIMVILLE,NASSIM ROAD,10,Non-landed Properties,NA,"8,000",160 - 170,"1,700 - 1,800",Apr 2021
NASSIMVILLE,NASSIM ROAD,10,Non-landed Properties,3,"10,000",190 - 200,"2,100 - 2,200",Jul 2021
NASSIMVILLE,NASSIM ROAD,10,Non-landed Properties,2,"5,700",100 - 110,"1,100 - 1,200",Aug 2021
NASSIMVILLE,NASSIM ROAD,10,Non-landed Properties,NA,"8,000",130 - 140,"1,400 - 1,500",Aug 2021
NASSIMVILLE,NASSIM ROAD,10,Non-landed Properties,2,"5,800",100 - 110,"1,100 - 1,200",Oct 2021
NATHAN PLACE,NATHAN ROAD,10,Non-landed Properties,2,"4,500",100 - 110,"1,100 - 1,200",Jan 2021
NATHAN PLACE,NATHAN ROAD,10,Non-landed Properties,2,"4,100",100 - 110,"1,100 - 1,200",Jan 2021
NATHAN PLACE,NATHAN ROAD,10,Non-landed Properties,3,"6,000",180 - 190,"2,000 - 2,100",May 2021
NATHAN PLACE,NATHAN ROAD,10,Non-landed Properties,2,"4,500",100 - 110,"1,100 - 1,200",May 2021
NATHAN PLACE,NATHAN ROAD,10,Non-landed Properties,2,"4,400",100 - 110,"1,100 - 1,200",Jun 2021
NATHAN PLACE,NATHAN ROAD,10,Non-landed Properties,3,"6,600",170 - 180,"1,800 - 1,900",Aug 2021
NATHAN PLACE,NATHAN ROAD,10,Non-landed Properties,3,"5,000",130 - 140,"1,400 - 1,500",Sep 2021
NATHAN PLACE,NATHAN ROAD,10,Non-landed Properties,2,"4,700",100 - 110,"1,100 - 1,200",Sep 2021
NATHAN PLACE,NATHAN ROAD,10,Non-landed Properties,3,"6,000",130 - 140,"1,400 - 1,500",Sep 2021
NATHAN PLACE,NATHAN ROAD,10,Non-landed Properties,2,"3,480",100 - 110,"1,100 - 1,200",Oct 2021
NATHAN PLACE,NATHAN ROAD,10,Non-landed Properties,3,"6,000",130 - 140,"1,400 - 1,500",Nov 2021
NATHAN RESIDENCES,NATHAN ROAD,10,Non-landed Properties,1,"2,800",90 - 100,"1,000 - 1,100",Jan 2021
NATHAN RESIDENCES,NATHAN ROAD,10,Non-landed Properties,1,"2,450",50 - 60,500 - 600,Feb 2021
NATHAN RESIDENCES,NATHAN ROAD,10,Non-landed Properties,2,"3,000",70 - 80,700 - 800,Feb 2021
NATHAN RESIDENCES,NATHAN ROAD,10,Non-landed Properties,2,"3,400",80 - 90,800 - 900,Feb 2021
NATHAN RESIDENCES,NATHAN ROAD,10,Non-landed Properties,1,"3,000",80 - 90,800 - 900,Feb 2021
NATHAN RESIDENCES,NATHAN ROAD,10,Non-landed Properties,1,"2,500",50 - 60,500 - 600,Mar 2021
NATHAN RESIDENCES,NATHAN ROAD,10,Non-landed Properties,1,"2,600",50 - 60,500 - 600,Mar 2021
NATHAN RESIDENCES,NATHAN ROAD,10,Non-landed Properties,1,"2,600",50 - 60,500 - 600,Feb 2021
NATHAN RESIDENCES,NATHAN ROAD,10,Non-landed Properties,2,"3,500",70 - 80,700 - 800,Apr 2021
NATHAN RESIDENCES,NATHAN ROAD,10,Non-landed Properties,1,"2,500",50 - 60,500 - 600,Apr 2021
NATHAN RESIDENCES,NATHAN ROAD,10,Non-landed Properties,2,"3,400",70 - 80,700 - 800,Mar 2021
NATHAN RESIDENCES,NATHAN ROAD,10,Non-landed Properties,2,"3,150",110 - 120,"1,200 - 1,300",Apr 2021
NATHAN RESIDENCES,NATHAN ROAD,10,Non-landed Properties,1,"2,500",50 - 60,500 - 600,May 2021
NATHAN RESIDENCES,NATHAN ROAD,10,Non-landed Properties,1,"2,500",50 - 60,500 - 600,May 2021
NATHAN RESIDENCES,NATHAN ROAD,10,Non-landed Properties,2,"3,200",70 - 80,700 - 800,May 2021
NATHAN RESIDENCES,NATHAN ROAD,10,Non-landed Properties,1,"3,200",50 - 60,500 - 600,May 2021
NATHAN RESIDENCES,NATHAN ROAD,10,Non-landed Properties,2,"3,300",70 - 80,700 - 800,May 2021
NATHAN RESIDENCES,NATHAN ROAD,10,Non-landed Properties,2,"3,300",70 - 80,700 - 800,May 2021
NATHAN RESIDENCES,NATHAN ROAD,10,Non-landed Properties,1,"2,500",50 - 60,500 - 600,Jun 2021
NATHAN RESIDENCES,NATHAN ROAD,10,Non-landed Properties,1,"2,600",50 - 60,500 - 600,Jun 2021
NATHAN RESIDENCES,NATHAN ROAD,10,Non-landed Properties,1,"2,500",50 - 60,500 - 600,Jun 2021
NATHAN RESIDENCES,NATHAN ROAD,10,Non-landed Properties,1,"3,000",50 - 60,500 - 600,Jun 2021
NATHAN RESIDENCES,NATHAN ROAD,10,Non-landed Properties,1,"2,700",50 - 60,500 - 600,Jul 2021
NATHAN RESIDENCES,NATHAN ROAD,10,Non-landed Properties,1,"2,550",50 - 60,500 - 600,Jul 2021
NATHAN RESIDENCES,NATHAN ROAD,10,Non-landed Properties,1,"2,800",50 - 60,500 - 600,Jul 2021
NATHAN RESIDENCES,NATHAN ROAD,10,Non-landed Properties,2,"3,600",70 - 80,700 - 800,Jul 2021
NATHAN RESIDENCES,NATHAN ROAD,10,Non-landed Properties,2,"3,300",70 - 80,700 - 800,Jul 2021
NATHAN RESIDENCES,NATHAN ROAD,10,Non-landed Properties,1,"2,500",50 - 60,500 - 600,Jul 2021
NATHAN RESIDENCES,NATHAN ROAD,10,Non-landed Properties,2,"2,900",70 - 80,700 - 800,Aug 2021
NATHAN RESIDENCES,NATHAN ROAD,10,Non-landed Properties,2,"3,300",70 - 80,700 - 800,Aug 2021
NATHAN RESIDENCES,NATHAN ROAD,10,Non-landed Properties,1,"2,450",50 - 60,500 - 600,Aug 2021
NATHAN RESIDENCES,NATHAN ROAD,10,Non-landed Properties,1,"3,000",90 - 100,"1,000 - 1,100",Sep 2021
NATHAN RESIDENCES,NATHAN ROAD,10,Non-landed Properties,2,"3,500",70 - 80,700 - 800,Sep 2021
NATHAN RESIDENCES,NATHAN ROAD,10,Non-landed Properties,1,"2,700",50 - 60,500 - 600,Sep 2021
NATHAN RESIDENCES,NATHAN ROAD,10,Non-landed Properties,1,"2,800",50 - 60,500 - 600,Sep 2021
NATHAN RESIDENCES,NATHAN ROAD,10,Non-landed Properties,1,"3,000",90 - 100,"1,000 - 1,100",Oct 2021
NATHAN RESIDENCES,NATHAN ROAD,10,Non-landed Properties,2,"3,550",80 - 90,"900 - 1,000",Oct 2021
NATHAN RESIDENCES,NATHAN ROAD,10,Non-landed Properties,2,"3,550",70 - 80,700 - 800,Oct 2021
NATHAN RESIDENCES,NATHAN ROAD,10,Non-landed Properties,1,"3,000",90 - 100,"1,000 - 1,100",Oct 2021
NATHAN RESIDENCES,NATHAN ROAD,10,Non-landed Properties,2,"3,600",70 - 80,700 - 800,Oct 2021
NATHAN RESIDENCES,NATHAN ROAD,10,Non-landed Properties,1,"2,750",50 - 60,500 - 600,Oct 2021
NATHAN RESIDENCES,NATHAN ROAD,10,Non-landed Properties,1,"2,800",90 - 100,"1,000 - 1,100",Nov 2021
NATHAN RESIDENCES,NATHAN ROAD,10,Non-landed Properties,2,"3,200",70 - 80,700 - 800,Nov 2021
NATHAN RESIDENCES,NATHAN ROAD,10,Non-landed Properties,1,"2,800",50 - 60,500 - 600,Nov 2021
NATHAN RESIDENCES,NATHAN ROAD,10,Non-landed Properties,2,"3,800",110 - 120,"1,200 - 1,300",Nov 2021
NATHAN RESIDENCES,NATHAN ROAD,10,Non-landed Properties,1,"2,800",50 - 60,500 - 600,Nov 2021
NATHAN SUITES,NATHAN ROAD,10,Non-landed Properties,4,"7,600",180 - 190,"2,000 - 2,100",Jan 2021
NATHAN SUITES,NATHAN ROAD,10,Non-landed Properties,4,"8,000",180 - 190,"2,000 - 2,100",Jan 2021
NATHAN SUITES,NATHAN ROAD,10,Non-landed Properties,2,"4,900",80 - 90,"900 - 1,000",Jan 2021
NATHAN SUITES,NATHAN ROAD,10,Non-landed Properties,4,"7,700",180 - 190,"2,000 - 2,100",Feb 2021
NATHAN SUITES,NATHAN ROAD,10,Non-landed Properties,4,"7,500",190 - 200,"2,000 - 2,100",Mar 2021
NATHAN SUITES,NATHAN ROAD,10,Non-landed Properties,3,"7,500",160 - 170,"1,700 - 1,800",Mar 2021
NATHAN SUITES,NATHAN ROAD,10,Non-landed Properties,2,"4,600",80 - 90,"900 - 1,000",Apr 2021
NATHAN SUITES,NATHAN ROAD,10,Non-landed Properties,3,"7,000",160 - 170,"1,700 - 1,800",Apr 2021
NATHAN SUITES,NATHAN ROAD,10,Non-landed Properties,2,"4,500",80 - 90,"900 - 1,000",May 2021
NATHAN SUITES,NATHAN ROAD,10,Non-landed Properties,2,"4,500",80 - 90,"900 - 1,000",May 2021
NATHAN SUITES,NATHAN ROAD,10,Non-landed Properties,3,"6,800",130 - 140,"1,400 - 1,500",Jun 2021
NATHAN SUITES,NATHAN ROAD,10,Non-landed Properties,3,"6,800",160 - 170,"1,700 - 1,800",Jun 2021
NATHAN SUITES,NATHAN ROAD,10,Non-landed Properties,4,"8,800",190 - 200,"2,000 - 2,100",Jun 2021
NATHAN SUITES,NATHAN ROAD,10,Non-landed Properties,2,"4,500",80 - 90,"900 - 1,000",Jul 2021
NATHAN SUITES,NATHAN ROAD,10,Non-landed Properties,3,"6,800",160 - 170,"1,700 - 1,800",Jul 2021
NATHAN SUITES,NATHAN ROAD,10,Non-landed Properties,3,"7,200",160 - 170,"1,700 - 1,800",Jul 2021
NATHAN SUITES,NATHAN ROAD,10,Non-landed Properties,2,"4,500",80 - 90,"900 - 1,000",Jul 2021
NATHAN SUITES,NATHAN ROAD,10,Non-landed Properties,4,"8,300",190 - 200,"2,000 - 2,100",Jul 2021
NATHAN SUITES,NATHAN ROAD,10,Non-landed Properties,4,"8,000",190 - 200,"2,000 - 2,100",Sep 2021
NATHAN SUITES,NATHAN ROAD,10,Non-landed Properties,3,"7,100",130 - 140,"1,400 - 1,500",Oct 2021
NATHAN SUITES,NATHAN ROAD,10,Non-landed Properties,3,"9,000",160 - 170,"1,700 - 1,800",Oct 2021
NATHAN SUITES,NATHAN ROAD,10,Non-landed Properties,4,"7,800",190 - 200,"2,000 - 2,100",Oct 2021
NATHAN SUITES,NATHAN ROAD,10,Non-landed Properties,2,"4,300",80 - 90,"900 - 1,000",Oct 2021
NATHAN SUITES,NATHAN ROAD,10,Non-landed Properties,4,"8,000",190 - 200,"2,000 - 2,100",Nov 2021
NATHAN SUITES,NATHAN ROAD,10,Non-landed Properties,3,"7,200",160 - 170,"1,700 - 1,800",Nov 2021
NATHAN SUITES,NATHAN ROAD,10,Non-landed Properties,2,"5,600",80 - 90,"900 - 1,000",Nov 2021
NATHAN SUITES,NATHAN ROAD,10,Non-landed Properties,2,"3,900",80 - 90,"900 - 1,000",Nov 2021
NATHAN SUITES,NATHAN ROAD,10,Non-landed Properties,3,"6,800",160 - 170,"1,700 - 1,800",Nov 2021
NATURA@HILLVIEW,HILLVIEW TERRACE,23,Non-landed Properties,2,"1,600",40 - 50,500 - 600,Jan 2021
NATURA@HILLVIEW,HILLVIEW TERRACE,23,Non-landed Properties,3,"1,800",60 - 70,600 - 700,Jan 2021
NATURA@HILLVIEW,HILLVIEW TERRACE,23,Non-landed Properties,3,"2,000",50 - 60,600 - 700,Jan 2021
NATURA@HILLVIEW,HILLVIEW TERRACE,23,Non-landed Properties,1,"1,750",40 - 50,400 - 500,Jan 2021
NATURA@HILLVIEW,HILLVIEW TERRACE,23,Non-landed Properties,1,"1,750",40 - 50,400 - 500,Jan 2021
NATURA@HILLVIEW,HILLVIEW TERRACE,23,Non-landed Properties,1,"1,900",40 - 50,400 - 500,Jan 2021
NATURA@HILLVIEW,HILLVIEW TERRACE,23,Non-landed Properties,2,"2,000",50 - 60,500 - 600,Jan 2021
NATURA@HILLVIEW,HILLVIEW TERRACE,23,Non-landed Properties,1,"1,800",40 - 50,400 - 500,Feb 2021
NATURA@HILLVIEW,HILLVIEW TERRACE,23,Non-landed Properties,2,"1,850",50 - 60,500 - 600,Feb 2021
NATURA@HILLVIEW,HILLVIEW TERRACE,23,Non-landed Properties,2,"1,800",40 - 50,500 - 600,Feb 2021
NATURA@HILLVIEW,HILLVIEW TERRACE,23,Non-landed Properties,1,"1,700",40 - 50,400 - 500,Feb 2021
NATURA@HILLVIEW,HILLVIEW TERRACE,23,Non-landed Properties,2,"1,650",40 - 50,500 - 600,Feb 2021
NATURA@HILLVIEW,HILLVIEW TERRACE,23,Non-landed Properties,2,"2,200",90 - 100,"900 - 1,000",Feb 2021
NATURA@HILLVIEW,HILLVIEW TERRACE,23,Non-landed Properties,3,"2,100",50 - 60,600 - 700,Feb 2021
NATURA@HILLVIEW,HILLVIEW TERRACE,23,Non-landed Properties,1,"1,800",40 - 50,400 - 500,Feb 2021
NATURA@HILLVIEW,HILLVIEW TERRACE,23,Non-landed Properties,3,"2,000",50 - 60,600 - 700,Jan 2021
NATURA@HILLVIEW,HILLVIEW TERRACE,23,Non-landed Properties,2,"1,900",40 - 50,500 - 600,Feb 2021
NATURA@HILLVIEW,HILLVIEW TERRACE,23,Non-landed Properties,1,"1,550",40 - 50,400 - 500,Mar 2021
NATURA@HILLVIEW,HILLVIEW TERRACE,23,Non-landed Properties,2,"1,800",50 - 60,500 - 600,Mar 2021
NATURA@HILLVIEW,HILLVIEW TERRACE,23,Non-landed Properties,1,"1,750",40 - 50,400 - 500,Mar 2021
NATURA@HILLVIEW,HILLVIEW TERRACE,23,Non-landed Properties,1,"1,700",40 - 50,400 - 500,Mar 2021
NATURA@HILLVIEW,HILLVIEW TERRACE,23,Non-landed Properties,2,"2,000",40 - 50,500 - 600,Mar 2021
NATURA@HILLVIEW,HILLVIEW TERRACE,23,Non-landed Properties,1,"2,000",40 - 50,400 - 500,Mar 2021
NATURA@HILLVIEW,HILLVIEW TERRACE,23,Non-landed Properties,3,"1,900",50 - 60,600 - 700,Mar 2021
NATURA@HILLVIEW,HILLVIEW TERRACE,23,Non-landed Properties,2,"2,000",50 - 60,500 - 600,Mar 2021
NATURA@HILLVIEW,HILLVIEW TERRACE,23,Non-landed Properties,1,"2,300",80 - 90,"900 - 1,000",Feb 2021
NATURA@HILLVIEW,HILLVIEW TERRACE,23,Non-landed Properties,1,"1,500",40 - 50,400 - 500,Mar 2021
NATURA@HILLVIEW,HILLVIEW TERRACE,23,Non-landed Properties,3,"2,000",50 - 60,600 - 700,Feb 2021
NATURA@HILLVIEW,HILLVIEW TERRACE,23,Non-landed Properties,2,"1,900",40 - 50,500 - 600,Mar 2021
NATURA@HILLVIEW,HILLVIEW TERRACE,23,Non-landed Properties,2,"1,800",50 - 60,500 - 600,Mar 2021
NATURA@HILLVIEW,HILLVIEW TERRACE,23,Non-landed Properties,3,"1,850",50 - 60,600 - 700,Mar 2021
NATURA@HILLVIEW,HILLVIEW TERRACE,23,Non-landed Properties,2,"1,750",40 - 50,500 - 600,Apr 2021
NATURA@HILLVIEW,HILLVIEW TERRACE,23,Non-landed Properties,2,"1,800",40 - 50,500 - 600,Apr 2021
NATURA@HILLVIEW,HILLVIEW TERRACE,23,Non-landed Properties,2,"2,100",40 - 50,500 - 600,Apr 2021
NATURA@HILLVIEW,HILLVIEW TERRACE,23,Non-landed Properties,2,"1,800",40 - 50,500 - 600,Apr 2021
NATURA@HILLVIEW,HILLVIEW TERRACE,23,Non-landed Properties,1,"1,750",40 - 50,400 - 500,Apr 2021
NATURA@HILLVIEW,HILLVIEW TERRACE,23,Non-landed Properties,2,"2,000",50 - 60,500 - 600,Apr 2021
NATURA@HILLVIEW,HILLVIEW TERRACE,23,Non-landed Properties,3,"2,200",50 - 60,600 - 700,Apr 2021
NATURA@HILLVIEW,HILLVIEW TERRACE,23,Non-landed Properties,2,"1,900",50 - 60,500 - 600,Apr 2021
NATURA@HILLVIEW,HILLVIEW TERRACE,23,Non-landed Properties,2,"2,100",40 - 50,500 - 600,Apr 2021
NATURA@HILLVIEW,HILLVIEW TERRACE,23,Non-landed Properties,3,"1,850",50 - 60,600 - 700,Apr 2021
NATURA@HILLVIEW,HILLVIEW TERRACE,23,Non-landed Properties,2,"2,100",50 - 60,500 - 600,Apr 2021
NATURA@HILLVIEW,HILLVIEW TERRACE,23,Non-landed Properties,3,"2,400",60 - 70,600 - 700,Apr 2021
NATURA@HILLVIEW,HILLVIEW TERRACE,23,Non-landed Properties,2,"1,750",40 - 50,500 - 600,May 2021
NATURA@HILLVIEW,HILLVIEW TERRACE,23,Non-landed Properties,1,"1,600",40 - 50,400 - 500,May 2021
NATURA@HILLVIEW,HILLVIEW TERRACE,23,Non-landed Properties,1,"1,900",40 - 50,400 - 500,May 2021
NATURA@HILLVIEW,HILLVIEW TERRACE,23,Non-landed Properties,2,"1,850",40 - 50,500 - 600,May 2021
NATURA@HILLVIEW,HILLVIEW TERRACE,23,Non-landed Properties,1,"1,800",40 - 50,400 - 500,May 2021
NATURA@HILLVIEW,HILLVIEW TERRACE,23,Non-landed Properties,2,"1,900",40 - 50,500 - 600,Apr 2021
NATURA@HILLVIEW,HILLVIEW TERRACE,23,Non-landed Properties,1,"1,900",40 - 50,400 - 500,May 2021
NATURA@HILLVIEW,HILLVIEW TERRACE,23,Non-landed Properties,1,"1,600",40 - 50,400 - 500,Jun 2021
NATURA@HILLVIEW,HILLVIEW TERRACE,23,Non-landed Properties,1,"1,700",40 - 50,400 - 500,Jun 2021
NATURA@HILLVIEW,HILLVIEW TERRACE,23,Non-landed Properties,3,"2,250",60 - 70,700 - 800,Jun 2021
NATURA@HILLVIEW,HILLVIEW TERRACE,23,Non-landed Properties,2,"1,900",50 - 60,500 - 600,Jun 2021
NATURA@HILLVIEW,HILLVIEW TERRACE,23,Non-landed Properties,1,"1,600",40 - 50,400 - 500,Jun 2021
NATURA@HILLVIEW,HILLVIEW TERRACE,23,Non-landed Properties,3,"2,000",50 - 60,600 - 700,Jun 2021
NATURA@HILLVIEW,HILLVIEW TERRACE,23,Non-landed Properties,3,"2,100",50 - 60,600 - 700,Jun 2021
NATURA@HILLVIEW,HILLVIEW TERRACE,23,Non-landed Properties,3,"2,700",50 - 60,600 - 700,Jun 2021
NATURA@HILLVIEW,HILLVIEW TERRACE,23,Non-landed Properties,3,"2,000",50 - 60,600 - 700,Jun 2021
NATURA@HILLVIEW,HILLVIEW TERRACE,23,Non-landed Properties,2,"2,350",50 - 60,500 - 600,Jun 2021
NATURA@HILLVIEW,HILLVIEW TERRACE,23,Non-landed Properties,3,"2,000",50 - 60,600 - 700,May 2021
NATURA@HILLVIEW,HILLVIEW TERRACE,23,Non-landed Properties,2,"1,900",50 - 60,500 - 600,Jun 2021
NATURA@HILLVIEW,HILLVIEW TERRACE,23,Non-landed Properties,2,"1,850",40 - 50,500 - 600,Jun 2021
NATURA@HILLVIEW,HILLVIEW TERRACE,23,Non-landed Properties,2,"1,850",40 - 50,500 - 600,Jul 2021
NATURA@HILLVIEW,HILLVIEW TERRACE,23,Non-landed Properties,3,"2,200",50 - 60,600 - 700,Jul 2021
NATURA@HILLVIEW,HILLVIEW TERRACE,23,Non-landed Properties,1,"2,000",40 - 50,400 - 500,Jul 2021
NATURA@HILLVIEW,HILLVIEW TERRACE,23,Non-landed Properties,2,"1,900",40 - 50,500 - 600,Aug 2021
NATURA@HILLVIEW,HILLVIEW TERRACE,23,Non-landed Properties,1,"1,900",40 - 50,400 - 500,Aug 2021
NATURA@HILLVIEW,HILLVIEW TERRACE,23,Non-landed Properties,2,"1,800",40 - 50,500 - 600,Aug 2021
NATURA@HILLVIEW,HILLVIEW TERRACE,23,Non-landed Properties,3,"2,700",110 - 120,"1,200 - 1,300",Aug 2021
NATURA@HILLVIEW,HILLVIEW TERRACE,23,Non-landed Properties,1,"1,800",40 - 50,400 - 500,Aug 2021
NATURA@HILLVIEW,HILLVIEW TERRACE,23,Non-landed Properties,3,"2,100",50 - 60,600 - 700,Aug 2021
NATURA@HILLVIEW,HILLVIEW TERRACE,23,Non-landed Properties,3,"2,300",60 - 70,700 - 800,Aug 2021
NATURA@HILLVIEW,HILLVIEW TERRACE,23,Non-landed Properties,2,"1,900",40 - 50,500 - 600,Aug 2021
NATURA@HILLVIEW,HILLVIEW TERRACE,23,Non-landed Properties,1,"2,200",40 - 50,400 - 500,Aug 2021
NATURA@HILLVIEW,HILLVIEW TERRACE,23,Non-landed Properties,3,"1,800",50 - 60,600 - 700,Sep 2021
NATURA@HILLVIEW,HILLVIEW TERRACE,23,Non-landed Properties,3,"2,300",50 - 60,600 - 700,Sep 2021
NATURA@HILLVIEW,HILLVIEW TERRACE,23,Non-landed Properties,2,"2,000",40 - 50,500 - 600,Sep 2021
NATURA@HILLVIEW,HILLVIEW TERRACE,23,Non-landed Properties,3,"2,500",50 - 60,600 - 700,Sep 2021
NATURA@HILLVIEW,HILLVIEW TERRACE,23,Non-landed Properties,2,"1,900",40 - 50,500 - 600,Sep 2021
NATURA@HILLVIEW,HILLVIEW TERRACE,23,Non-landed Properties,1,"1,700",40 - 50,400 - 500,Sep 2021
NATURA@HILLVIEW,HILLVIEW TERRACE,23,Non-landed Properties,2,"1,900",40 - 50,500 - 600,Sep 2021
NATURA@HILLVIEW,HILLVIEW TERRACE,23,Non-landed Properties,1,"1,800",40 - 50,400 - 500,Sep 2021
NATURA@HILLVIEW,HILLVIEW TERRACE,23,Non-landed Properties,2,"2,300",40 - 50,500 - 600,Sep 2021
NATURA@HILLVIEW,HILLVIEW TERRACE,23,Non-landed Properties,1,"2,000",40 - 50,400 - 500,Sep 2021
NATURA@HILLVIEW,HILLVIEW TERRACE,23,Non-landed Properties,2,"2,100",40 - 50,500 - 600,Sep 2021
NATURA@HILLVIEW,HILLVIEW TERRACE,23,Non-landed Properties,1,"2,100",40 - 50,400 - 500,Sep 2021
NATURA@HILLVIEW,HILLVIEW TERRACE,23,Non-landed Properties,2,"2,100",50 - 60,500 - 600,Oct 2021
NATURA@HILLVIEW,HILLVIEW TERRACE,23,Non-landed Properties,3,"2,650",60 - 70,600 - 700,Oct 2021
NATURA@HILLVIEW,HILLVIEW TERRACE,23,Non-landed Properties,3,"2,000",50 - 60,600 - 700,Oct 2021
NATURA@HILLVIEW,HILLVIEW TERRACE,23,Non-landed Properties,2,"2,450",90 - 100,"1,000 - 1,100",Nov 2021
NATURA@HILLVIEW,HILLVIEW TERRACE,23,Non-landed Properties,1,"1,900",40 - 50,400 - 500,Nov 2021
NATURA@HILLVIEW,HILLVIEW TERRACE,23,Non-landed Properties,2,"2,100",50 - 60,500 - 600,Nov 2021
NATURA@HILLVIEW,HILLVIEW TERRACE,23,Non-landed Properties,2,"2,500",90 - 100,"1,000 - 1,100",Nov 2021
NATURALIS,LORONG M TELOK KURAU,15,Non-landed Properties,NA,"1,800",50 - 60,600 - 700,Jan 2021
NATURALIS,LORONG M TELOK KURAU,15,Non-landed Properties,1,"1,950",50 - 60,500 - 600,Jan 2021
NATURALIS,LORONG M TELOK KURAU,15,Non-landed Properties,NA,"1,800",50 - 60,600 - 700,Mar 2021
NATURALIS,LORONG M TELOK KURAU,15,Non-landed Properties,1,"2,200",60 - 70,600 - 700,Apr 2021
NATURALIS,LORONG M TELOK KURAU,15,Non-landed Properties,NA,"2,200",50 - 60,600 - 700,Apr 2021
NATURALIS,LORONG M TELOK KURAU,15,Non-landed Properties,1,"3,200",120 - 130,"1,300 - 1,400",Apr 2021
NATURALIS,LORONG M TELOK KURAU,15,Non-landed Properties,2,"2,700",70 - 80,800 - 900,Aug 2021
NATURALIS,LORONG M TELOK KURAU,15,Non-landed Properties,1,"2,550",80 - 90,"900 - 1,000",Aug 2021
NATURALIS,LORONG M TELOK KURAU,15,Non-landed Properties,1,"2,300",40 - 50,500 - 600,Oct 2021
NATURALIS,LORONG M TELOK KURAU,15,Non-landed Properties,NA,"2,200",50 - 60,600 - 700,Oct 2021
NATURALIS,LORONG M TELOK KURAU,15,Non-landed Properties,1,"3,000",120 - 130,"1,300 - 1,400",Oct 2021
NATURALIS,LORONG M TELOK KURAU,15,Non-landed Properties,2,"1,800",70 - 80,800 - 900,Nov 2021
NATURALIS,LORONG M TELOK KURAU,15,Non-landed Properties,NA,"1,800",50 - 60,600 - 700,Nov 2021
NATURE MANSIONS,LORONG K TELOK KURAU,15,Non-landed Properties,3,"2,850",110 - 120,"1,100 - 1,200",Jan 2021
NATURE MANSIONS,LORONG K TELOK KURAU,15,Non-landed Properties,3,"3,000",110 - 120,"1,200 - 1,300",Jan 2021
NATURE MANSIONS,LORONG K TELOK KURAU,15,Non-landed Properties,3,"2,950",110 - 120,"1,100 - 1,200",Nov 2021
NAUNG RESIDENCE,JALAN NAUNG,19,Non-landed Properties,1,"1,900",50 - 60,500 - 600,Jan 2021
NAUNG RESIDENCE,JALAN NAUNG,19,Non-landed Properties,2,"2,300",60 - 70,700 - 800,Jan 2021
NAUNG RESIDENCE,JALAN NAUNG,19,Non-landed Properties,1,"1,800",50 - 60,500 - 600,Jan 2021
NAUNG RESIDENCE,JALAN NAUNG,19,Non-landed Properties,2,"2,200",60 - 70,700 - 800,Jan 2021
NAUNG RESIDENCE,JALAN NAUNG,19,Non-landed Properties,1,"1,900",50 - 60,500 - 600,Jan 2021
NAUNG RESIDENCE,JALAN NAUNG,19,Non-landed Properties,1,"1,900",50 - 60,500 - 600,Feb 2021
NAUNG RESIDENCE,JALAN NAUNG,19,Non-landed Properties,1,"2,050",50 - 60,500 - 600,Feb 2021
NAUNG RESIDENCE,JALAN NAUNG,19,Non-landed Properties,2,"1,900",50 - 60,500 - 600,Mar 2021
NAUNG RESIDENCE,JALAN NAUNG,19,Non-landed Properties,2,"2,400",90 - 100,"1,000 - 1,100",Mar 2021
NAUNG RESIDENCE,JALAN NAUNG,19,Non-landed Properties,2,"2,300",70 - 80,700 - 800,Apr 2021
NAUNG RESIDENCE,JALAN NAUNG,19,Non-landed Properties,2,"2,050",60 - 70,700 - 800,Jun 2021
NAUNG RESIDENCE,JALAN NAUNG,19,Non-landed Properties,1,"1,800",50 - 60,500 - 600,Jul 2021
NAUNG RESIDENCE,JALAN NAUNG,19,Non-landed Properties,2,"1,900",50 - 60,500 - 600,Jul 2021
NAUNG RESIDENCE,JALAN NAUNG,19,Non-landed Properties,1,"2,100",50 - 60,500 - 600,Jul 2021
NAUNG RESIDENCE,JALAN NAUNG,19,Non-landed Properties,2,"2,200",60 - 70,700 - 800,Aug 2021
NAUNG RESIDENCE,JALAN NAUNG,19,Non-landed Properties,2,"2,000",60 - 70,700 - 800,Aug 2021
NAUNG RESIDENCE,JALAN NAUNG,19,Non-landed Properties,2,"1,900",50 - 60,500 - 600,Oct 2021
NAUNG RESIDENCE,JALAN NAUNG,19,Non-landed Properties,1,"1,850",50 - 60,500 - 600,Nov 2021
NEEM TREE,JALAN KEMAMAN,12,Non-landed Properties,1,"2,000",30 - 40,400 - 500,Jan 2021
NEEM TREE,JALAN KEMAMAN,12,Non-landed Properties,1,"1,800",30 - 40,400 - 500,Jan 2021
NEEM TREE,JALAN KEMAMAN,12,Non-landed Properties,1,"2,000",40 - 50,400 - 500,Jan 2021
NEEM TREE,JALAN KEMAMAN,12,Non-landed Properties,1,"2,000",40 - 50,500 - 600,Jan 2021
NEEM TREE,JALAN KEMAMAN,12,Non-landed Properties,2,"2,800",50 - 60,600 - 700,Jan 2021
NEEM TREE,JALAN KEMAMAN,12,Non-landed Properties,2,"3,000",50 - 60,600 - 700,Jan 2021
NEEM TREE,JALAN KEMAMAN,12,Non-landed Properties,1,"2,200",40 - 50,500 - 600,Jan 2021
NEEM TREE,JALAN KEMAMAN,12,Non-landed Properties,1,"2,200",40 - 50,500 - 600,Jan 2021
NEEM TREE,JALAN KEMAMAN,12,Non-landed Properties,1,"2,100",40 - 50,500 - 600,Jan 2021
NEEM TREE,JALAN KEMAMAN,12,Non-landed Properties,1,"2,200",40 - 50,400 - 500,Jan 2021
NEEM TREE,JALAN KEMAMAN,12,Non-landed Properties,2,"2,600",60 - 70,700 - 800,Feb 2021
NEEM TREE,JALAN KEMAMAN,12,Non-landed Properties,2,"2,600",50 - 60,600 - 700,Feb 2021
NEEM TREE,JALAN KEMAMAN,12,Non-landed Properties,2,"2,800",60 - 70,700 - 800,Feb 2021
NEEM TREE,JALAN KEMAMAN,12,Non-landed Properties,3,"3,000",70 - 80,800 - 900,Feb 2021
NEEM TREE,JALAN KEMAMAN,12,Non-landed Properties,1,"2,200",40 - 50,500 - 600,Feb 2021
NEEM TREE,JALAN KEMAMAN,12,Non-landed Properties,2,"3,100",60 - 70,700 - 800,Feb 2021
NEEM TREE,JALAN KEMAMAN,12,Non-landed Properties,3,"3,000",70 - 80,800 - 900,Jan 2021
NEEM TREE,JALAN KEMAMAN,12,Non-landed Properties,1,"2,100",30 - 40,400 - 500,Jan 2021
NEEM TREE,JALAN KEMAMAN,12,Non-landed Properties,1,"2,200",40 - 50,500 - 600,Feb 2021
NEEM TREE,JALAN KEMAMAN,12,Non-landed Properties,1,"2,300",40 - 50,400 - 500,Mar 2021
NEEM TREE,JALAN KEMAMAN,12,Non-landed Properties,1,"2,200",30 - 40,400 - 500,Mar 2021
NEEM TREE,JALAN KEMAMAN,12,Non-landed Properties,2,"2,800",50 - 60,600 - 700,Feb 2021
NEEM TREE,JALAN KEMAMAN,12,Non-landed Properties,1,"2,300",40 - 50,400 - 500,Mar 2021
NEEM TREE,JALAN KEMAMAN,12,Non-landed Properties,1,"2,350",40 - 50,500 - 600,Apr 2021
NEEM TREE,JALAN KEMAMAN,12,Non-landed Properties,1,"2,100",40 - 50,400 - 500,Apr 2021
NEEM TREE,JALAN KEMAMAN,12,Non-landed Properties,1,"2,300",40 - 50,500 - 600,May 2021
NEEM TREE,JALAN KEMAMAN,12,Non-landed Properties,1,"2,100",40 - 50,400 - 500,May 2021
NEEM TREE,JALAN KEMAMAN,12,Non-landed Properties,2,"2,400",60 - 70,700 - 800,May 2021
NEEM TREE,JALAN KEMAMAN,12,Non-landed Properties,1,"2,200",30 - 40,400 - 500,May 2021
NEEM TREE,JALAN KEMAMAN,12,Non-landed Properties,2,"3,000",50 - 60,600 - 700,Jun 2021
NEEM TREE,JALAN KEMAMAN,12,Non-landed Properties,1,"2,400",40 - 50,400 - 500,Jun 2021
NEEM TREE,JALAN KEMAMAN,12,Non-landed Properties,1,"2,300",40 - 50,400 - 500,May 2021
NEEM TREE,JALAN KEMAMAN,12,Non-landed Properties,1,"2,200",40 - 50,400 - 500,Jun 2021
NEEM TREE,JALAN KEMAMAN,12,Non-landed Properties,1,"2,000",30 - 40,400 - 500,Jul 2021
NEEM TREE,JALAN KEMAMAN,12,Non-landed Properties,1,"2,100",40 - 50,500 - 600,Jul 2021
NEEM TREE,JALAN KEMAMAN,12,Non-landed Properties,1,"2,000",40 - 50,400 - 500,Jul 2021
NEEM TREE,JALAN KEMAMAN,12,Non-landed Properties,2,"3,200",60 - 70,700 - 800,Aug 2021
NEEM TREE,JALAN KEMAMAN,12,Non-landed Properties,1,"2,200",30 - 40,400 - 500,Aug 2021
NEEM TREE,JALAN KEMAMAN,12,Non-landed Properties,2,"2,900",60 - 70,700 - 800,Sep 2021
NEEM TREE,JALAN KEMAMAN,12,Non-landed Properties,1,"2,100",30 - 40,400 - 500,Oct 2021
NEEM TREE,JALAN KEMAMAN,12,Non-landed Properties,1,"2,100",40 - 50,400 - 500,Oct 2021
NEEM TREE,JALAN KEMAMAN,12,Non-landed Properties,1,"2,300",40 - 50,400 - 500,Nov 2021
NEEM TREE,JALAN KEMAMAN,12,Non-landed Properties,1,"2,300",40 - 50,500 - 600,Nov 2021
NEEM TREE,JALAN KEMAMAN,12,Non-landed Properties,1,"2,200",40 - 50,400 - 500,Oct 2021
NEEM TREE,JALAN KEMAMAN,12,Non-landed Properties,2,"3,200",60 - 70,700 - 800,Nov 2021
NEEM TREE,JALAN KEMAMAN,12,Non-landed Properties,1,"2,000",30 - 40,400 - 500,Nov 2021
NEEM TREE,JALAN KEMAMAN,12,Non-landed Properties,1,"2,400",40 - 50,500 - 600,Nov 2021
NEPTUNE COURT,MARINE VISTA,15,Non-landed Properties,NA,"2,400",110 - 120,"1,200 - 1,300",Jan 2021
NEPTUNE COURT,MARINE VISTA,15,Non-landed Properties,NA,"2,400",110 - 120,"1,200 - 1,300",Jan 2021
NEPTUNE COURT,MARINE VISTA,15,Non-landed Properties,NA,"2,800",150 - 160,"1,600 - 1,700",Jan 2021
NEPTUNE COURT,MARINE VISTA,15,Non-landed Properties,NA,"2,500",110 - 120,"1,200 - 1,300",Jan 2021
NEPTUNE COURT,MARINE VISTA,15,Non-landed Properties,NA,"3,100",150 - 160,"1,600 - 1,700",Jan 2021
NEPTUNE COURT,MARINE VISTA,15,Non-landed Properties,NA,"2,000",110 - 120,"1,200 - 1,300",Jan 2021
NEPTUNE COURT,MARINE VISTA,15,Non-landed Properties,NA,"2,300",110 - 120,"1,200 - 1,300",Jan 2021
NEPTUNE COURT,MARINE VISTA,15,Non-landed Properties,NA,"4,000",150 - 160,"1,600 - 1,700",Feb 2021
NEPTUNE COURT,MARINE VISTA,15,Non-landed Properties,NA,"2,400",110 - 120,"1,200 - 1,300",Feb 2021
NEPTUNE COURT,MARINE VISTA,15,Non-landed Properties,NA,"3,400",150 - 160,"1,600 - 1,700",Feb 2021
NEPTUNE COURT,MARINE VISTA,15,Non-landed Properties,NA,"2,600",110 - 120,"1,200 - 1,300",Feb 2021
NEPTUNE COURT,MARINE VISTA,15,Non-landed Properties,NA,"2,400",110 - 120,"1,200 - 1,300",Feb 2021
NEPTUNE COURT,MARINE VISTA,15,Non-landed Properties,NA,"3,100",110 - 120,"1,200 - 1,300",Feb 2021
NEPTUNE COURT,MARINE VISTA,15,Non-landed Properties,NA,"2,800",150 - 160,"1,600 - 1,700",Mar 2021
NEPTUNE COURT,MARINE VISTA,15,Non-landed Properties,NA,"2,650",110 - 120,"1,200 - 1,300",Mar 2021
NEPTUNE COURT,MARINE VISTA,15,Non-landed Properties,NA,"2,600",110 - 120,"1,200 - 1,300",Mar 2021
NEPTUNE COURT,MARINE VISTA,15,Non-landed Properties,NA,"2,800",150 - 160,"1,600 - 1,700",Mar 2021
NEPTUNE COURT,MARINE VISTA,15,Non-landed Properties,NA,"2,900",110 - 120,"1,200 - 1,300",Mar 2021
NEPTUNE COURT,MARINE VISTA,15,Non-landed Properties,NA,"3,000",110 - 120,"1,200 - 1,300",Mar 2021
NEPTUNE COURT,MARINE VISTA,15,Non-landed Properties,NA,"2,700",110 - 120,"1,200 - 1,300",Mar 2021
NEPTUNE COURT,MARINE VISTA,15,Non-landed Properties,NA,"2,400",110 - 120,"1,200 - 1,300",Mar 2021
NEPTUNE COURT,MARINE VISTA,15,Non-landed Properties,NA,"3,150",150 - 160,"1,600 - 1,700",Mar 2021
NEPTUNE COURT,MARINE VISTA,15,Non-landed Properties,NA,"2,750",150 - 160,"1,600 - 1,700",Mar 2021
NEPTUNE COURT,MARINE VISTA,15,Non-landed Properties,NA,"2,500",110 - 120,"1,200 - 1,300",Mar 2021
NEPTUNE COURT,MARINE VISTA,15,Non-landed Properties,NA,"3,000",110 - 120,"1,200 - 1,300",Apr 2021
NEPTUNE COURT,MARINE VISTA,15,Non-landed Properties,NA,"2,500",150 - 160,"1,600 - 1,700",Apr 2021
NEPTUNE COURT,MARINE VISTA,15,Non-landed Properties,NA,"2,500",110 - 120,"1,200 - 1,300",Apr 2021
NEPTUNE COURT,MARINE VISTA,15,Non-landed Properties,NA,"2,400",110 - 120,"1,200 - 1,300",Apr 2021
NEPTUNE COURT,MARINE VISTA,15,Non-landed Properties,NA,"3,300",150 - 160,"1,600 - 1,700",Apr 2021
NEPTUNE COURT,MARINE VISTA,15,Non-landed Properties,NA,"3,000",110 - 120,"1,200 - 1,300",Apr 2021
NEPTUNE COURT,MARINE VISTA,15,Non-landed Properties,NA,"2,800",150 - 160,"1,600 - 1,700",Apr 2021
NEPTUNE COURT,MARINE VISTA,15,Non-landed Properties,NA,"2,700",110 - 120,"1,200 - 1,300",Apr 2021
NEPTUNE COURT,MARINE VISTA,15,Non-landed Properties,NA,"3,600",150 - 160,"1,600 - 1,700",Apr 2021
NEPTUNE COURT,MARINE VISTA,15,Non-landed Properties,NA,"2,750",110 - 120,"1,200 - 1,300",Apr 2021
NEPTUNE COURT,MARINE VISTA,15,Non-landed Properties,NA,"2,600",110 - 120,"1,200 - 1,300",Apr 2021
NEPTUNE COURT,MARINE VISTA,15,Non-landed Properties,NA,"2,100",110 - 120,"1,200 - 1,300",Apr 2021
NEPTUNE COURT,MARINE VISTA,15,Non-landed Properties,NA,"3,300",150 - 160,"1,600 - 1,700",Apr 2021
NEPTUNE COURT,MARINE VISTA,15,Non-landed Properties,NA,"3,200",110 - 120,"1,200 - 1,300",Apr 2021
NEPTUNE COURT,MARINE VISTA,15,Non-landed Properties,NA,"2,000",150 - 160,"1,600 - 1,700",Apr 2021
NEPTUNE COURT,MARINE VISTA,15,Non-landed Properties,NA,"2,400",110 - 120,"1,200 - 1,300",May 2021
NEPTUNE COURT,MARINE VISTA,15,Non-landed Properties,NA,"2,400",110 - 120,"1,200 - 1,300",May 2021
NEPTUNE COURT,MARINE VISTA,15,Non-landed Properties,NA,"2,800",110 - 120,"1,200 - 1,300",May 2021
NEPTUNE COURT,MARINE VISTA,15,Non-landed Properties,NA,"3,600",150 - 160,"1,600 - 1,700",May 2021
NEPTUNE COURT,MARINE VISTA,15,Non-landed Properties,NA,"3,300",150 - 160,"1,600 - 1,700",May 2021
NEPTUNE COURT,MARINE VISTA,15,Non-landed Properties,NA,"2,500",110 - 120,"1,200 - 1,300",May 2021
NEPTUNE COURT,MARINE VISTA,15,Non-landed Properties,NA,"3,800",150 - 160,"1,600 - 1,700",May 2021
NEPTUNE COURT,MARINE VISTA,15,Non-landed Properties,NA,"3,280",110 - 120,"1,200 - 1,300",May 2021
NEPTUNE COURT,MARINE VISTA,15,Non-landed Properties,NA,"2,300",110 - 120,"1,200 - 1,300",Jun 2021
NEPTUNE COURT,MARINE VISTA,15,Non-landed Properties,NA,"2,800",150 - 160,"1,600 - 1,700",Jun 2021
NEPTUNE COURT,MARINE VISTA,15,Non-landed Properties,NA,"2,200",110 - 120,"1,200 - 1,300",Jun 2021
NEPTUNE COURT,MARINE VISTA,15,Non-landed Properties,NA,"3,200",150 - 160,"1,600 - 1,700",Jun 2021
NEPTUNE COURT,MARINE VISTA,15,Non-landed Properties,NA,"3,500",150 - 160,"1,600 - 1,700",May 2021
NEPTUNE COURT,MARINE VISTA,15,Non-landed Properties,NA,"2,600",110 - 120,"1,200 - 1,300",Apr 2021
NEPTUNE COURT,MARINE VISTA,15,Non-landed Properties,NA,"2,800",150 - 160,"1,600 - 1,700",Jun 2021
NEPTUNE COURT,MARINE VISTA,15,Non-landed Properties,NA,"3,300",150 - 160,"1,600 - 1,700",Jun 2021
NEPTUNE COURT,MARINE VISTA,15,Non-landed Properties,NA,"2,900",110 - 120,"1,200 - 1,300",Jun 2021
NEPTUNE COURT,MARINE VISTA,15,Non-landed Properties,NA,"2,250",110 - 120,"1,200 - 1,300",Jul 2021
NEPTUNE COURT,MARINE VISTA,15,Non-landed Properties,NA,"3,000",150 - 160,"1,600 - 1,700",Jul 2021
NEPTUNE COURT,MARINE VISTA,15,Non-landed Properties,NA,"3,000",110 - 120,"1,200 - 1,300",Jul 2021
NEPTUNE COURT,MARINE VISTA,15,Non-landed Properties,NA,"2,800",150 - 160,"1,600 - 1,700",Jul 2021
NEPTUNE COURT,MARINE VISTA,15,Non-landed Properties,NA,"3,000",110 - 120,"1,200 - 1,300",Jul 2021
NEPTUNE COURT,MARINE VISTA,15,Non-landed Properties,NA,"2,100",110 - 120,"1,200 - 1,300",Jul 2021
NEPTUNE COURT,MARINE VISTA,15,Non-landed Properties,NA,"3,200",150 - 160,"1,600 - 1,700",Jul 2021
NEPTUNE COURT,MARINE VISTA,15,Non-landed Properties,NA,"2,800",110 - 120,"1,200 - 1,300",Jul 2021
NEPTUNE COURT,MARINE VISTA,15,Non-landed Properties,NA,"3,000",110 - 120,"1,200 - 1,300",Jul 2021
NEPTUNE COURT,MARINE VISTA,15,Non-landed Properties,NA,"3,400",150 - 160,"1,600 - 1,700",Jul 2021
NEPTUNE COURT,MARINE VISTA,15,Non-landed Properties,NA,"3,000",110 - 120,"1,200 - 1,300",Jul 2021
NEPTUNE COURT,MARINE VISTA,15,Non-landed Properties,NA,"2,700",110 - 120,"1,200 - 1,300",Jul 2021
NEPTUNE COURT,MARINE VISTA,15,Non-landed Properties,NA,"2,750",150 - 160,"1,600 - 1,700",Jul 2021
NEPTUNE COURT,MARINE VISTA,15,Non-landed Properties,NA,"3,100",150 - 160,"1,600 - 1,700",Jul 2021
NEPTUNE COURT,MARINE VISTA,15,Non-landed Properties,NA,"3,083",150 - 160,"1,600 - 1,700",Aug 2021
NEPTUNE COURT,MARINE VISTA,15,Non-landed Properties,NA,"3,000",150 - 160,"1,600 - 1,700",Aug 2021
NEPTUNE COURT,MARINE VISTA,15,Non-landed Properties,NA,"2,400",110 - 120,"1,200 - 1,300",Aug 2021
NEPTUNE COURT,MARINE VISTA,15,Non-landed Properties,NA,"2,500",110 - 120,"1,200 - 1,300",Aug 2021
NEPTUNE COURT,MARINE VISTA,15,Non-landed Properties,NA,"2,300",110 - 120,"1,200 - 1,300",Aug 2021
NEPTUNE COURT,MARINE VISTA,15,Non-landed Properties,NA,"3,200",110 - 120,"1,200 - 1,300",Aug 2021
NEPTUNE COURT,MARINE VISTA,15,Non-landed Properties,NA,"2,600",110 - 120,"1,200 - 1,300",Aug 2021
NEPTUNE COURT,MARINE VISTA,15,Non-landed Properties,NA,"3,000",150 - 160,"1,600 - 1,700",Sep 2021
NEPTUNE COURT,MARINE VISTA,15,Non-landed Properties,NA,"3,700",150 - 160,"1,600 - 1,700",Sep 2021
NEPTUNE COURT,MARINE VISTA,15,Non-landed Properties,NA,"2,400",110 - 120,"1,200 - 1,300",Sep 2021
NEPTUNE COURT,MARINE VISTA,15,Non-landed Properties,NA,"3,050",110 - 120,"1,200 - 1,300",Sep 2021
NEPTUNE COURT,MARINE VISTA,15,Non-landed Properties,NA,"2,900",110 - 120,"1,200 - 1,300",Sep 2021
NEPTUNE COURT,MARINE VISTA,15,Non-landed Properties,NA,"3,100",150 - 160,"1,600 - 1,700",Sep 2021
NEPTUNE COURT,MARINE VISTA,15,Non-landed Properties,NA,"2,800",110 - 120,"1,200 - 1,300",Oct 2021
NEPTUNE COURT,MARINE VISTA,15,Non-landed Properties,NA,"2,300",110 - 120,"1,200 - 1,300",Oct 2021
NEPTUNE COURT,MARINE VISTA,15,Non-landed Properties,NA,"2,450",110 - 120,"1,200 - 1,300",Oct 2021
NEPTUNE COURT,MARINE VISTA,15,Non-landed Properties,NA,"3,000",110 - 120,"1,200 - 1,300",Oct 2021
NEPTUNE COURT,MARINE VISTA,15,Non-landed Properties,NA,"2,150",110 - 120,"1,200 - 1,300",Oct 2021
NEPTUNE COURT,MARINE VISTA,15,Non-landed Properties,NA,"3,400",150 - 160,"1,600 - 1,700",Sep 2021
NEPTUNE COURT,MARINE VISTA,15,Non-landed Properties,NA,"3,600",150 - 160,"1,600 - 1,700",Nov 2021
NEPTUNE COURT,MARINE VISTA,15,Non-landed Properties,NA,"2,650",110 - 120,"1,200 - 1,300",Nov 2021
NEPTUNE COURT,MARINE VISTA,15,Non-landed Properties,NA,"3,000",110 - 120,"1,200 - 1,300",Nov 2021
NEPTUNE COURT,MARINE VISTA,15,Non-landed Properties,NA,"3,000",110 - 120,"1,200 - 1,300",Nov 2021
NEPTUNE COURT,MARINE VISTA,15,Non-landed Properties,NA,"2,200",110 - 120,"1,200 - 1,300",Nov 2021
NEPTUNE COURT,MARINE VISTA,15,Non-landed Properties,NA,"3,050",150 - 160,"1,600 - 1,700",Oct 2021
NEPTUNE COURT,MARINE VISTA,15,Non-landed Properties,NA,"3,000",150 - 160,"1,600 - 1,700",Nov 2021
NEPTUNE COURT,MARINE VISTA,15,Non-landed Properties,NA,"2,600",110 - 120,"1,200 - 1,300",Nov 2021
NEPTUNE COURT,MARINE VISTA,15,Non-landed Properties,NA,"3,200",150 - 160,"1,600 - 1,700",Nov 2021
NESS,LORONG 32 GEYLANG,14,Non-landed Properties,1,"2,000",40 - 50,400 - 500,Jan 2021
NESS,LORONG 32 GEYLANG,14,Non-landed Properties,1,"1,700",40 - 50,400 - 500,Jan 2021
NESS,LORONG 32 GEYLANG,14,Non-landed Properties,1,"1,850",40 - 50,400 - 500,Jan 2021
NESS,LORONG 32 GEYLANG,14,Non-landed Properties,1,"1,850",40 - 50,400 - 500,Jan 2021
NESS,LORONG 32 GEYLANG,14,Non-landed Properties,2,"1,700",50 - 60,500 - 600,Jan 2021
NESS,LORONG 32 GEYLANG,14,Non-landed Properties,1,"1,700",40 - 50,400 - 500,Feb 2021
NESS,LORONG 32 GEYLANG,14,Non-landed Properties,1,"1,700",30 - 40,300 - 400,Mar 2021
NESS,LORONG 32 GEYLANG,14,Non-landed Properties,1,"1,650",30 - 40,300 - 400,Feb 2021
NESS,LORONG 32 GEYLANG,14,Non-landed Properties,1,"1,800",40 - 50,400 - 500,Mar 2021
NESS,LORONG 32 GEYLANG,14,Non-landed Properties,1,"1,650",40 - 50,400 - 500,Apr 2021
NESS,LORONG 32 GEYLANG,14,Non-landed Properties,1,"2,000",40 - 50,400 - 500,Apr 2021
NESS,LORONG 32 GEYLANG,14,Non-landed Properties,1,"2,000",40 - 50,400 - 500,Apr 2021
NESS,LORONG 32 GEYLANG,14,Non-landed Properties,1,"1,800",40 - 50,400 - 500,May 2021
NESS,LORONG 32 GEYLANG,14,Non-landed Properties,1,"1,900",50 - 60,500 - 600,May 2021
NESS,LORONG 32 GEYLANG,14,Non-landed Properties,1,"1,700",40 - 50,400 - 500,Jun 2021
NESS,LORONG 32 GEYLANG,14,Non-landed Properties,1,"2,000",40 - 50,500 - 600,Jun 2021
NESS,LORONG 32 GEYLANG,14,Non-landed Properties,1,"1,800",40 - 50,400 - 500,Jun 2021
NESS,LORONG 32 GEYLANG,14,Non-landed Properties,2,"2,500",70 - 80,800 - 900,Jun 2021
NESS,LORONG 32 GEYLANG,14,Non-landed Properties,1,"1,800",30 - 40,300 - 400,Jul 2021
NESS,LORONG 32 GEYLANG,14,Non-landed Properties,2,"2,200",50 - 60,500 - 600,Aug 2021
NESS,LORONG 32 GEYLANG,14,Non-landed Properties,1,"1,750",40 - 50,400 - 500,Aug 2021
NESS,LORONG 32 GEYLANG,14,Non-landed Properties,1,"1,900",40 - 50,400 - 500,Aug 2021
NESS,LORONG 32 GEYLANG,14,Non-landed Properties,1,"1,700",30 - 40,300 - 400,Aug 2021
NESS,LORONG 32 GEYLANG,14,Non-landed Properties,1,"1,650",40 - 50,400 - 500,Aug 2021
NESS,LORONG 32 GEYLANG,14,Non-landed Properties,1,"1,650",40 - 50,400 - 500,Sep 2021
NESS,LORONG 32 GEYLANG,14,Non-landed Properties,1,"1,900",30 - 40,300 - 400,Oct 2021
NESS,LORONG 32 GEYLANG,14,Non-landed Properties,1,"2,050",40 - 50,400 - 500,Oct 2021
NESS,LORONG 32 GEYLANG,14,Non-landed Properties,1,"1,850",40 - 50,400 - 500,Nov 2021
NEW COURT,JALAN DUSUN,12,Non-landed Properties,3,"2,800",100 - 110,"1,100 - 1,200",May 2021
NEW COURT,JALAN DUSUN,12,Non-landed Properties,3,"3,000",100 - 110,"1,100 - 1,200",Jul 2021
NEW FUTURA,LEONIE HILL ROAD,09,Non-landed Properties,3,"11,000",170 - 180,"1,800 - 1,900",Jan 2021
NEW FUTURA,LEONIE HILL ROAD,09,Non-landed Properties,3,"10,500",170 - 180,"1,800 - 1,900",Feb 2021
NEW FUTURA,LEONIE HILL ROAD,09,Non-landed Properties,4,"17,000",230 - 240,"2,500 - 2,600",Mar 2021
NEW FUTURA,LEONIE HILL ROAD,09,Non-landed Properties,3,"9,500",170 - 180,"1,800 - 1,900",Feb 2021
NEW FUTURA,LEONIE HILL ROAD,09,Non-landed Properties,4,"17,000",230 - 240,"2,500 - 2,600",Apr 2021
NEW FUTURA,LEONIE HILL ROAD,09,Non-landed Properties,3,"10,300",170 - 180,"1,800 - 1,900",Apr 2021
NEW FUTURA,LEONIE HILL ROAD,09,Non-landed Properties,3,"11,400",170 - 180,"1,800 - 1,900",May 2021
NEW FUTURA,LEONIE HILL ROAD,09,Non-landed Properties,2,"7,500",110 - 120,"1,200 - 1,300",Apr 2021
NEW FUTURA,LEONIE HILL ROAD,09,Non-landed Properties,3,"12,500",170 - 180,"1,800 - 1,900",May 2021
NEW FUTURA,LEONIE HILL ROAD,09,Non-landed Properties,4,"15,000",200 - 210,"2,200 - 2,300",May 2021
NEW FUTURA,LEONIE HILL ROAD,09,Non-landed Properties,4,"14,000",200 - 210,"2,200 - 2,300",May 2021
NEW FUTURA,LEONIE HILL ROAD,09,Non-landed Properties,2,"6,500",120 - 130,"1,300 - 1,400",Jun 2021
NEW FUTURA,LEONIE HILL ROAD,09,Non-landed Properties,4,"14,200",200 - 210,"2,200 - 2,300",Jun 2021
NEW FUTURA,LEONIE HILL ROAD,09,Non-landed Properties,3,"14,000",170 - 180,"1,800 - 1,900",Jul 2021
NEW FUTURA,LEONIE HILL ROAD,09,Non-landed Properties,3,"12,500",170 - 180,"1,800 - 1,900",Jul 2021
NEW FUTURA,LEONIE HILL ROAD,09,Non-landed Properties,3,"13,250",170 - 180,"1,800 - 1,900",Sep 2021
NEW FUTURA,LEONIE HILL ROAD,09,Non-landed Properties,2,"6,800",100 - 110,"1,000 - 1,100",Oct 2021
NEW FUTURA,LEONIE HILL ROAD,09,Non-landed Properties,3,"13,500",170 - 180,"1,800 - 1,900",Oct 2021
NEW FUTURA,LEONIE HILL ROAD,09,Non-landed Properties,2,"7,900",120 - 130,"1,300 - 1,400",Nov 2021
NEW FUTURA,LEONIE HILL ROAD,09,Non-landed Properties,3,"12,000",170 - 180,"1,800 - 1,900",Nov 2021
NEW FUTURA,LEONIE HILL ROAD,09,Non-landed Properties,2,"6,360",100 - 110,"1,000 - 1,100",Nov 2021
NEW FUTURA,LEONIE HILL ROAD,09,Non-landed Properties,2,"7,200",100 - 110,"1,000 - 1,100",Nov 2021
NEWEST,WEST COAST DRIVE,05,Non-landed Properties,1,"1,900",40 - 50,400 - 500,Jan 2021
NEWEST,WEST COAST DRIVE,05,Non-landed Properties,1,"1,850",40 - 50,500 - 600,Jan 2021
NEWEST,WEST COAST DRIVE,05,Non-landed Properties,2,"2,500",50 - 60,600 - 700,Jan 2021
NEWEST,WEST COAST DRIVE,05,Non-landed Properties,1,"1,900",40 - 50,400 - 500,Jan 2021
NEWEST,WEST COAST DRIVE,05,Non-landed Properties,2,"2,400",60 - 70,600 - 700,Jan 2021
NEWEST,WEST COAST DRIVE,05,Non-landed Properties,2,"2,400",50 - 60,600 - 700,Feb 2021
NEWEST,WEST COAST DRIVE,05,Non-landed Properties,2,"2,500",50 - 60,600 - 700,Feb 2021
NEWEST,WEST COAST DRIVE,05,Non-landed Properties,1,"2,300",40 - 50,500 - 600,Feb 2021
NEWEST,WEST COAST DRIVE,05,Non-landed Properties,2,"2,500",50 - 60,600 - 700,Feb 2021
NEWEST,WEST COAST DRIVE,05,Non-landed Properties,1,"1,900",40 - 50,400 - 500,Feb 2021
NEWEST,WEST COAST DRIVE,05,Non-landed Properties,2,"2,300",50 - 60,600 - 700,Feb 2021
NEWEST,WEST COAST DRIVE,05,Non-landed Properties,4,"4,000",220 - 230,"2,400 - 2,500",Mar 2021
NEWEST,WEST COAST DRIVE,05,Non-landed Properties,2,"2,500",50 - 60,600 - 700,Mar 2021
NEWEST,WEST COAST DRIVE,05,Non-landed Properties,2,"2,500",50 - 60,600 - 700,Mar 2021
NEWEST,WEST COAST DRIVE,05,Non-landed Properties,2,"2,400",50 - 60,600 - 700,Mar 2021
NEWEST,WEST COAST DRIVE,05,Non-landed Properties,2,"2,500",80 - 90,"900 - 1,000",Mar 2021
NEWEST,WEST COAST DRIVE,05,Non-landed Properties,2,"2,600",50 - 60,600 - 700,Mar 2021
NEWEST,WEST COAST DRIVE,05,Non-landed Properties,1,"2,100",40 - 50,500 - 600,Mar 2021
NEWEST,WEST COAST DRIVE,05,Non-landed Properties,1,"2,200",40 - 50,400 - 500,Apr 2021
NEWEST,WEST COAST DRIVE,05,Non-landed Properties,4,"5,000",230 - 240,"2,500 - 2,600",Apr 2021
NEWEST,WEST COAST DRIVE,05,Non-landed Properties,2,"2,600",80 - 90,800 - 900,Apr 2021
NEWEST,WEST COAST DRIVE,05,Non-landed Properties,1,"2,100",40 - 50,400 - 500,Apr 2021
NEWEST,WEST COAST DRIVE,05,Non-landed Properties,2,"3,000",80 - 90,800 - 900,Apr 2021
NEWEST,WEST COAST DRIVE,05,Non-landed Properties,1,"2,100",40 - 50,500 - 600,May 2021
NEWEST,WEST COAST DRIVE,05,Non-landed Properties,2,"2,550",60 - 70,600 - 700,May 2021
NEWEST,WEST COAST DRIVE,05,Non-landed Properties,2,"2,400",50 - 60,600 - 700,May 2021
NEWEST,WEST COAST DRIVE,05,Non-landed Properties,2,"2,300",50 - 60,600 - 700,May 2021
NEWEST,WEST COAST DRIVE,05,Non-landed Properties,1,"1,900",40 - 50,400 - 500,May 2021
NEWEST,WEST COAST DRIVE,05,Non-landed Properties,2,"2,500",50 - 60,600 - 700,May 2021
NEWEST,WEST COAST DRIVE,05,Non-landed Properties,1,"1,900",40 - 50,400 - 500,Jun 2021
NEWEST,WEST COAST DRIVE,05,Non-landed Properties,1,"2,000",50 - 60,500 - 600,Jul 2021
NEWEST,WEST COAST DRIVE,05,Non-landed Properties,2,"2,550",60 - 70,600 - 700,Jul 2021
NEWEST,WEST COAST DRIVE,05,Non-landed Properties,2,"2,100",60 - 70,600 - 700,Jul 2021
NEWEST,WEST COAST DRIVE,05,Non-landed Properties,2,"2,550",50 - 60,600 - 700,Jul 2021
NEWEST,WEST COAST DRIVE,05,Non-landed Properties,1,"2,350",40 - 50,500 - 600,Jul 2021
NEWEST,WEST COAST DRIVE,05,Non-landed Properties,1,"2,000",40 - 50,400 - 500,Jul 2021
NEWEST,WEST COAST DRIVE,05,Non-landed Properties,2,"2,800",50 - 60,600 - 700,Jul 2021
NEWEST,WEST COAST DRIVE,05,Non-landed Properties,2,"2,400",60 - 70,600 - 700,Jul 2021
NEWEST,WEST COAST DRIVE,05,Non-landed Properties,2,"3,000",80 - 90,800 - 900,Jul 2021
NEWEST,WEST COAST DRIVE,05,Non-landed Properties,1,"2,000",50 - 60,500 - 600,Aug 2021
NEWEST,WEST COAST DRIVE,05,Non-landed Properties,1,"2,400",50 - 60,500 - 600,Jul 2021
NEWEST,WEST COAST DRIVE,05,Non-landed Properties,1,"2,300",40 - 50,500 - 600,Aug 2021
NEWEST,WEST COAST DRIVE,05,Non-landed Properties,4,"4,000",230 - 240,"2,500 - 2,600",Jul 2021
NEWEST,WEST COAST DRIVE,05,Non-landed Properties,2,"2,700",50 - 60,600 - 700,Sep 2021
NEWEST,WEST COAST DRIVE,05,Non-landed Properties,2,"2,700",50 - 60,600 - 700,Sep 2021
NEWEST,WEST COAST DRIVE,05,Non-landed Properties,1,"2,300",40 - 50,500 - 600,Sep 2021
NEWEST,WEST COAST DRIVE,05,Non-landed Properties,2,"2,900",80 - 90,"900 - 1,000",Oct 2021
NEWEST,WEST COAST DRIVE,05,Non-landed Properties,2,"2,600",80 - 90,"900 - 1,000",Oct 2021
NEWEST,WEST COAST DRIVE,05,Non-landed Properties,1,"2,100",40 - 50,400 - 500,Oct 2021
NEWEST,WEST COAST DRIVE,05,Non-landed Properties,1,"2,000",40 - 50,500 - 600,Nov 2021
NEWEST,WEST COAST DRIVE,05,Non-landed Properties,1,"2,350",40 - 50,500 - 600,Nov 2021
NEWEST,WEST COAST DRIVE,05,Non-landed Properties,1,"2,100",40 - 50,400 - 500,Nov 2021
NEWEST,WEST COAST DRIVE,05,Non-landed Properties,1,"2,100",40 - 50,400 - 500,Nov 2021
NEWEST,WEST COAST DRIVE,05,Non-landed Properties,1,"2,300",40 - 50,500 - 600,Nov 2021
NEWTON 18,NEWTON ROAD,11,Non-landed Properties,1,"2,800",50 - 60,500 - 600,Jan 2021
NEWTON 18,NEWTON ROAD,11,Non-landed Properties,2,"3,200",70 - 80,800 - 900,Feb 2021
NEWTON 18,NEWTON ROAD,11,Non-landed Properties,2,"3,300",80 - 90,"900 - 1,000",Feb 2021
NEWTON 18,NEWTON ROAD,11,Non-landed Properties,2,"3,300",80 - 90,"900 - 1,000",Jan 2021
NEWTON 18,NEWTON ROAD,11,Non-landed Properties,2,"3,300",80 - 90,"900 - 1,000",Mar 2021
NEWTON 18,NEWTON ROAD,11,Non-landed Properties,1,"2,500",50 - 60,500 - 600,Feb 2021
NEWTON 18,NEWTON ROAD,11,Non-landed Properties,2,"2,900",70 - 80,800 - 900,Mar 2021
NEWTON 18,NEWTON ROAD,11,Non-landed Properties,2,"3,400",80 - 90,"900 - 1,000",Mar 2021
NEWTON 18,NEWTON ROAD,11,Non-landed Properties,2,"3,400",90 - 100,"900 - 1,000",Apr 2021
NEWTON 18,NEWTON ROAD,11,Non-landed Properties,2,"2,500",70 - 80,800 - 900,Apr 2021
NEWTON 18,NEWTON ROAD,11,Non-landed Properties,3,"6,500",200 - 210,"2,100 - 2,200",Apr 2021
NEWTON 18,NEWTON ROAD,11,Non-landed Properties,2,"3,500",80 - 90,"900 - 1,000",May 2021
NEWTON 18,NEWTON ROAD,11,Non-landed Properties,2,"3,500",80 - 90,"900 - 1,000",May 2021
NEWTON 18,NEWTON ROAD,11,Non-landed Properties,2,"3,450",80 - 90,"900 - 1,000",May 2021
NEWTON 18,NEWTON ROAD,11,Non-landed Properties,1,"3,000",50 - 60,600 - 700,May 2021
NEWTON 18,NEWTON ROAD,11,Non-landed Properties,2,"3,200",80 - 90,"900 - 1,000",Jun 2021
NEWTON 18,NEWTON ROAD,11,Non-landed Properties,1,"2,800",50 - 60,600 - 700,Jul 2021
NEWTON 18,NEWTON ROAD,11,Non-landed Properties,1,"3,000",50 - 60,600 - 700,Jul 2021
NEWTON 18,NEWTON ROAD,11,Non-landed Properties,2,"3,650",80 - 90,"900 - 1,000",Jun 2021
NEWTON 18,NEWTON ROAD,11,Non-landed Properties,1,"2,400",50 - 60,600 - 700,Aug 2021
NEWTON 18,NEWTON ROAD,11,Non-landed Properties,2,"3,650",80 - 90,"900 - 1,000",Aug 2021
NEWTON 18,NEWTON ROAD,11,Non-landed Properties,2,"3,500",80 - 90,"900 - 1,000",Aug 2021
NEWTON 18,NEWTON ROAD,11,Non-landed Properties,2,"3,500",90 - 100,"900 - 1,000",Sep 2021
NEWTON 18,NEWTON ROAD,11,Non-landed Properties,1,"2,600",50 - 60,600 - 700,Sep 2021
NEWTON 18,NEWTON ROAD,11,Non-landed Properties,2,"3,000",70 - 80,800 - 900,Oct 2021
NEWTON 18,NEWTON ROAD,11,Non-landed Properties,2,"4,000",80 - 90,"900 - 1,000",Oct 2021
NEWTON 18,NEWTON ROAD,11,Non-landed Properties,2,"3,800",80 - 90,"900 - 1,000",Oct 2021
NEWTON 18,NEWTON ROAD,11,Non-landed Properties,2,"3,000",80 - 90,"900 - 1,000",Nov 2021
NEWTON 18,NEWTON ROAD,11,Non-landed Properties,2,"3,200",70 - 80,800 - 900,Nov 2021
NEWTON 18,NEWTON ROAD,11,Non-landed Properties,2,"4,000",90 - 100,"900 - 1,000",Oct 2021
NEWTON 21,NEWTON ROAD,11,Non-landed Properties,3,"3,800",90 - 100,"1,000 - 1,100",Jan 2021
NEWTON 21,NEWTON ROAD,11,Non-landed Properties,3,"2,900",90 - 100,"1,000 - 1,100",Feb 2021
NEWTON 21,NEWTON ROAD,11,Non-landed Properties,3,"4,900",140 - 150,"1,500 - 1,600",Feb 2021
NEWTON 21,NEWTON ROAD,11,Non-landed Properties,3,"3,700",110 - 120,"1,100 - 1,200",Mar 2021
NEWTON 21,NEWTON ROAD,11,Non-landed Properties,3,"4,900",140 - 150,"1,500 - 1,600",Mar 2021
NEWTON 21,NEWTON ROAD,11,Non-landed Properties,3,"4,450",110 - 120,"1,200 - 1,300",Mar 2021
NEWTON 21,NEWTON ROAD,11,Non-landed Properties,3,"3,600",90 - 100,"1,000 - 1,100",Apr 2021
NEWTON 21,NEWTON ROAD,11,Non-landed Properties,3,"3,500",90 - 100,"1,000 - 1,100",Apr 2021
NEWTON 21,NEWTON ROAD,11,Non-landed Properties,3,"3,300",90 - 100,"1,000 - 1,100",Mar 2021
NEWTON 21,NEWTON ROAD,11,Non-landed Properties,3,"3,500",90 - 100,"1,000 - 1,100",Apr 2021
NEWTON 21,NEWTON ROAD,11,Non-landed Properties,3,"3,650",110 - 120,"1,100 - 1,200",May 2021
NEWTON 21,NEWTON ROAD,11,Non-landed Properties,3,"4,400",140 - 150,"1,500 - 1,600",Apr 2021
NEWTON 21,NEWTON ROAD,11,Non-landed Properties,3,"3,700",90 - 100,"1,000 - 1,100",Jun 2021
NEWTON 21,NEWTON ROAD,11,Non-landed Properties,3,"5,300",140 - 150,"1,500 - 1,600",Aug 2021
NEWTON EDGE,MAKEWAY AVENUE,09,Non-landed Properties,1,"2,300",50 - 60,600 - 700,Jan 2021
NEWTON EDGE,MAKEWAY AVENUE,09,Non-landed Properties,2,"3,400",80 - 90,"900 - 1,000",Jan 2021
NEWTON EDGE,MAKEWAY AVENUE,09,Non-landed Properties,2,"3,000",70 - 80,700 - 800,Jan 2021
NEWTON EDGE,MAKEWAY AVENUE,09,Non-landed Properties,2,"3,200",80 - 90,"900 - 1,000",Jan 2021
NEWTON EDGE,MAKEWAY AVENUE,09,Non-landed Properties,1,"2,800",50 - 60,500 - 600,Jan 2021
NEWTON EDGE,MAKEWAY AVENUE,09,Non-landed Properties,1,"2,400",40 - 50,400 - 500,Feb 2021
NEWTON EDGE,MAKEWAY AVENUE,09,Non-landed Properties,1,"2,000",40 - 50,400 - 500,Feb 2021
NEWTON EDGE,MAKEWAY AVENUE,09,Non-landed Properties,1,"2,000",40 - 50,400 - 500,Jan 2021
NEWTON EDGE,MAKEWAY AVENUE,09,Non-landed Properties,1,"2,300",50 - 60,500 - 600,Feb 2021
NEWTON EDGE,MAKEWAY AVENUE,09,Non-landed Properties,2,"2,800",70 - 80,800 - 900,Feb 2021
NEWTON EDGE,MAKEWAY AVENUE,09,Non-landed Properties,1,"2,400",50 - 60,500 - 600,Mar 2021
NEWTON EDGE,MAKEWAY AVENUE,09,Non-landed Properties,2,"2,850",70 - 80,700 - 800,Mar 2021
NEWTON EDGE,MAKEWAY AVENUE,09,Non-landed Properties,2,"2,850",60 - 70,600 - 700,Mar 2021
NEWTON EDGE,MAKEWAY AVENUE,09,Non-landed Properties,2,"3,500",80 - 90,"900 - 1,000",Apr 2021
NEWTON EDGE,MAKEWAY AVENUE,09,Non-landed Properties,1,"2,400",40 - 50,400 - 500,Apr 2021
NEWTON EDGE,MAKEWAY AVENUE,09,Non-landed Properties,1,"2,400",40 - 50,500 - 600,Apr 2021
NEWTON EDGE,MAKEWAY AVENUE,09,Non-landed Properties,1,"2,200",40 - 50,500 - 600,Apr 2021
NEWTON EDGE,MAKEWAY AVENUE,09,Non-landed Properties,2,"3,200",70 - 80,700 - 800,Apr 2021
NEWTON EDGE,MAKEWAY AVENUE,09,Non-landed Properties,1,"2,100",40 - 50,400 - 500,Mar 2021
NEWTON EDGE,MAKEWAY AVENUE,09,Non-landed Properties,2,"2,600",70 - 80,800 - 900,May 2021
NEWTON EDGE,MAKEWAY AVENUE,09,Non-landed Properties,2,"3,200",80 - 90,"900 - 1,000",May 2021
NEWTON EDGE,MAKEWAY AVENUE,09,Non-landed Properties,1,"2,200",40 - 50,400 - 500,May 2021
NEWTON EDGE,MAKEWAY AVENUE,09,Non-landed Properties,1,"2,500",50 - 60,500 - 600,May 2021
NEWTON EDGE,MAKEWAY AVENUE,09,Non-landed Properties,2,"3,000",70 - 80,700 - 800,Jun 2021
NEWTON EDGE,MAKEWAY AVENUE,09,Non-landed Properties,2,"2,700",70 - 80,800 - 900,Jun 2021
NEWTON EDGE,MAKEWAY AVENUE,09,Non-landed Properties,2,"2,850",60 - 70,600 - 700,Jun 2021
NEWTON EDGE,MAKEWAY AVENUE,09,Non-landed Properties,1,"2,200",40 - 50,400 - 500,Jun 2021
NEWTON EDGE,MAKEWAY AVENUE,09,Non-landed Properties,2,"3,200",80 - 90,"900 - 1,000",Jun 2021
NEWTON EDGE,MAKEWAY AVENUE,09,Non-landed Properties,1,"2,400",40 - 50,400 - 500,Jul 2021
NEWTON EDGE,MAKEWAY AVENUE,09,Non-landed Properties,1,"2,800",50 - 60,500 - 600,Jul 2021
NEWTON EDGE,MAKEWAY AVENUE,09,Non-landed Properties,3,"3,900",130 - 140,"1,400 - 1,500",Jul 2021
NEWTON EDGE,MAKEWAY AVENUE,09,Non-landed Properties,2,"3,400",70 - 80,700 - 800,Jul 2021
NEWTON EDGE,MAKEWAY AVENUE,09,Non-landed Properties,1,"1,600",40 - 50,400 - 500,Jul 2021
NEWTON EDGE,MAKEWAY AVENUE,09,Non-landed Properties,2,"2,900",70 - 80,700 - 800,Jul 2021
NEWTON EDGE,MAKEWAY AVENUE,09,Non-landed Properties,1,553,40 - 50,500 - 600,Aug 2021
NEWTON EDGE,MAKEWAY AVENUE,09,Non-landed Properties,1,"2,300",40 - 50,500 - 600,Aug 2021
NEWTON EDGE,MAKEWAY AVENUE,09,Non-landed Properties,2,"4,100",80 - 90,"900 - 1,000",Aug 2021
NEWTON EDGE,MAKEWAY AVENUE,09,Non-landed Properties,1,"2,100",40 - 50,400 - 500,Aug 2021
NEWTON EDGE,MAKEWAY AVENUE,09,Non-landed Properties,1,"2,200",40 - 50,400 - 500,Aug 2021
NEWTON EDGE,MAKEWAY AVENUE,09,Non-landed Properties,2,"3,000",70 - 80,700 - 800,Sep 2021
NEWTON EDGE,MAKEWAY AVENUE,09,Non-landed Properties,2,"2,700",70 - 80,800 - 900,Sep 2021
NEWTON EDGE,MAKEWAY AVENUE,09,Non-landed Properties,2,"2,900",70 - 80,700 - 800,Sep 2021
NEWTON EDGE,MAKEWAY AVENUE,09,Non-landed Properties,2,"2,700",70 - 80,800 - 900,Sep 2021
NEWTON EDGE,MAKEWAY AVENUE,09,Non-landed Properties,2,"2,700",70 - 80,800 - 900,Oct 2021
NEWTON EDGE,MAKEWAY AVENUE,09,Non-landed Properties,2,"2,250",60 - 70,600 - 700,Oct 2021
NEWTON EDGE,MAKEWAY AVENUE,09,Non-landed Properties,1,"1,750",40 - 50,400 - 500,Oct 2021
NEWTON EDGE,MAKEWAY AVENUE,09,Non-landed Properties,2,"2,750",60 - 70,600 - 700,Oct 2021
NEWTON EDGE,MAKEWAY AVENUE,09,Non-landed Properties,1,"2,200",40 - 50,400 - 500,Oct 2021
NEWTON EDGE,MAKEWAY AVENUE,09,Non-landed Properties,1,"2,350",40 - 50,400 - 500,Oct 2021
NEWTON EDGE,MAKEWAY AVENUE,09,Non-landed Properties,2,"3,200",80 - 90,"900 - 1,000",Sep 2021
NEWTON EDGE,MAKEWAY AVENUE,09,Non-landed Properties,1,"2,950",50 - 60,500 - 600,Oct 2021
NEWTON EDGE,MAKEWAY AVENUE,09,Non-landed Properties,1,"2,300",40 - 50,500 - 600,Oct 2021
NEWTON EDGE,MAKEWAY AVENUE,09,Non-landed Properties,2,"3,200",70 - 80,700 - 800,Nov 2021
NEWTON EDGE,MAKEWAY AVENUE,09,Non-landed Properties,2,"2,400",60 - 70,600 - 700,Nov 2021
NEWTON EDGE,MAKEWAY AVENUE,09,Non-landed Properties,2,"2,700",60 - 70,600 - 700,Nov 2021
NEWTON EDGE,MAKEWAY AVENUE,09,Non-landed Properties,1,"2,000",40 - 50,400 - 500,Nov 2021
NEWTON GEMS,NEWTON ROAD,11,Non-landed Properties,2,"3,665",80 - 90,"900 - 1,000",Jan 2021
NEWTON GEMS,NEWTON ROAD,11,Non-landed Properties,3,"5,216",130 - 140,"1,400 - 1,500",Jan 2021
NEWTON GEMS,NEWTON ROAD,11,Non-landed Properties,4,"5,859",150 - 160,"1,700 - 1,800",Jan 2021
NEWTON GEMS,NEWTON ROAD,11,Non-landed Properties,4,"7,120",190 - 200,"2,000 - 2,100",Jan 2021
NEWTON GEMS,NEWTON ROAD,11,Non-landed Properties,4,"6,046",150 - 160,"1,700 - 1,800",Jan 2021
NEWTON GEMS,NEWTON ROAD,11,Non-landed Properties,4,"7,027",190 - 200,"2,000 - 2,100",Jan 2021
NEWTON GEMS,NEWTON ROAD,11,Non-landed Properties,1,"2,735",60 - 70,600 - 700,Feb 2021
NEWTON GEMS,NEWTON ROAD,11,Non-landed Properties,4,"5,859",150 - 160,"1,700 - 1,800",Feb 2021
NEWTON GEMS,NEWTON ROAD,11,Non-landed Properties,4,"5,859",150 - 160,"1,700 - 1,800",Feb 2021
NEWTON GEMS,NEWTON ROAD,11,Non-landed Properties,4,"5,953",150 - 160,"1,700 - 1,800",Feb 2021
NEWTON GEMS,NEWTON ROAD,11,Non-landed Properties,4,"6,140",150 - 160,"1,700 - 1,800",Feb 2021
NEWTON GEMS,NEWTON ROAD,11,Non-landed Properties,4,"6,980",190 - 200,"2,100 - 2,200",Feb 2021
NEWTON GEMS,NEWTON ROAD,11,Non-landed Properties,3,"4,982",130 - 140,"1,400 - 1,500",Feb 2021
NEWTON GEMS,NEWTON ROAD,11,Non-landed Properties,3,"5,122",130 - 140,"1,400 - 1,500",Feb 2021
NEWTON GEMS,NEWTON ROAD,11,Non-landed Properties,3,"5,029",130 - 140,"1,400 - 1,500",Mar 2021
NEWTON GEMS,NEWTON ROAD,11,Non-landed Properties,3,"5,122",130 - 140,"1,400 - 1,500",Mar 2021
NEWTON GEMS,NEWTON ROAD,11,Non-landed Properties,4,"6,140",150 - 160,"1,700 - 1,800",Mar 2021
NEWTON GEMS,NEWTON ROAD,11,Non-landed Properties,1,"2,781",60 - 70,600 - 700,Mar 2021
NEWTON GEMS,NEWTON ROAD,11,Non-landed Properties,4,"5,859",150 - 160,"1,700 - 1,800",Mar 2021
NEWTON GEMS,NEWTON ROAD,11,Non-landed Properties,1,"2,688",60 - 70,600 - 700,Mar 2021
NEWTON GEMS,NEWTON ROAD,11,Non-landed Properties,1,"2,548",60 - 70,600 - 700,Mar 2021
NEWTON GEMS,NEWTON ROAD,11,Non-landed Properties,4,"6,980",190 - 200,"2,000 - 2,100",Mar 2021
NEWTON GEMS,NEWTON ROAD,11,Non-landed Properties,3,"5,169",130 - 140,"1,400 - 1,500",Mar 2021
NEWTON GEMS,NEWTON ROAD,11,Non-landed Properties,4,"6,840",190 - 200,"2,100 - 2,200",Mar 2021
NEWTON GEMS,NEWTON ROAD,11,Non-landed Properties,1,"2,641",60 - 70,600 - 700,Apr 2021
NEWTON GEMS,NEWTON ROAD,11,Non-landed Properties,1,"2,828",60 - 70,600 - 700,Apr 2021
NEWTON GEMS,NEWTON ROAD,11,Non-landed Properties,3,"5,169",130 - 140,"1,400 - 1,500",Apr 2021
NEWTON GEMS,NEWTON ROAD,11,Non-landed Properties,2,"3,758",80 - 90,"900 - 1,000",Apr 2021
NEWTON GEMS,NEWTON ROAD,11,Non-landed Properties,4,"7,027",190 - 200,"2,100 - 2,200",Apr 2021
NEWTON GEMS,NEWTON ROAD,11,Non-landed Properties,4,"6,933",190 - 200,"2,100 - 2,200",Apr 2021
NEWTON GEMS,NEWTON ROAD,11,Non-landed Properties,4,"5,859",150 - 160,"1,700 - 1,800",Apr 2021
NEWTON GEMS,NEWTON ROAD,11,Non-landed Properties,1,"2,828",60 - 70,600 - 700,Apr 2021
NEWTON GEMS,NEWTON ROAD,11,Non-landed Properties,3,"5,076",130 - 140,"1,400 - 1,500",Apr 2021
NEWTON GEMS,NEWTON ROAD,11,Non-landed Properties,3,"5,076",120 - 130,"1,300 - 1,400",Apr 2021
NEWTON GEMS,NEWTON ROAD,11,Non-landed Properties,2,"3,899",80 - 90,"900 - 1,000",Apr 2021
NEWTON GEMS,NEWTON ROAD,11,Non-landed Properties,3,"5,263",130 - 140,"1,400 - 1,500",Apr 2021
NEWTON GEMS,NEWTON ROAD,11,Non-landed Properties,1,"2,548",60 - 70,600 - 700,Apr 2021
NEWTON GEMS,NEWTON ROAD,11,Non-landed Properties,3,"5,122",130 - 140,"1,400 - 1,500",Apr 2021
NEWTON GEMS,NEWTON ROAD,11,Non-landed Properties,4,"6,933",190 - 200,"2,100 - 2,200",May 2021
NEWTON GEMS,NEWTON ROAD,11,Non-landed Properties,4,"6,000",150 - 160,"1,700 - 1,800",May 2021
NEWTON GEMS,NEWTON ROAD,11,Non-landed Properties,1,"2,594",60 - 70,600 - 700,May 2021
NEWTON GEMS,NEWTON ROAD,11,Non-landed Properties,3,"4,889",130 - 140,"1,400 - 1,500",May 2021
NEWTON GEMS,NEWTON ROAD,11,Non-landed Properties,2,"3,712",80 - 90,"900 - 1,000",Jun 2021
NEWTON GEMS,NEWTON ROAD,11,Non-landed Properties,1,"2,622",60 - 70,600 - 700,Jun 2021
NEWTON GEMS,NEWTON ROAD,11,Non-landed Properties,4,"7,027",190 - 200,"2,100 - 2,200",Jun 2021
NEWTON GEMS,NEWTON ROAD,11,Non-landed Properties,3,"5,169",130 - 140,"1,400 - 1,500",Jun 2021
NEWTON GEMS,NEWTON ROAD,11,Non-landed Properties,2,"3,712",80 - 90,"900 - 1,000",Jun 2021
NEWTON GEMS,NEWTON ROAD,11,Non-landed Properties,3,"5,122",130 - 140,"1,400 - 1,500",Jun 2021
NEWTON GEMS,NEWTON ROAD,11,Non-landed Properties,2,"3,618",80 - 90,"900 - 1,000",Jun 2021
NEWTON GEMS,NEWTON ROAD,11,Non-landed Properties,2,"3,665",80 - 90,"900 - 1,000",Jun 2021
NEWTON GEMS,NEWTON ROAD,11,Non-landed Properties,1,"2,688",60 - 70,600 - 700,Jun 2021
NEWTON GEMS,NEWTON ROAD,11,Non-landed Properties,1,"2,548",60 - 70,600 - 700,Jun 2021
NEWTON GEMS,NEWTON ROAD,11,Non-landed Properties,4,"5,859",150 - 160,"1,700 - 1,800",Jun 2021
NEWTON GEMS,NEWTON ROAD,11,Non-landed Properties,2,"3,618",80 - 90,"900 - 1,000",Jun 2021
NEWTON GEMS,NEWTON ROAD,11,Non-landed Properties,2,"3,758",80 - 90,"900 - 1,000",Jun 2021
NEWTON GEMS,NEWTON ROAD,11,Non-landed Properties,4,"5,859",150 - 160,"1,700 - 1,800",Jul 2021
NEWTON GEMS,NEWTON ROAD,11,Non-landed Properties,4,"5,859",150 - 160,"1,600 - 1,700",Jul 2021
NEWTON GEMS,NEWTON ROAD,11,Non-landed Properties,3,"5,076",130 - 140,"1,400 - 1,500",Jul 2021
NEWTON GEMS,NEWTON ROAD,11,Non-landed Properties,3,"5,076",130 - 140,"1,400 - 1,500",Jul 2021
NEWTON GEMS,NEWTON ROAD,11,Non-landed Properties,2,"3,525",80 - 90,"900 - 1,000",Jun 2021
NEWTON GEMS,NEWTON ROAD,11,Non-landed Properties,4,"7,643",220 - 230,"2,400 - 2,500",Jul 2021
NEWTON GEMS,NEWTON ROAD,11,Non-landed Properties,1,"2,594",60 - 70,600 - 700,Jul 2021
NEWTON GEMS,NEWTON ROAD,11,Non-landed Properties,4,"7,120",190 - 200,"2,000 - 2,100",Jul 2021
NEWTON GEMS,NEWTON ROAD,11,Non-landed Properties,4,"7,120",190 - 200,"2,100 - 2,200",Jul 2021
NEWTON GEMS,NEWTON ROAD,11,Non-landed Properties,3,"5,356",130 - 140,"1,400 - 1,500",Jul 2021
NEWTON GEMS,NEWTON ROAD,11,Non-landed Properties,1,"2,548",60 - 70,600 - 700,Jul 2021
NEWTON GEMS,NEWTON ROAD,11,Non-landed Properties,2,"3,665",80 - 90,"900 - 1,000",Jul 2021
NEWTON GEMS,NEWTON ROAD,11,Non-landed Properties,1,"2,735",60 - 70,600 - 700,Jul 2021
NEWTON GEMS,NEWTON ROAD,11,Non-landed Properties,2,"3,805",80 - 90,"900 - 1,000",Jul 2021
NEWTON GEMS,NEWTON ROAD,11,Non-landed Properties,4,"6,840",190 - 200,"2,000 - 2,100",Aug 2021
NEWTON GEMS,NEWTON ROAD,11,Non-landed Properties,4,"5,859",150 - 160,"1,700 - 1,800",Aug 2021
NEWTON GEMS,NEWTON ROAD,11,Non-landed Properties,2,"3,572",80 - 90,"900 - 1,000",Aug 2021
NEWTON GEMS,NEWTON ROAD,11,Non-landed Properties,4,"7,027",190 - 200,"2,100 - 2,200",Aug 2021
NEWTON GEMS,NEWTON ROAD,11,Non-landed Properties,4,"6,046",150 - 160,"1,700 - 1,800",Aug 2021
NEWTON GEMS,NEWTON ROAD,11,Non-landed Properties,1,"2,688",60 - 70,600 - 700,Aug 2021
NEWTON GEMS,NEWTON ROAD,11,Non-landed Properties,4,"10,355",220 - 230,"2,400 - 2,500",Aug 2021
NEWTON GEMS,NEWTON ROAD,11,Non-landed Properties,4,"5,953",150 - 160,"1,700 - 1,800",Aug 2021
NEWTON GEMS,NEWTON ROAD,11,Non-landed Properties,4,"5,859",150 - 160,"1,700 - 1,800",Sep 2021
NEWTON GEMS,NEWTON ROAD,11,Non-landed Properties,4,"5,859",150 - 160,"1,700 - 1,800",Sep 2021
NEWTON GEMS,NEWTON ROAD,11,Non-landed Properties,3,"5,169",120 - 130,"1,300 - 1,400",Sep 2021
NEWTON GEMS,NEWTON ROAD,11,Non-landed Properties,3,"5,169",130 - 140,"1,400 - 1,500",Sep 2021
NEWTON GEMS,NEWTON ROAD,11,Non-landed Properties,3,"5,169",130 - 140,"1,400 - 1,500",Sep 2021
NEWTON GEMS,NEWTON ROAD,11,Non-landed Properties,2,"3,618",80 - 90,"900 - 1,000",Sep 2021
NEWTON GEMS,NEWTON ROAD,11,Non-landed Properties,2,"3,712",80 - 90,"900 - 1,000",Sep 2021
NEWTON GEMS,NEWTON ROAD,11,Non-landed Properties,4,"7,120",190 - 200,"2,100 - 2,200",Sep 2021
NEWTON GEMS,NEWTON ROAD,11,Non-landed Properties,1,"2,735",60 - 70,600 - 700,Sep 2021
NEWTON GEMS,NEWTON ROAD,11,Non-landed Properties,1,"2,735",60 - 70,600 - 700,Sep 2021
NEWTON GEMS,NEWTON ROAD,11,Non-landed Properties,4,"6,140",150 - 160,"1,700 - 1,800",Sep 2021
NEWTON GEMS,NEWTON ROAD,11,Non-landed Properties,4,"5,859",150 - 160,"1,700 - 1,800",Sep 2021
NEWTON GEMS,NEWTON ROAD,11,Non-landed Properties,3,"5,356",130 - 140,"1,400 - 1,500",Aug 2021
NEWTON GEMS,NEWTON ROAD,11,Non-landed Properties,4,"7,643",220 - 230,"2,400 - 2,500",Sep 2021
NEWTON GEMS,NEWTON ROAD,11,Non-landed Properties,3,"5,169",120 - 130,"1,300 - 1,400",Sep 2021
NEWTON GEMS,NEWTON ROAD,11,Non-landed Properties,2,"3,665",80 - 90,"900 - 1,000",Sep 2021
NEWTON GEMS,NEWTON ROAD,11,Non-landed Properties,1,"2,604",60 - 70,600 - 700,Oct 2021
NEWTON GEMS,NEWTON ROAD,11,Non-landed Properties,3,"5,169",120 - 130,"1,300 - 1,400",Oct 2021
NEWTON GEMS,NEWTON ROAD,11,Non-landed Properties,4,"7,027",190 - 200,"2,000 - 2,100",Oct 2021
NEWTON GEMS,NEWTON ROAD,11,Non-landed Properties,2,"3,665",80 - 90,"900 - 1,000",Oct 2021
NEWTON GEMS,NEWTON ROAD,11,Non-landed Properties,2,"3,665",80 - 90,"900 - 1,000",Sep 2021
NEWTON GEMS,NEWTON ROAD,11,Non-landed Properties,3,"5,076",130 - 140,"1,400 - 1,500",Oct 2021
NEWTON GEMS,NEWTON ROAD,11,Non-landed Properties,4,"7,027",190 - 200,"2,000 - 2,100",Oct 2021
NEWTON GEMS,NEWTON ROAD,11,Non-landed Properties,4,"6,999",190 - 200,"2,100 - 2,200",Oct 2021
NEWTON GEMS,NEWTON ROAD,11,Non-landed Properties,2,"3,525",80 - 90,"900 - 1,000",Sep 2021
NEWTON GEMS,NEWTON ROAD,11,Non-landed Properties,3,"4,982",130 - 140,"1,400 - 1,500",Oct 2021
NEWTON GEMS,NEWTON ROAD,11,Non-landed Properties,3,"5,263",130 - 140,"1,400 - 1,500",Nov 2021
NEWTON GEMS,NEWTON ROAD,11,Non-landed Properties,4,"7,027",190 - 200,"2,000 - 2,100",Nov 2021
NEWTON GEMS,NEWTON ROAD,11,Non-landed Properties,2,"4,272",80 - 90,"900 - 1,000",Nov 2021
NEWTON GEMS,NEWTON ROAD,11,Non-landed Properties,4,"6,140",150 - 160,"1,700 - 1,800",Nov 2021
NEWTON GEMS,NEWTON ROAD,11,Non-landed Properties,1,"2,688",60 - 70,600 - 700,Nov 2021
NEWTON GEMS,NEWTON ROAD,11,Non-landed Properties,1,"2,735",60 - 70,600 - 700,Nov 2021
NEWTON GEMS,NEWTON ROAD,11,Non-landed Properties,4,"5,953",150 - 160,"1,600 - 1,700",Nov 2021
NEWTON GEMS,NEWTON ROAD,11,Non-landed Properties,1,"2,594",60 - 70,600 - 700,Nov 2021
NEWTON GEMS,NEWTON ROAD,11,Non-landed Properties,1,"2,922",60 - 70,600 - 700,Nov 2021
NEWTON GEMS,NEWTON ROAD,11,Non-landed Properties,2,"3,665",80 - 90,"900 - 1,000",Nov 2021
NEWTON GEMS,NEWTON ROAD,11,Non-landed Properties,2,"3,899",80 - 90,"900 - 1,000",Nov 2021
NEWTON GEMS,NEWTON ROAD,11,Non-landed Properties,4,"6,000",150 - 160,"1,700 - 1,800",Nov 2021
NEWTON GEMS,NEWTON ROAD,11,Non-landed Properties,3,"5,029",130 - 140,"1,400 - 1,500",Nov 2021
NEWTON GEMS,NEWTON ROAD,11,Non-landed Properties,1,"2,641",60 - 70,600 - 700,Nov 2021
NEWTON GEMS,NEWTON ROAD,11,Non-landed Properties,1,"2,735",60 - 70,600 - 700,Nov 2021
NEWTON GEMS,NEWTON ROAD,11,Non-landed Properties,3,"5,263",130 - 140,"1,400 - 1,500",Nov 2021
NEWTON GEMS,NEWTON ROAD,11,Non-landed Properties,4,"6,140",150 - 160,"1,700 - 1,800",Nov 2021
NEWTON GEMS,NEWTON ROAD,11,Non-landed Properties,4,"6,933",190 - 200,"2,000 - 2,100",Nov 2021
NEWTON GEMS,NEWTON ROAD,11,Non-landed Properties,2,"3,665",80 - 90,"900 - 1,000",Nov 2021
NEWTON GEMS,NEWTON ROAD,11,Non-landed Properties,4,"7,120",190 - 200,"2,100 - 2,200",Nov 2021
NEWTON GEMS,NEWTON ROAD,11,Non-landed Properties,4,"7,633",190 - 200,"2,000 - 2,100",Nov 2021
NEWTON GEMS,NEWTON ROAD,11,Non-landed Properties,4,"6,093",150 - 160,"1,700 - 1,800",Nov 2021
NEWTON IMPERIAL,NEWTON ROAD,11,Non-landed Properties,3,"5,500",150 - 160,"1,700 - 1,800",Feb 2021
NEWTON IMPERIAL,NEWTON ROAD,11,Non-landed Properties,3,"6,200",180 - 190,"1,900 - 2,000",Feb 2021
NEWTON IMPERIAL,NEWTON ROAD,11,Non-landed Properties,1,"3,600",130 - 140,"1,400 - 1,500",Apr 2021
NEWTON IMPERIAL,NEWTON ROAD,11,Non-landed Properties,3,"5,400",150 - 160,"1,700 - 1,800",Apr 2021
NEWTON IMPERIAL,NEWTON ROAD,11,Non-landed Properties,3,"6,000",150 - 160,"1,700 - 1,800",Apr 2021
NEWTON IMPERIAL,NEWTON ROAD,11,Non-landed Properties,3,"5,800",150 - 160,"1,700 - 1,800",Jun 2021
NEWTON IMPERIAL,NEWTON ROAD,11,Non-landed Properties,3,"6,000",180 - 190,"1,900 - 2,000",Jun 2021
NEWTON IMPERIAL,NEWTON ROAD,11,Non-landed Properties,3,"5,700",150 - 160,"1,700 - 1,800",Jun 2021
NEWTON IMPERIAL,NEWTON ROAD,11,Non-landed Properties,3,"6,000",180 - 190,"1,900 - 2,000",Jul 2021
NEWTON IMPERIAL,NEWTON ROAD,11,Non-landed Properties,3,"6,500",150 - 160,"1,700 - 1,800",Sep 2021
NEWTON IMPERIAL,NEWTON ROAD,11,Non-landed Properties,3,"6,000",150 - 160,"1,700 - 1,800",Sep 2021
NEWTON IMPERIAL,NEWTON ROAD,11,Non-landed Properties,3,"5,500",150 - 160,"1,700 - 1,800",Oct 2021
NEWTON IMPERIAL,NEWTON ROAD,11,Non-landed Properties,3,"6,400",180 - 190,"1,900 - 2,000",Oct 2021
NEWTON LODGE,NEWTON ROAD,11,Non-landed Properties,3,"3,650",150 - 160,"1,600 - 1,700",Jan 2021
NEWTON LODGE,NEWTON ROAD,11,Non-landed Properties,2,"2,400",110 - 120,"1,200 - 1,300",May 2021
NEWTON LODGE,NEWTON ROAD,11,Non-landed Properties,2,"1,900",110 - 120,"1,200 - 1,300",May 2021
NEWTON LODGE,NEWTON ROAD,11,Non-landed Properties,3,"4,200",150 - 160,"1,600 - 1,700",Oct 2021
NEWTON LODGE,NEWTON ROAD,11,Non-landed Properties,2,"3,200",110 - 120,"1,200 - 1,300",Oct 2021
NEWTON ONE,NEWTON ROAD,11,Non-landed Properties,4,"7,300",170 - 180,"1,900 - 2,000",Jan 2021
NEWTON ONE,NEWTON ROAD,11,Non-landed Properties,2,"4,900",110 - 120,"1,200 - 1,300",Jan 2021
NEWTON ONE,NEWTON ROAD,11,Non-landed Properties,3,"6,500",160 - 170,"1,800 - 1,900",Feb 2021
NEWTON ONE,NEWTON ROAD,11,Non-landed Properties,3,"21,888",540 - 550,"5,800 - 5,900",Feb 2021
NEWTON ONE,NEWTON ROAD,11,Non-landed Properties,3,"6,600",160 - 170,"1,800 - 1,900",Feb 2021
NEWTON ONE,NEWTON ROAD,11,Non-landed Properties,3,"6,200",160 - 170,"1,800 - 1,900",Mar 2021
NEWTON ONE,NEWTON ROAD,11,Non-landed Properties,2,"4,800",110 - 120,"1,200 - 1,300",Mar 2021
NEWTON ONE,NEWTON ROAD,11,Non-landed Properties,4,"7,500",170 - 180,"1,900 - 2,000",Mar 2021
NEWTON ONE,NEWTON ROAD,11,Non-landed Properties,3,"6,000",160 - 170,"1,800 - 1,900",Mar 2021
NEWTON ONE,NEWTON ROAD,11,Non-landed Properties,4,"7,050",170 - 180,"1,900 - 2,000",Apr 2021
NEWTON ONE,NEWTON ROAD,11,Non-landed Properties,4,"6,850",170 - 180,"1,900 - 2,000",Apr 2021
NEWTON ONE,NEWTON ROAD,11,Non-landed Properties,2,"5,000",110 - 120,"1,200 - 1,300",Apr 2021
NEWTON ONE,NEWTON ROAD,11,Non-landed Properties,3,"6,600",160 - 170,"1,800 - 1,900",May 2021
NEWTON ONE,NEWTON ROAD,11,Non-landed Properties,3,"5,800",160 - 170,"1,800 - 1,900",May 2021
NEWTON ONE,NEWTON ROAD,11,Non-landed Properties,3,"6,500",160 - 170,"1,800 - 1,900",Jun 2021
NEWTON ONE,NEWTON ROAD,11,Non-landed Properties,2,"4,600",110 - 120,"1,200 - 1,300",Apr 2021
NEWTON ONE,NEWTON ROAD,11,Non-landed Properties,3,"6,500",160 - 170,"1,800 - 1,900",Jul 2021
NEWTON ONE,NEWTON ROAD,11,Non-landed Properties,2,"5,150",110 - 120,"1,200 - 1,300",Jul 2021
NEWTON ONE,NEWTON ROAD,11,Non-landed Properties,2,"5,300",110 - 120,"1,200 - 1,300",Jul 2021
NEWTON ONE,NEWTON ROAD,11,Non-landed Properties,2,"4,800",110 - 120,"1,200 - 1,300",Aug 2021
NEWTON ONE,NEWTON ROAD,11,Non-landed Properties,2,"4,300",110 - 120,"1,200 - 1,300",Aug 2021
NEWTON ONE,NEWTON ROAD,11,Non-landed Properties,2,"5,000",110 - 120,"1,200 - 1,300",Aug 2021
NEWTON ONE,NEWTON ROAD,11,Non-landed Properties,4,"5,200",170 - 180,"1,900 - 2,000",Sep 2021
NEWTON ONE,NEWTON ROAD,11,Non-landed Properties,2,"5,100",110 - 120,"1,200 - 1,300",Oct 2021
NEWTON SUITES,NEWTON ROAD,11,Non-landed Properties,2,"3,300",70 - 80,700 - 800,Jan 2021
NEWTON SUITES,NEWTON ROAD,11,Non-landed Properties,3,"6,500",110 - 120,"1,200 - 1,300",Jan 2021
NEWTON SUITES,NEWTON ROAD,11,Non-landed Properties,2,"4,200",70 - 80,700 - 800,Mar 2021
NEWTON SUITES,NEWTON ROAD,11,Non-landed Properties,2,"3,600",70 - 80,700 - 800,Mar 2021
NEWTON SUITES,NEWTON ROAD,11,Non-landed Properties,2,"3,500",70 - 80,700 - 800,Mar 2021
NEWTON SUITES,NEWTON ROAD,11,Non-landed Properties,3,"5,900",110 - 120,"1,200 - 1,300",Mar 2021
NEWTON SUITES,NEWTON ROAD,11,Non-landed Properties,2,"3,000",70 - 80,700 - 800,Mar 2021
NEWTON SUITES,NEWTON ROAD,11,Non-landed Properties,2,"4,000",70 - 80,700 - 800,Apr 2021
NEWTON SUITES,NEWTON ROAD,11,Non-landed Properties,3,"6,600",110 - 120,"1,200 - 1,300",Apr 2021
NEWTON SUITES,NEWTON ROAD,11,Non-landed Properties,2,"3,300",70 - 80,700 - 800,Apr 2021
NEWTON SUITES,NEWTON ROAD,11,Non-landed Properties,2,"3,350",70 - 80,700 - 800,Apr 2021
NEWTON SUITES,NEWTON ROAD,11,Non-landed Properties,2,"3,700",70 - 80,700 - 800,Apr 2021
NEWTON SUITES,NEWTON ROAD,11,Non-landed Properties,2,"3,900",70 - 80,700 - 800,Mar 2021
NEWTON SUITES,NEWTON ROAD,11,Non-landed Properties,2,"3,500",70 - 80,700 - 800,Apr 2021
NEWTON SUITES,NEWTON ROAD,11,Non-landed Properties,2,"3,450",70 - 80,700 - 800,Apr 2021
NEWTON SUITES,NEWTON ROAD,11,Non-landed Properties,2,"3,800",70 - 80,700 - 800,May 2021
NEWTON SUITES,NEWTON ROAD,11,Non-landed Properties,2,"3,350",70 - 80,700 - 800,May 2021
NEWTON SUITES,NEWTON ROAD,11,Non-landed Properties,2,"3,400",70 - 80,700 - 800,May 2021
NEWTON SUITES,NEWTON ROAD,11,Non-landed Properties,2,"3,450",70 - 80,700 - 800,May 2021
NEWTON SUITES,NEWTON ROAD,11,Non-landed Properties,2,"4,000",70 - 80,700 - 800,Jun 2021
NEWTON SUITES,NEWTON ROAD,11,Non-landed Properties,2,"3,500",70 - 80,700 - 800,Jun 2021
NEWTON SUITES,NEWTON ROAD,11,Non-landed Properties,2,"4,150",70 - 80,700 - 800,Jun 2021
NEWTON SUITES,NEWTON ROAD,11,Non-landed Properties,3,"5,900",110 - 120,"1,200 - 1,300",Jun 2021
NEWTON SUITES,NEWTON ROAD,11,Non-landed Properties,3,"5,750",110 - 120,"1,200 - 1,300",Jun 2021
NEWTON SUITES,NEWTON ROAD,11,Non-landed Properties,2,"3,700",70 - 80,700 - 800,Jun 2021
NEWTON SUITES,NEWTON ROAD,11,Non-landed Properties,3,"5,700",110 - 120,"1,200 - 1,300",Jul 2021
NEWTON SUITES,NEWTON ROAD,11,Non-landed Properties,2,"3,500",70 - 80,700 - 800,Jul 2021
NEWTON SUITES,NEWTON ROAD,11,Non-landed Properties,3,"5,500",110 - 120,"1,200 - 1,300",Jul 2021
NEWTON SUITES,NEWTON ROAD,11,Non-landed Properties,3,"6,300",110 - 120,"1,200 - 1,300",Jul 2021
NEWTON SUITES,NEWTON ROAD,11,Non-landed Properties,2,"3,600",70 - 80,700 - 800,Jul 2021
NEWTON SUITES,NEWTON ROAD,11,Non-landed Properties,2,"3,800",70 - 80,700 - 800,Jul 2021
NEWTON SUITES,NEWTON ROAD,11,Non-landed Properties,3,"5,600",110 - 120,"1,200 - 1,300",Jul 2021
NEWTON SUITES,NEWTON ROAD,11,Non-landed Properties,3,"7,500",110 - 120,"1,200 - 1,300",Aug 2021
NEWTON SUITES,NEWTON ROAD,11,Non-landed Properties,3,"5,500",110 - 120,"1,200 - 1,300",Aug 2021
NEWTON SUITES,NEWTON ROAD,11,Non-landed Properties,2,"3,900",70 - 80,700 - 800,Aug 2021
NEWTON SUITES,NEWTON ROAD,11,Non-landed Properties,2,"3,800",70 - 80,700 - 800,Aug 2021
NEWTON SUITES,NEWTON ROAD,11,Non-landed Properties,2,"3,800",70 - 80,700 - 800,Aug 2021
NEWTON SUITES,NEWTON ROAD,11,Non-landed Properties,3,"5,700",110 - 120,"1,200 - 1,300",Aug 2021
NEWTON SUITES,NEWTON ROAD,11,Non-landed Properties,3,"5,400",110 - 120,"1,200 - 1,300",Sep 2021
NEWTON SUITES,NEWTON ROAD,11,Non-landed Properties,2,"3,700",70 - 80,700 - 800,Sep 2021
NEWTON SUITES,NEWTON ROAD,11,Non-landed Properties,2,"4,200",70 - 80,700 - 800,Sep 2021
NEWTON SUITES,NEWTON ROAD,11,Non-landed Properties,3,"5,600",110 - 120,"1,200 - 1,300",Sep 2021
NEWTON SUITES,NEWTON ROAD,11,Non-landed Properties,3,"5,400",110 - 120,"1,200 - 1,300",Oct 2021
NEWTON SUITES,NEWTON ROAD,11,Non-landed Properties,2,"3,300",70 - 80,700 - 800,Oct 2021
NEWTON SUITES,NEWTON ROAD,11,Non-landed Properties,3,"5,700",110 - 120,"1,200 - 1,300",Oct 2021
NEWTON SUITES,NEWTON ROAD,11,Non-landed Properties,2,"4,000",70 - 80,700 - 800,Oct 2021
NEWTON SUITES,NEWTON ROAD,11,Non-landed Properties,3,"6,000",110 - 120,"1,200 - 1,300",Oct 2021
NEWTON SUITES,NEWTON ROAD,11,Non-landed Properties,3,"5,500",110 - 120,"1,200 - 1,300",Oct 2021
NEWTON SUITES,NEWTON ROAD,11,Non-landed Properties,3,"5,400",110 - 120,"1,200 - 1,300",Oct 2021
NEWTON SUITES,NEWTON ROAD,11,Non-landed Properties,2,"3,800",70 - 80,700 - 800,Oct 2021
NEWTON SUITES,NEWTON ROAD,11,Non-landed Properties,2,"3,600",70 - 80,700 - 800,Nov 2021
NEWTON SUITES,NEWTON ROAD,11,Non-landed Properties,3,"5,400",110 - 120,"1,200 - 1,300",Nov 2021
NEWTON SUITES,NEWTON ROAD,11,Non-landed Properties,2,"3,750",70 - 80,700 - 800,Nov 2021
NEWTON SUITES,NEWTON ROAD,11,Non-landed Properties,3,"5,700",110 - 120,"1,200 - 1,300",Nov 2021
NEWTON SUITES,NEWTON ROAD,11,Non-landed Properties,2,"3,700",70 - 80,700 - 800,Sep 2021
NICOLE GREEN,GUILLEMARD ROAD,14,Non-landed Properties,3,"2,800",110 - 120,"1,200 - 1,300",Jan 2021
NICOLE GREEN,GUILLEMARD ROAD,14,Non-landed Properties,2,"2,400",80 - 90,"900 - 1,000",Jan 2021
NICOLE GREEN,GUILLEMARD ROAD,14,Non-landed Properties,3,"2,800",110 - 120,"1,200 - 1,300",Sep 2021
NICOLE GREEN,GUILLEMARD ROAD,14,Non-landed Properties,3,"3,000",110 - 120,"1,200 - 1,300",Nov 2021
NICON GARDENS,CHOA CHU KANG ROAD,23,Terrace House,NA,"2,650",180 - 190,"1,900 - 2,000",Feb 2021
NICON GARDENS,CHOA CHU KANG ROAD,23,Terrace House,NA,"2,900",180 - 190,"1,900 - 2,000",Sep 2021
NIM COLLECTION,NIM RISE,28,Terrace House,NA,"5,500",150 - 160,"1,600 - 1,700",Jul 2021
NIM COLLECTION,NIM RISE,28,Terrace House,NA,"5,000",150 - 160,"1,600 - 1,700",Aug 2021
NIM GARDENS,NIM ROAD,28,Non-landed Properties,3,"2,800",170 - 180,"1,800 - 1,900",Jan 2021
NIM GARDENS,NIM ROAD,28,Non-landed Properties,3,"2,600",170 - 180,"1,800 - 1,900",Jan 2021
NIM GARDENS,NIM ROAD,28,Non-landed Properties,3,"3,500",200 - 210,"2,200 - 2,300",Feb 2021
NIM GARDENS,NIM ROAD,28,Non-landed Properties,3,"2,400",170 - 180,"1,800 - 1,900",Jun 2021
NIM GARDENS,NIM ROAD,28,Non-landed Properties,3,"2,300",170 - 180,"1,800 - 1,900",Jun 2021
NIM GARDENS,NIM ROAD,28,Non-landed Properties,3,"3,100",170 - 180,"1,800 - 1,900",Aug 2021
NIM GARDENS,NIM ROAD,28,Non-landed Properties,3,"2,900",170 - 180,"1,800 - 1,900",Sep 2021
NIN RESIDENCE,PHENG GECK AVENUE,13,Non-landed Properties,1,"2,000",40 - 50,400 - 500,Jan 2021
NIN RESIDENCE,PHENG GECK AVENUE,13,Non-landed Properties,2,"2,800",80 - 90,800 - 900,Jan 2021
NIN RESIDENCE,PHENG GECK AVENUE,13,Non-landed Properties,1,"2,400",40 - 50,400 - 500,Jan 2021
NIN RESIDENCE,PHENG GECK AVENUE,13,Non-landed Properties,2,"3,650",80 - 90,"900 - 1,000",Feb 2021
NIN RESIDENCE,PHENG GECK AVENUE,13,Non-landed Properties,2,"2,800",80 - 90,"900 - 1,000",Feb 2021
NIN RESIDENCE,PHENG GECK AVENUE,13,Non-landed Properties,2,"2,700",70 - 80,800 - 900,Feb 2021
NIN RESIDENCE,PHENG GECK AVENUE,13,Non-landed Properties,3,"3,600",130 - 140,"1,400 - 1,500",Feb 2021
NIN RESIDENCE,PHENG GECK AVENUE,13,Non-landed Properties,1,"2,150",40 - 50,400 - 500,Feb 2021
NIN RESIDENCE,PHENG GECK AVENUE,13,Non-landed Properties,2,"2,600",70 - 80,800 - 900,Mar 2021
NIN RESIDENCE,PHENG GECK AVENUE,13,Non-landed Properties,1,"1,930",40 - 50,400 - 500,Mar 2021
NIN RESIDENCE,PHENG GECK AVENUE,13,Non-landed Properties,1,"2,100",40 - 50,500 - 600,Mar 2021
NIN RESIDENCE,PHENG GECK AVENUE,13,Non-landed Properties,2,"2,800",70 - 80,800 - 900,Mar 2021
NIN RESIDENCE,PHENG GECK AVENUE,13,Non-landed Properties,2,"2,600",70 - 80,800 - 900,Mar 2021
NIN RESIDENCE,PHENG GECK AVENUE,13,Non-landed Properties,1,"2,100",40 - 50,400 - 500,Mar 2021
NIN RESIDENCE,PHENG GECK AVENUE,13,Non-landed Properties,2,"2,850",80 - 90,"900 - 1,000",Mar 2021
NIN RESIDENCE,PHENG GECK AVENUE,13,Non-landed Properties,2,"2,700",80 - 90,800 - 900,Mar 2021
NIN RESIDENCE,PHENG GECK AVENUE,13,Non-landed Properties,2,"2,200",100 - 110,"1,000 - 1,100",Feb 2021
NIN RESIDENCE,PHENG GECK AVENUE,13,Non-landed Properties,2,"2,800",70 - 80,800 - 900,Apr 2021
NIN RESIDENCE,PHENG GECK AVENUE,13,Non-landed Properties,1,"2,000",40 - 50,400 - 500,Apr 2021
NIN RESIDENCE,PHENG GECK AVENUE,13,Non-landed Properties,2,"2,850",70 - 80,800 - 900,Apr 2021
NIN RESIDENCE,PHENG GECK AVENUE,13,Non-landed Properties,3,"3,600",110 - 120,"1,200 - 1,300",Apr 2021
NIN RESIDENCE,PHENG GECK AVENUE,13,Non-landed Properties,1,"2,000",40 - 50,500 - 600,Mar 2021
NIN RESIDENCE,PHENG GECK AVENUE,13,Non-landed Properties,2,"2,800",80 - 90,"900 - 1,000",Apr 2021
NIN RESIDENCE,PHENG GECK AVENUE,13,Non-landed Properties,1,"2,200",40 - 50,400 - 500,Apr 2021
NIN RESIDENCE,PHENG GECK AVENUE,13,Non-landed Properties,2,"2,800",80 - 90,"900 - 1,000",Apr 2021
NIN RESIDENCE,PHENG GECK AVENUE,13,Non-landed Properties,2,"2,800",80 - 90,800 - 900,Mar 2021
NIN RESIDENCE,PHENG GECK AVENUE,13,Non-landed Properties,1,"2,300",40 - 50,400 - 500,Apr 2021
NIN RESIDENCE,PHENG GECK AVENUE,13,Non-landed Properties,2,"2,980",70 - 80,800 - 900,Apr 2021
NIN RESIDENCE,PHENG GECK AVENUE,13,Non-landed Properties,1,"2,300",40 - 50,400 - 500,May 2021
NIN RESIDENCE,PHENG GECK AVENUE,13,Non-landed Properties,2,"2,950",70 - 80,800 - 900,May 2021
NIN RESIDENCE,PHENG GECK AVENUE,13,Non-landed Properties,2,"2,850",80 - 90,"900 - 1,000",May 2021
NIN RESIDENCE,PHENG GECK AVENUE,13,Non-landed Properties,2,"2,900",80 - 90,"900 - 1,000",Apr 2021
NIN RESIDENCE,PHENG GECK AVENUE,13,Non-landed Properties,1,"2,200",40 - 50,500 - 600,May 2021
NIN RESIDENCE,PHENG GECK AVENUE,13,Non-landed Properties,3,"3,400",110 - 120,"1,200 - 1,300",Jun 2021
NIN RESIDENCE,PHENG GECK AVENUE,13,Non-landed Properties,2,"2,200",100 - 110,"1,000 - 1,100",Jun 2021
NIN RESIDENCE,PHENG GECK AVENUE,13,Non-landed Properties,1,"2,350",40 - 50,400 - 500,Jun 2021
NIN RESIDENCE,PHENG GECK AVENUE,13,Non-landed Properties,2,"2,800",70 - 80,800 - 900,Jun 2021
NIN RESIDENCE,PHENG GECK AVENUE,13,Non-landed Properties,2,"3,200",80 - 90,"900 - 1,000",Jun 2021
NIN RESIDENCE,PHENG GECK AVENUE,13,Non-landed Properties,2,"3,200",70 - 80,800 - 900,Jun 2021
NIN RESIDENCE,PHENG GECK AVENUE,13,Non-landed Properties,2,"2,700",80 - 90,"900 - 1,000",Jun 2021
NIN RESIDENCE,PHENG GECK AVENUE,13,Non-landed Properties,3,"3,600",130 - 140,"1,400 - 1,500",Jul 2021
NIN RESIDENCE,PHENG GECK AVENUE,13,Non-landed Properties,2,"2,700",90 - 100,"900 - 1,000",Jul 2021
NIN RESIDENCE,PHENG GECK AVENUE,13,Non-landed Properties,2,"3,000",90 - 100,"1,000 - 1,100",Jul 2021
NIN RESIDENCE,PHENG GECK AVENUE,13,Non-landed Properties,1,"2,000",50 - 60,500 - 600,Jul 2021
NIN RESIDENCE,PHENG GECK AVENUE,13,Non-landed Properties,1,"2,100",40 - 50,500 - 600,Jul 2021
NIN RESIDENCE,PHENG GECK AVENUE,13,Non-landed Properties,1,"2,100",40 - 50,400 - 500,Jul 2021
NIN RESIDENCE,PHENG GECK AVENUE,13,Non-landed Properties,2,"2,900",80 - 90,800 - 900,Jul 2021
NIN RESIDENCE,PHENG GECK AVENUE,13,Non-landed Properties,2,"3,000",80 - 90,"900 - 1,000",Jun 2021
NIN RESIDENCE,PHENG GECK AVENUE,13,Non-landed Properties,2,"2,800",70 - 80,800 - 900,Jul 2021
NIN RESIDENCE,PHENG GECK AVENUE,13,Non-landed Properties,2,"3,000",80 - 90,"900 - 1,000",Jul 2021
NIN RESIDENCE,PHENG GECK AVENUE,13,Non-landed Properties,2,"3,000",80 - 90,"900 - 1,000",Jul 2021
NIN RESIDENCE,PHENG GECK AVENUE,13,Non-landed Properties,1,"1,900",40 - 50,400 - 500,Jul 2021
NIN RESIDENCE,PHENG GECK AVENUE,13,Non-landed Properties,2,"2,850",80 - 90,"900 - 1,000",Aug 2021
NIN RESIDENCE,PHENG GECK AVENUE,13,Non-landed Properties,1,"2,100",40 - 50,400 - 500,Aug 2021
NIN RESIDENCE,PHENG GECK AVENUE,13,Non-landed Properties,2,"2,700",80 - 90,"900 - 1,000",Aug 2021
NIN RESIDENCE,PHENG GECK AVENUE,13,Non-landed Properties,2,"2,600",80 - 90,"900 - 1,000",Jul 2021
NIN RESIDENCE,PHENG GECK AVENUE,13,Non-landed Properties,1,"2,050",40 - 50,400 - 500,Sep 2021
NIN RESIDENCE,PHENG GECK AVENUE,13,Non-landed Properties,2,"2,800",90 - 100,"900 - 1,000",Sep 2021
NIN RESIDENCE,PHENG GECK AVENUE,13,Non-landed Properties,2,"2,800",80 - 90,"900 - 1,000",Sep 2021
NIN RESIDENCE,PHENG GECK AVENUE,13,Non-landed Properties,2,"2,800",70 - 80,800 - 900,Sep 2021
NIN RESIDENCE,PHENG GECK AVENUE,13,Non-landed Properties,1,"2,200",40 - 50,400 - 500,Sep 2021
NIN RESIDENCE,PHENG GECK AVENUE,13,Non-landed Properties,2,"3,000",70 - 80,800 - 900,Aug 2021
NIN RESIDENCE,PHENG GECK AVENUE,13,Non-landed Properties,2,"3,000",80 - 90,"900 - 1,000",Sep 2021
NIN RESIDENCE,PHENG GECK AVENUE,13,Non-landed Properties,2,"3,200",80 - 90,"900 - 1,000",Oct 2021
NIN RESIDENCE,PHENG GECK AVENUE,13,Non-landed Properties,2,"2,950",80 - 90,"900 - 1,000",Oct 2021
NIN RESIDENCE,PHENG GECK AVENUE,13,Non-landed Properties,2,"2,725",70 - 80,800 - 900,Oct 2021
NIN RESIDENCE,PHENG GECK AVENUE,13,Non-landed Properties,3,"5,000",210 - 220,"2,200 - 2,300",Oct 2021
NIN RESIDENCE,PHENG GECK AVENUE,13,Non-landed Properties,1,"2,100",40 - 50,400 - 500,Oct 2021
NIN RESIDENCE,PHENG GECK AVENUE,13,Non-landed Properties,2,"2,680",90 - 100,"900 - 1,000",Oct 2021
NIN RESIDENCE,PHENG GECK AVENUE,13,Non-landed Properties,2,"2,600",80 - 90,"900 - 1,000",Sep 2021
NIN RESIDENCE,PHENG GECK AVENUE,13,Non-landed Properties,1,"2,200",40 - 50,400 - 500,Oct 2021
NIN RESIDENCE,PHENG GECK AVENUE,13,Non-landed Properties,1,"2,000",40 - 50,500 - 600,Oct 2021
NIN RESIDENCE,PHENG GECK AVENUE,13,Non-landed Properties,1,"2,000",40 - 50,500 - 600,Nov 2021
NIN RESIDENCE,PHENG GECK AVENUE,13,Non-landed Properties,1,"2,300",40 - 50,500 - 600,Nov 2021
NIN RESIDENCE,PHENG GECK AVENUE,13,Non-landed Properties,2,"2,800",70 - 80,800 - 900,Nov 2021
NIN RESIDENCE,PHENG GECK AVENUE,13,Non-landed Properties,3,"4,000",110 - 120,"1,200 - 1,300",Nov 2021
NIN RESIDENCE,PHENG GECK AVENUE,13,Non-landed Properties,1,"2,400",40 - 50,500 - 600,Nov 2021
NIN RESIDENCE,PHENG GECK AVENUE,13,Non-landed Properties,1,"2,500",40 - 50,400 - 500,Nov 2021
NINE RESIDENCES,YISHUN AVENUE 9,27,Non-landed Properties,2,"1,900",60 - 70,600 - 700,Jan 2021
NINE RESIDENCES,YISHUN AVENUE 9,27,Non-landed Properties,1,"2,100",50 - 60,500 - 600,Jan 2021
NINE RESIDENCES,YISHUN AVENUE 9,27,Non-landed Properties,1,"2,000",50 - 60,500 - 600,Jan 2021
NINE RESIDENCES,YISHUN AVENUE 9,27,Non-landed Properties,3,"2,550",80 - 90,"900 - 1,000",Jan 2021
NINE RESIDENCES,YISHUN AVENUE 9,27,Non-landed Properties,4,"2,700",100 - 110,"1,100 - 1,200",Jan 2021
NINE RESIDENCES,YISHUN AVENUE 9,27,Non-landed Properties,1,"1,950",50 - 60,500 - 600,Jan 2021
NINE RESIDENCES,YISHUN AVENUE 9,27,Non-landed Properties,2,"2,150",60 - 70,700 - 800,Feb 2021
NINE RESIDENCES,YISHUN AVENUE 9,27,Non-landed Properties,1,"1,900",40 - 50,400 - 500,Feb 2021
NINE RESIDENCES,YISHUN AVENUE 9,27,Non-landed Properties,2,"2,300",60 - 70,700 - 800,Feb 2021
NINE RESIDENCES,YISHUN AVENUE 9,27,Non-landed Properties,2,"2,200",60 - 70,700 - 800,Feb 2021
NINE RESIDENCES,YISHUN AVENUE 9,27,Non-landed Properties,1,"1,750",40 - 50,400 - 500,Feb 2021
NINE RESIDENCES,YISHUN AVENUE 9,27,Non-landed Properties,1,"1,850",50 - 60,500 - 600,Mar 2021
NINE RESIDENCES,YISHUN AVENUE 9,27,Non-landed Properties,2,"2,300",60 - 70,600 - 700,Mar 2021
NINE RESIDENCES,YISHUN AVENUE 9,27,Non-landed Properties,1,"2,200",50 - 60,500 - 600,Mar 2021
NINE RESIDENCES,YISHUN AVENUE 9,27,Non-landed Properties,1,"1,800",50 - 60,500 - 600,Mar 2021
NINE RESIDENCES,YISHUN AVENUE 9,27,Non-landed Properties,3,"2,600",80 - 90,"900 - 1,000",Mar 2021
NINE RESIDENCES,YISHUN AVENUE 9,27,Non-landed Properties,2,"2,100",60 - 70,700 - 800,Apr 2021
NINE RESIDENCES,YISHUN AVENUE 9,27,Non-landed Properties,2,"3,000",60 - 70,700 - 800,Apr 2021
NINE RESIDENCES,YISHUN AVENUE 9,27,Non-landed Properties,1,"2,050",50 - 60,500 - 600,Mar 2021
NINE RESIDENCES,YISHUN AVENUE 9,27,Non-landed Properties,2,"2,200",60 - 70,700 - 800,Apr 2021
NINE RESIDENCES,YISHUN AVENUE 9,27,Non-landed Properties,2,"2,800",60 - 70,600 - 700,Apr 2021
NINE RESIDENCES,YISHUN AVENUE 9,27,Non-landed Properties,1,"2,000",50 - 60,500 - 600,Apr 2021
NINE RESIDENCES,YISHUN AVENUE 9,27,Non-landed Properties,2,"2,000",60 - 70,600 - 700,May 2021
NINE RESIDENCES,YISHUN AVENUE 9,27,Non-landed Properties,2,"2,600",60 - 70,700 - 800,Jun 2021
NINE RESIDENCES,YISHUN AVENUE 9,27,Non-landed Properties,1,"1,800",50 - 60,500 - 600,Jun 2021
NINE RESIDENCES,YISHUN AVENUE 9,27,Non-landed Properties,4,"3,400",100 - 110,"1,100 - 1,200",Jun 2021
NINE RESIDENCES,YISHUN AVENUE 9,27,Non-landed Properties,3,"2,200",80 - 90,"900 - 1,000",May 2021
NINE RESIDENCES,YISHUN AVENUE 9,27,Non-landed Properties,2,"2,000",60 - 70,700 - 800,Jul 2021
NINE RESIDENCES,YISHUN AVENUE 9,27,Non-landed Properties,2,"2,200",60 - 70,600 - 700,Jul 2021
NINE RESIDENCES,YISHUN AVENUE 9,27,Non-landed Properties,2,"1,900",60 - 70,700 - 800,Jul 2021
NINE RESIDENCES,YISHUN AVENUE 9,27,Non-landed Properties,4,"3,200",100 - 110,"1,100 - 1,200",Jul 2021
NINE RESIDENCES,YISHUN AVENUE 9,27,Non-landed Properties,2,"2,100",60 - 70,700 - 800,Jul 2021
NINE RESIDENCES,YISHUN AVENUE 9,27,Non-landed Properties,1,"1,900",50 - 60,500 - 600,Jul 2021
NINE RESIDENCES,YISHUN AVENUE 9,27,Non-landed Properties,2,"2,150",60 - 70,700 - 800,Jul 2021
NINE RESIDENCES,YISHUN AVENUE 9,27,Non-landed Properties,3,"2,800",80 - 90,"900 - 1,000",Jul 2021
NINE RESIDENCES,YISHUN AVENUE 9,27,Non-landed Properties,1,"2,000",50 - 60,500 - 600,Jul 2021
NINE RESIDENCES,YISHUN AVENUE 9,27,Non-landed Properties,1,"2,000",50 - 60,500 - 600,Jun 2021
NINE RESIDENCES,YISHUN AVENUE 9,27,Non-landed Properties,3,"2,750",80 - 90,"900 - 1,000",Jul 2021
NINE RESIDENCES,YISHUN AVENUE 9,27,Terrace House,NA,"5,200",170 - 180,"1,800 - 1,900",Jul 2021
NINE RESIDENCES,YISHUN AVENUE 9,27,Non-landed Properties,2,"2,400",60 - 70,700 - 800,Aug 2021
NINE RESIDENCES,YISHUN AVENUE 9,27,Non-landed Properties,3,"3,500",90 - 100,"1,000 - 1,100",Aug 2021
NINE RESIDENCES,YISHUN AVENUE 9,27,Non-landed Properties,3,"2,500",80 - 90,"900 - 1,000",Aug 2021
NINE RESIDENCES,YISHUN AVENUE 9,27,Non-landed Properties,1,"2,000",50 - 60,500 - 600,Aug 2021
NINE RESIDENCES,YISHUN AVENUE 9,27,Non-landed Properties,1,"2,000",50 - 60,500 - 600,Aug 2021
NINE RESIDENCES,YISHUN AVENUE 9,27,Non-landed Properties,2,"2,200",60 - 70,700 - 800,Aug 2021
NINE RESIDENCES,YISHUN AVENUE 9,27,Non-landed Properties,3,"2,800",80 - 90,"900 - 1,000",Sep 2021
NINE RESIDENCES,YISHUN AVENUE 9,27,Non-landed Properties,2,"2,000",60 - 70,700 - 800,Sep 2021
NINE RESIDENCES,YISHUN AVENUE 9,27,Non-landed Properties,2,"2,500",60 - 70,700 - 800,Sep 2021
NINE RESIDENCES,YISHUN AVENUE 9,27,Non-landed Properties,2,"2,450",60 - 70,600 - 700,Sep 2021
NINE RESIDENCES,YISHUN AVENUE 9,27,Non-landed Properties,2,"2,700",60 - 70,700 - 800,Sep 2021
NINE RESIDENCES,YISHUN AVENUE 9,27,Non-landed Properties,3,"3,100",80 - 90,"900 - 1,000",Sep 2021
NINE RESIDENCES,YISHUN AVENUE 9,27,Non-landed Properties,3,"2,800",80 - 90,"900 - 1,000",Sep 2021
NINE RESIDENCES,YISHUN AVENUE 9,27,Non-landed Properties,3,"3,000",80 - 90,"900 - 1,000",Oct 2021
NINE RESIDENCES,YISHUN AVENUE 9,27,Non-landed Properties,3,"2,600",90 - 100,"900 - 1,000",Oct 2021
NINE RESIDENCES,YISHUN AVENUE 9,27,Non-landed Properties,1,"2,200",50 - 60,500 - 600,Oct 2021
NINE RESIDENCES,YISHUN AVENUE 9,27,Non-landed Properties,1,"1,800",40 - 50,400 - 500,Sep 2021
NINE RESIDENCES,YISHUN AVENUE 9,27,Non-landed Properties,2,"3,100",60 - 70,600 - 700,Oct 2021
NINE RESIDENCES,YISHUN AVENUE 9,27,Non-landed Properties,2,"2,000",60 - 70,600 - 700,Nov 2021
NINE RESIDENCES,YISHUN AVENUE 9,27,Non-landed Properties,1,"1,800",50 - 60,500 - 600,Oct 2021
NINE RESIDENCES,YISHUN AVENUE 9,27,Non-landed Properties,3,"3,400",80 - 90,"900 - 1,000",Nov 2021
NINETEEN SHELFORD ROAD,SHELFORD ROAD,11,Non-landed Properties,1,"2,500",60 - 70,600 - 700,Jan 2021
NINETEEN SHELFORD ROAD,SHELFORD ROAD,11,Non-landed Properties,1,"2,800",70 - 80,700 - 800,Jan 2021
NINETEEN SHELFORD ROAD,SHELFORD ROAD,11,Non-landed Properties,1,"2,200",60 - 70,600 - 700,Jan 2021
NINETEEN SHELFORD ROAD,SHELFORD ROAD,11,Non-landed Properties,3,"3,850",100 - 110,"1,100 - 1,200",Jan 2021
NINETEEN SHELFORD ROAD,SHELFORD ROAD,11,Non-landed Properties,1,"2,000",60 - 70,700 - 800,Jan 2021
NINETEEN SHELFORD ROAD,SHELFORD ROAD,11,Non-landed Properties,2,"2,800",80 - 90,"900 - 1,000",Feb 2021
NINETEEN SHELFORD ROAD,SHELFORD ROAD,11,Non-landed Properties,2,"2,900",80 - 90,"900 - 1,000",Feb 2021
NINETEEN SHELFORD ROAD,SHELFORD ROAD,11,Non-landed Properties,1,"2,400",60 - 70,600 - 700,Feb 2021
NINETEEN SHELFORD ROAD,SHELFORD ROAD,11,Non-landed Properties,2,"2,500",80 - 90,800 - 900,Feb 2021
NINETEEN SHELFORD ROAD,SHELFORD ROAD,11,Non-landed Properties,2,"2,600",70 - 80,800 - 900,Feb 2021
NINETEEN SHELFORD ROAD,SHELFORD ROAD,11,Non-landed Properties,3,"3,100",100 - 110,"1,100 - 1,200",Jan 2021
NINETEEN SHELFORD ROAD,SHELFORD ROAD,11,Non-landed Properties,3,"3,150",90 - 100,"1,000 - 1,100",Mar 2021
NINETEEN SHELFORD ROAD,SHELFORD ROAD,11,Non-landed Properties,2,"2,700",70 - 80,800 - 900,Mar 2021
NINETEEN SHELFORD ROAD,SHELFORD ROAD,11,Non-landed Properties,2,"2,600",80 - 90,"900 - 1,000",Mar 2021
NINETEEN SHELFORD ROAD,SHELFORD ROAD,11,Non-landed Properties,2,"2,900",80 - 90,"900 - 1,000",Mar 2021
NINETEEN SHELFORD ROAD,SHELFORD ROAD,11,Non-landed Properties,2,"3,300",80 - 90,"900 - 1,000",Mar 2021
NINETEEN SHELFORD ROAD,SHELFORD ROAD,11,Non-landed Properties,2,"3,300",80 - 90,"900 - 1,000",Mar 2021
NINETEEN SHELFORD ROAD,SHELFORD ROAD,11,Non-landed Properties,1,"2,300",50 - 60,600 - 700,Mar 2021
NINETEEN SHELFORD ROAD,SHELFORD ROAD,11,Non-landed Properties,1,"2,400",60 - 70,700 - 800,Mar 2021
NINETEEN SHELFORD ROAD,SHELFORD ROAD,11,Non-landed Properties,2,"3,000",70 - 80,800 - 900,Mar 2021
NINETEEN SHELFORD ROAD,SHELFORD ROAD,11,Non-landed Properties,1,"2,250",50 - 60,600 - 700,Apr 2021
NINETEEN SHELFORD ROAD,SHELFORD ROAD,11,Non-landed Properties,2,"2,500",80 - 90,"900 - 1,000",Apr 2021
NINETEEN SHELFORD ROAD,SHELFORD ROAD,11,Non-landed Properties,1,"2,000",50 - 60,600 - 700,Apr 2021
NINETEEN SHELFORD ROAD,SHELFORD ROAD,11,Non-landed Properties,1,"2,100",60 - 70,700 - 800,Apr 2021
NINETEEN SHELFORD ROAD,SHELFORD ROAD,11,Non-landed Properties,2,"3,200",80 - 90,"900 - 1,000",Apr 2021
NINETEEN SHELFORD ROAD,SHELFORD ROAD,11,Non-landed Properties,2,"3,200",80 - 90,"900 - 1,000",May 2021
NINETEEN SHELFORD ROAD,SHELFORD ROAD,11,Non-landed Properties,2,"2,700",70 - 80,800 - 900,May 2021
NINETEEN SHELFORD ROAD,SHELFORD ROAD,11,Non-landed Properties,2,"3,000",80 - 90,"900 - 1,000",May 2021
NINETEEN SHELFORD ROAD,SHELFORD ROAD,11,Non-landed Properties,2,"2,700",70 - 80,800 - 900,May 2021
NINETEEN SHELFORD ROAD,SHELFORD ROAD,11,Non-landed Properties,1,"2,400",70 - 80,700 - 800,May 2021
NINETEEN SHELFORD ROAD,SHELFORD ROAD,11,Non-landed Properties,2,"3,500",80 - 90,"900 - 1,000",May 2021
NINETEEN SHELFORD ROAD,SHELFORD ROAD,11,Non-landed Properties,1,"2,100",70 - 80,700 - 800,May 2021
NINETEEN SHELFORD ROAD,SHELFORD ROAD,11,Non-landed Properties,1,"2,150",70 - 80,700 - 800,May 2021
NINETEEN SHELFORD ROAD,SHELFORD ROAD,11,Non-landed Properties,3,"3,800",140 - 150,"1,500 - 1,600",May 2021
NINETEEN SHELFORD ROAD,SHELFORD ROAD,11,Non-landed Properties,2,"2,800",70 - 80,800 - 900,Jun 2021
NINETEEN SHELFORD ROAD,SHELFORD ROAD,11,Non-landed Properties,2,"3,000",80 - 90,"900 - 1,000",Jun 2021
NINETEEN SHELFORD ROAD,SHELFORD ROAD,11,Non-landed Properties,1,"2,500",60 - 70,600 - 700,Jun 2021
NINETEEN SHELFORD ROAD,SHELFORD ROAD,11,Non-landed Properties,2,"3,000",80 - 90,800 - 900,Jun 2021
NINETEEN SHELFORD ROAD,SHELFORD ROAD,11,Non-landed Properties,1,"2,400",60 - 70,600 - 700,Jun 2021
NINETEEN SHELFORD ROAD,SHELFORD ROAD,11,Non-landed Properties,1,"2,600",60 - 70,600 - 700,Jun 2021
NINETEEN SHELFORD ROAD,SHELFORD ROAD,11,Non-landed Properties,2,"3,500",80 - 90,800 - 900,Jun 2021
NINETEEN SHELFORD ROAD,SHELFORD ROAD,11,Non-landed Properties,2,"2,800",80 - 90,"900 - 1,000",Jul 2021
NINETEEN SHELFORD ROAD,SHELFORD ROAD,11,Non-landed Properties,1,"2,500",60 - 70,700 - 800,Jul 2021
NINETEEN SHELFORD ROAD,SHELFORD ROAD,11,Non-landed Properties,2,"2,800",80 - 90,800 - 900,Jul 2021
NINETEEN SHELFORD ROAD,SHELFORD ROAD,11,Non-landed Properties,2,"3,100",80 - 90,"900 - 1,000",Jul 2021
NINETEEN SHELFORD ROAD,SHELFORD ROAD,11,Non-landed Properties,2,"2,650",80 - 90,"900 - 1,000",Jul 2021
NINETEEN SHELFORD ROAD,SHELFORD ROAD,11,Non-landed Properties,1,"2,800",60 - 70,700 - 800,Jul 2021
NINETEEN SHELFORD ROAD,SHELFORD ROAD,11,Non-landed Properties,2,"2,750",80 - 90,800 - 900,Jul 2021
NINETEEN SHELFORD ROAD,SHELFORD ROAD,11,Non-landed Properties,1,"2,600",60 - 70,700 - 800,Jul 2021
NINETEEN SHELFORD ROAD,SHELFORD ROAD,11,Non-landed Properties,2,"2,900",90 - 100,"1,000 - 1,100",Jul 2021
NINETEEN SHELFORD ROAD,SHELFORD ROAD,11,Non-landed Properties,2,"2,700",80 - 90,"900 - 1,000",Jul 2021
NINETEEN SHELFORD ROAD,SHELFORD ROAD,11,Non-landed Properties,2,"3,000",80 - 90,800 - 900,Jul 2021
NINETEEN SHELFORD ROAD,SHELFORD ROAD,11,Non-landed Properties,2,"3,200",70 - 80,700 - 800,Jul 2021
NINETEEN SHELFORD ROAD,SHELFORD ROAD,11,Non-landed Properties,1,"2,600",60 - 70,600 - 700,Jul 2021
NINETEEN SHELFORD ROAD,SHELFORD ROAD,11,Non-landed Properties,2,"3,000",80 - 90,"900 - 1,000",Aug 2021
NINETEEN SHELFORD ROAD,SHELFORD ROAD,11,Non-landed Properties,2,"3,500",80 - 90,"900 - 1,000",Aug 2021
NINETEEN SHELFORD ROAD,SHELFORD ROAD,11,Non-landed Properties,2,"2,500",80 - 90,"900 - 1,000",Aug 2021
NINETEEN SHELFORD ROAD,SHELFORD ROAD,11,Non-landed Properties,2,"2,700",70 - 80,800 - 900,Aug 2021
NINETEEN SHELFORD ROAD,SHELFORD ROAD,11,Non-landed Properties,3,"4,900",160 - 170,"1,700 - 1,800",Aug 2021
NINETEEN SHELFORD ROAD,SHELFORD ROAD,11,Non-landed Properties,2,"2,900",70 - 80,800 - 900,Aug 2021
NINETEEN SHELFORD ROAD,SHELFORD ROAD,11,Non-landed Properties,2,"3,100",80 - 90,"900 - 1,000",Aug 2021
NINETEEN SHELFORD ROAD,SHELFORD ROAD,11,Non-landed Properties,2,"2,900",80 - 90,"900 - 1,000",Aug 2021
NINETEEN SHELFORD ROAD,SHELFORD ROAD,11,Non-landed Properties,1,"2,700",60 - 70,700 - 800,Aug 2021
NINETEEN SHELFORD ROAD,SHELFORD ROAD,11,Non-landed Properties,1,"2,100",50 - 60,600 - 700,Aug 2021
NINETEEN SHELFORD ROAD,SHELFORD ROAD,11,Non-landed Properties,2,"3,400",80 - 90,800 - 900,Aug 2021
NINETEEN SHELFORD ROAD,SHELFORD ROAD,11,Non-landed Properties,2,"2,600",80 - 90,800 - 900,Sep 2021
NINETEEN SHELFORD ROAD,SHELFORD ROAD,11,Non-landed Properties,2,"3,100",80 - 90,"900 - 1,000",Sep 2021
NINETEEN SHELFORD ROAD,SHELFORD ROAD,11,Non-landed Properties,3,"4,100",130 - 140,"1,300 - 1,400",Sep 2021
NINETEEN SHELFORD ROAD,SHELFORD ROAD,11,Non-landed Properties,2,"2,700",80 - 90,"900 - 1,000",Sep 2021
NINETEEN SHELFORD ROAD,SHELFORD ROAD,11,Non-landed Properties,2,"3,000",80 - 90,"900 - 1,000",Sep 2021
NINETEEN SHELFORD ROAD,SHELFORD ROAD,11,Non-landed Properties,2,"2,900",80 - 90,"900 - 1,000",Oct 2021
NINETEEN SHELFORD ROAD,SHELFORD ROAD,11,Non-landed Properties,3,"4,100",140 - 150,"1,500 - 1,600",Oct 2021
NINETEEN SHELFORD ROAD,SHELFORD ROAD,11,Non-landed Properties,1,"2,400",70 - 80,700 - 800,Oct 2021
NINETEEN SHELFORD ROAD,SHELFORD ROAD,11,Non-landed Properties,1,"2,800",60 - 70,700 - 800,Oct 2021
NINETEEN SHELFORD ROAD,SHELFORD ROAD,11,Non-landed Properties,1,"2,600",60 - 70,700 - 800,Nov 2021
NINETEEN SHELFORD ROAD,SHELFORD ROAD,11,Non-landed Properties,2,"3,100",80 - 90,"900 - 1,000",Nov 2021
NINETEEN SHELFORD ROAD,SHELFORD ROAD,11,Non-landed Properties,1,"2,350",70 - 80,700 - 800,Nov 2021
NINETEEN SHELFORD ROAD,SHELFORD ROAD,11,Non-landed Properties,1,"2,500",60 - 70,600 - 700,Nov 2021
NINETEEN SHELFORD ROAD,SHELFORD ROAD,11,Non-landed Properties,2,"3,000",80 - 90,800 - 900,Nov 2021
NINETEEN SHELFORD ROAD,SHELFORD ROAD,11,Non-landed Properties,1,"2,550",60 - 70,700 - 800,Nov 2021
NINETEEN SHELFORD ROAD,SHELFORD ROAD,11,Non-landed Properties,1,"2,300",70 - 80,700 - 800,Nov 2021
NINETEEN SHELFORD ROAD,SHELFORD ROAD,11,Non-landed Properties,1,"2,500",70 - 80,700 - 800,Nov 2021
NIVEN LOFT,NIVEN ROAD,09,Non-landed Properties,3,"5,300",190 - 200,"2,100 - 2,200",Jul 2021
NIVEN LOFT,NIVEN ROAD,09,Non-landed Properties,3,"6,000",200 - 210,"2,200 - 2,300",Aug 2021
NIVEN LOFT,NIVEN ROAD,09,Non-landed Properties,3,"6,000",200 - 210,"2,200 - 2,300",Oct 2021
NIVEN SUITES,WILKIE TERRACE,09,Non-landed Properties,1,"2,550",50 - 60,500 - 600,Jan 2021
NIVEN SUITES,WILKIE TERRACE,09,Non-landed Properties,1,"2,600",50 - 60,500 - 600,Jan 2021
NIVEN SUITES,WILKIE TERRACE,09,Non-landed Properties,1,"2,600",50 - 60,500 - 600,Jan 2021
NIVEN SUITES,WILKIE TERRACE,09,Non-landed Properties,1,"2,600",50 - 60,500 - 600,Jan 2021
NIVEN SUITES,WILKIE TERRACE,09,Non-landed Properties,2,"3,400",80 - 90,800 - 900,Feb 2021
NIVEN SUITES,WILKIE TERRACE,09,Non-landed Properties,1,"3,050",90 - 100,"1,000 - 1,100",Mar 2021
NIVEN SUITES,WILKIE TERRACE,09,Non-landed Properties,1,"2,700",50 - 60,500 - 600,May 2021
NIVEN SUITES,WILKIE TERRACE,09,Non-landed Properties,1,"2,700",50 - 60,500 - 600,May 2021
NIVEN SUITES,WILKIE TERRACE,09,Non-landed Properties,2,"3,800",120 - 130,"1,300 - 1,400",Jun 2021
NIVEN SUITES,WILKIE TERRACE,09,Non-landed Properties,1,"3,100",90 - 100,"900 - 1,000",Jun 2021
NIVEN SUITES,WILKIE TERRACE,09,Non-landed Properties,1,"2,500",40 - 50,400 - 500,Jun 2021
NIVEN SUITES,WILKIE TERRACE,09,Non-landed Properties,1,"2,700",50 - 60,500 - 600,Jul 2021
NIVEN SUITES,WILKIE TERRACE,09,Non-landed Properties,1,"2,700",50 - 60,500 - 600,Aug 2021
NIVEN SUITES,WILKIE TERRACE,09,Non-landed Properties,1,"2,700",50 - 60,500 - 600,Sep 2021
NIVEN SUITES,WILKIE TERRACE,09,Non-landed Properties,1,"2,400",40 - 50,400 - 500,Oct 2021
NIVEN SUITES,WILKIE TERRACE,09,Non-landed Properties,1,"2,700",50 - 60,500 - 600,Oct 2021
NOMU,HANDY ROAD,09,Non-landed Properties,1,"3,000",40 - 50,400 - 500,Feb 2021
NOMU,HANDY ROAD,09,Non-landed Properties,2,"2,800",60 - 70,600 - 700,Feb 2021
NOMU,HANDY ROAD,09,Non-landed Properties,3,"5,000",100 - 110,"1,100 - 1,200",Feb 2021
NOMU,HANDY ROAD,09,Non-landed Properties,1,"2,950",40 - 50,400 - 500,Mar 2021
NOMU,HANDY ROAD,09,Non-landed Properties,3,"5,500",120 - 130,"1,300 - 1,400",Mar 2021
NOMU,HANDY ROAD,09,Non-landed Properties,2,"3,200",60 - 70,700 - 800,May 2021
NOMU,HANDY ROAD,09,Non-landed Properties,1,"2,500",40 - 50,400 - 500,May 2021
NOMU,HANDY ROAD,09,Non-landed Properties,1,"3,000",60 - 70,700 - 800,Apr 2021
NOMU,HANDY ROAD,09,Non-landed Properties,1,"2,800",50 - 60,500 - 600,Jun 2021
NOMU,HANDY ROAD,09,Non-landed Properties,1,"2,600",40 - 50,400 - 500,Jun 2021
NOMU,HANDY ROAD,09,Non-landed Properties,1,"3,200",60 - 70,700 - 800,Jul 2021
NOMU,HANDY ROAD,09,Non-landed Properties,1,"2,700",50 - 60,600 - 700,Jul 2021
NOMU,HANDY ROAD,09,Non-landed Properties,1,"2,800",40 - 50,400 - 500,Jul 2021
NOMU,HANDY ROAD,09,Non-landed Properties,2,"6,500",110 - 120,"1,200 - 1,300",Aug 2021
NOMU,HANDY ROAD,09,Non-landed Properties,2,"2,900",60 - 70,600 - 700,Aug 2021
NOMU,HANDY ROAD,09,Non-landed Properties,2,"3,800",80 - 90,"900 - 1,000",Aug 2021
NOMU,HANDY ROAD,09,Non-landed Properties,3,"6,000",120 - 130,"1,300 - 1,400",Aug 2021
NOMU,HANDY ROAD,09,Non-landed Properties,3,"5,500",110 - 120,"1,200 - 1,300",Oct 2021
NOMU,HANDY ROAD,09,Non-landed Properties,1,"2,600",40 - 50,400 - 500,Oct 2021
NOMU,HANDY ROAD,09,Non-landed Properties,3,"5,300",120 - 130,"1,300 - 1,400",Oct 2021
NOMU,HANDY ROAD,09,Non-landed Properties,2,"3,400",70 - 80,700 - 800,Nov 2021
NOMU,HANDY ROAD,09,Non-landed Properties,3,"5,100",100 - 110,"1,100 - 1,200",Oct 2021
NORTH PARK RESIDENCES,YISHUN CENTRAL 1,27,Non-landed Properties,3,"3,750",70 - 80,800 - 900,Jan 2021
NORTH PARK RESIDENCES,YISHUN CENTRAL 1,27,Non-landed Properties,2,"2,700",60 - 70,700 - 800,Jan 2021
NORTH PARK RESIDENCES,YISHUN CENTRAL 1,27,Non-landed Properties,1,"2,500",50 - 60,500 - 600,Jan 2021
NORTH PARK RESIDENCES,YISHUN CENTRAL 1,27,Non-landed Properties,2,"2,100",50 - 60,600 - 700,Jan 2021
NORTH PARK RESIDENCES,YISHUN CENTRAL 1,27,Non-landed Properties,2,"2,150",50 - 60,600 - 700,Jan 2021
NORTH PARK RESIDENCES,YISHUN CENTRAL 1,27,Non-landed Properties,NA,"1,900",40 - 50,400 - 500,Jan 2021
NORTH PARK RESIDENCES,YISHUN CENTRAL 1,27,Non-landed Properties,4,"5,000",110 - 120,"1,200 - 1,300",Jan 2021
NORTH PARK RESIDENCES,YISHUN CENTRAL 1,27,Non-landed Properties,1,"2,250",60 - 70,600 - 700,Jan 2021
NORTH PARK RESIDENCES,YISHUN CENTRAL 1,27,Non-landed Properties,NA,"1,600",40 - 50,400 - 500,Jan 2021
NORTH PARK RESIDENCES,YISHUN CENTRAL 1,27,Non-landed Properties,1,"2,200",50 - 60,500 - 600,Jan 2021
NORTH PARK RESIDENCES,YISHUN CENTRAL 1,27,Non-landed Properties,2,"1,300",50 - 60,600 - 700,Jan 2021
NORTH PARK RESIDENCES,YISHUN CENTRAL 1,27,Non-landed Properties,2,"2,600",60 - 70,600 - 700,Jan 2021
NORTH PARK RESIDENCES,YISHUN CENTRAL 1,27,Non-landed Properties,1,"2,350",50 - 60,500 - 600,Jan 2021
NORTH PARK RESIDENCES,YISHUN CENTRAL 1,27,Non-landed Properties,2,"2,600",70 - 80,700 - 800,Jan 2021
NORTH PARK RESIDENCES,YISHUN CENTRAL 1,27,Non-landed Properties,3,"3,950",100 - 110,"1,100 - 1,200",Jan 2021
NORTH PARK RESIDENCES,YISHUN CENTRAL 1,27,Non-landed Properties,1,"2,250",50 - 60,500 - 600,Jan 2021
NORTH PARK RESIDENCES,YISHUN CENTRAL 1,27,Non-landed Properties,1,"2,400",50 - 60,500 - 600,Jan 2021
NORTH PARK RESIDENCES,YISHUN CENTRAL 1,27,Non-landed Properties,2,"2,800",70 - 80,700 - 800,Jan 2021
NORTH PARK RESIDENCES,YISHUN CENTRAL 1,27,Non-landed Properties,2,"2,400",50 - 60,600 - 700,Jan 2021
NORTH PARK RESIDENCES,YISHUN CENTRAL 1,27,Non-landed Properties,NA,"2,100",40 - 50,400 - 500,Jan 2021
NORTH PARK RESIDENCES,YISHUN CENTRAL 1,27,Non-landed Properties,2,"3,000",60 - 70,600 - 700,Jan 2021
NORTH PARK RESIDENCES,YISHUN CENTRAL 1,27,Non-landed Properties,NA,"2,100",50 - 60,500 - 600,Jan 2021
NORTH PARK RESIDENCES,YISHUN CENTRAL 1,27,Non-landed Properties,2,"2,800",60 - 70,600 - 700,Jan 2021
NORTH PARK RESIDENCES,YISHUN CENTRAL 1,27,Non-landed Properties,3,"4,100",80 - 90,800 - 900,Feb 2021
NORTH PARK RESIDENCES,YISHUN CENTRAL 1,27,Non-landed Properties,1,"2,200",50 - 60,500 - 600,Feb 2021
NORTH PARK RESIDENCES,YISHUN CENTRAL 1,27,Non-landed Properties,2,"2,400",50 - 60,600 - 700,Feb 2021
NORTH PARK RESIDENCES,YISHUN CENTRAL 1,27,Non-landed Properties,2,"2,600",60 - 70,600 - 700,Feb 2021
NORTH PARK RESIDENCES,YISHUN CENTRAL 1,27,Non-landed Properties,1,"2,300",50 - 60,500 - 600,Feb 2021
NORTH PARK RESIDENCES,YISHUN CENTRAL 1,27,Non-landed Properties,2,"2,600",60 - 70,700 - 800,Feb 2021
NORTH PARK RESIDENCES,YISHUN CENTRAL 1,27,Non-landed Properties,NA,"2,000",40 - 50,400 - 500,Feb 2021
NORTH PARK RESIDENCES,YISHUN CENTRAL 1,27,Non-landed Properties,1,"2,150",50 - 60,500 - 600,Feb 2021
NORTH PARK RESIDENCES,YISHUN CENTRAL 1,27,Non-landed Properties,NA,"1,800",40 - 50,400 - 500,Feb 2021
NORTH PARK RESIDENCES,YISHUN CENTRAL 1,27,Non-landed Properties,1,"2,000",50 - 60,500 - 600,Feb 2021
NORTH PARK RESIDENCES,YISHUN CENTRAL 1,27,Non-landed Properties,1,"2,600",50 - 60,500 - 600,Feb 2021
NORTH PARK RESIDENCES,YISHUN CENTRAL 1,27,Non-landed Properties,2,"2,800",60 - 70,700 - 800,Feb 2021
NORTH PARK RESIDENCES,YISHUN CENTRAL 1,27,Non-landed Properties,NA,"2,000",40 - 50,400 - 500,Feb 2021
NORTH PARK RESIDENCES,YISHUN CENTRAL 1,27,Non-landed Properties,2,"2,250",50 - 60,600 - 700,Feb 2021
NORTH PARK RESIDENCES,YISHUN CENTRAL 1,27,Non-landed Properties,3,"3,500",80 - 90,"900 - 1,000",Feb 2021
NORTH PARK RESIDENCES,YISHUN CENTRAL 1,27,Non-landed Properties,2,"1,850",50 - 60,600 - 700,Feb 2021
NORTH PARK RESIDENCES,YISHUN CENTRAL 1,27,Non-landed Properties,1,"2,200",50 - 60,500 - 600,Feb 2021
NORTH PARK RESIDENCES,YISHUN CENTRAL 1,27,Non-landed Properties,NA,"1,950",40 - 50,400 - 500,Feb 2021
NORTH PARK RESIDENCES,YISHUN CENTRAL 1,27,Non-landed Properties,3,"3,550",90 - 100,"1,000 - 1,100",Mar 2021
NORTH PARK RESIDENCES,YISHUN CENTRAL 1,27,Non-landed Properties,2,"2,600",60 - 70,700 - 800,Mar 2021
NORTH PARK RESIDENCES,YISHUN CENTRAL 1,27,Non-landed Properties,2,"2,400",50 - 60,600 - 700,Mar 2021
NORTH PARK RESIDENCES,YISHUN CENTRAL 1,27,Non-landed Properties,2,"2,400",60 - 70,600 - 700,Mar 2021
NORTH PARK RESIDENCES,YISHUN CENTRAL 1,27,Non-landed Properties,3,"3,600",70 - 80,800 - 900,Mar 2021
NORTH PARK RESIDENCES,YISHUN CENTRAL 1,27,Non-landed Properties,NA,"2,000",40 - 50,400 - 500,Mar 2021
NORTH PARK RESIDENCES,YISHUN CENTRAL 1,27,Non-landed Properties,1,"2,200",50 - 60,500 - 600,Mar 2021
NORTH PARK RESIDENCES,YISHUN CENTRAL 1,27,Non-landed Properties,NA,"1,800",40 - 50,400 - 500,Mar 2021
NORTH PARK RESIDENCES,YISHUN CENTRAL 1,27,Non-landed Properties,NA,"1,900",40 - 50,400 - 500,Mar 2021
NORTH PARK RESIDENCES,YISHUN CENTRAL 1,27,Non-landed Properties,NA,"2,000",50 - 60,500 - 600,Mar 2021
NORTH PARK RESIDENCES,YISHUN CENTRAL 1,27,Non-landed Properties,3,"3,300",80 - 90,800 - 900,Mar 2021
NORTH PARK RESIDENCES,YISHUN CENTRAL 1,27,Non-landed Properties,2,"2,400",50 - 60,600 - 700,Mar 2021
NORTH PARK RESIDENCES,YISHUN CENTRAL 1,27,Non-landed Properties,2,"2,750",80 - 90,800 - 900,Mar 2021
NORTH PARK RESIDENCES,YISHUN CENTRAL 1,27,Non-landed Properties,2,"3,000",80 - 90,"900 - 1,000",Mar 2021
NORTH PARK RESIDENCES,YISHUN CENTRAL 1,27,Non-landed Properties,NA,"1,800",40 - 50,400 - 500,Feb 2021
NORTH PARK RESIDENCES,YISHUN CENTRAL 1,27,Non-landed Properties,2,"2,800",80 - 90,800 - 900,Mar 2021
NORTH PARK RESIDENCES,YISHUN CENTRAL 1,27,Non-landed Properties,2,"2,800",70 - 80,700 - 800,Mar 2021
NORTH PARK RESIDENCES,YISHUN CENTRAL 1,27,Non-landed Properties,2,"3,000",80 - 90,800 - 900,Mar 2021
NORTH PARK RESIDENCES,YISHUN CENTRAL 1,27,Non-landed Properties,2,"2,800",50 - 60,600 - 700,Mar 2021
NORTH PARK RESIDENCES,YISHUN CENTRAL 1,27,Non-landed Properties,2,"2,380",60 - 70,600 - 700,Mar 2021
NORTH PARK RESIDENCES,YISHUN CENTRAL 1,27,Non-landed Properties,2,"1,900",50 - 60,600 - 700,Mar 2021
NORTH PARK RESIDENCES,YISHUN CENTRAL 1,27,Non-landed Properties,2,"2,500",60 - 70,600 - 700,Mar 2021
NORTH PARK RESIDENCES,YISHUN CENTRAL 1,27,Non-landed Properties,NA,"1,800",40 - 50,400 - 500,Mar 2021
NORTH PARK RESIDENCES,YISHUN CENTRAL 1,27,Non-landed Properties,3,"2,400",90 - 100,"900 - 1,000",Mar 2021
NORTH PARK RESIDENCES,YISHUN CENTRAL 1,27,Non-landed Properties,NA,"2,000",40 - 50,400 - 500,Mar 2021
NORTH PARK RESIDENCES,YISHUN CENTRAL 1,27,Non-landed Properties,3,"1,700",90 - 100,"900 - 1,000",Mar 2021
NORTH PARK RESIDENCES,YISHUN CENTRAL 1,27,Non-landed Properties,2,"2,800",60 - 70,700 - 800,Apr 2021
NORTH PARK RESIDENCES,YISHUN CENTRAL 1,27,Non-landed Properties,2,"2,500",60 - 70,600 - 700,Apr 2021
NORTH PARK RESIDENCES,YISHUN CENTRAL 1,27,Non-landed Properties,2,"2,600",60 - 70,600 - 700,Apr 2021
NORTH PARK RESIDENCES,YISHUN CENTRAL 1,27,Non-landed Properties,1,"2,200",50 - 60,500 - 600,Apr 2021
NORTH PARK RESIDENCES,YISHUN CENTRAL 1,27,Non-landed Properties,NA,"1,800",40 - 50,400 - 500,Apr 2021
NORTH PARK RESIDENCES,YISHUN CENTRAL 1,27,Non-landed Properties,2,"2,400",60 - 70,700 - 800,Apr 2021
NORTH PARK RESIDENCES,YISHUN CENTRAL 1,27,Non-landed Properties,2,"2,300",60 - 70,700 - 800,Apr 2021
NORTH PARK RESIDENCES,YISHUN CENTRAL 1,27,Non-landed Properties,NA,"2,000",40 - 50,400 - 500,Apr 2021
NORTH PARK RESIDENCES,YISHUN CENTRAL 1,27,Non-landed Properties,2,"2,400",60 - 70,600 - 700,Apr 2021
NORTH PARK RESIDENCES,YISHUN CENTRAL 1,27,Non-landed Properties,NA,"1,800",40 - 50,400 - 500,Apr 2021
NORTH PARK RESIDENCES,YISHUN CENTRAL 1,27,Non-landed Properties,NA,"1,960",40 - 50,400 - 500,Apr 2021
NORTH PARK RESIDENCES,YISHUN CENTRAL 1,27,Non-landed Properties,1,"2,350",50 - 60,500 - 600,Apr 2021
NORTH PARK RESIDENCES,YISHUN CENTRAL 1,27,Non-landed Properties,NA,"2,000",40 - 50,400 - 500,Apr 2021
NORTH PARK RESIDENCES,YISHUN CENTRAL 1,27,Non-landed Properties,2,"2,500",70 - 80,700 - 800,Apr 2021
NORTH PARK RESIDENCES,YISHUN CENTRAL 1,27,Non-landed Properties,3,"3,800",90 - 100,"900 - 1,000",Apr 2021
NORTH PARK RESIDENCES,YISHUN CENTRAL 1,27,Non-landed Properties,2,"2,200",60 - 70,600 - 700,Apr 2021
NORTH PARK RESIDENCES,YISHUN CENTRAL 1,27,Non-landed Properties,NA,"2,000",40 - 50,400 - 500,Apr 2021
NORTH PARK RESIDENCES,YISHUN CENTRAL 1,27,Non-landed Properties,NA,"1,800",40 - 50,400 - 500,Apr 2021
NORTH PARK RESIDENCES,YISHUN CENTRAL 1,27,Non-landed Properties,3,"3,850",100 - 110,"1,100 - 1,200",Apr 2021
NORTH PARK RESIDENCES,YISHUN CENTRAL 1,27,Non-landed Properties,2,"2,400",60 - 70,600 - 700,Apr 2021
NORTH PARK RESIDENCES,YISHUN CENTRAL 1,27,Non-landed Properties,NA,"2,050",40 - 50,400 - 500,Apr 2021
NORTH PARK RESIDENCES,YISHUN CENTRAL 1,27,Non-landed Properties,2,"2,500",50 - 60,600 - 700,Apr 2021
NORTH PARK RESIDENCES,YISHUN CENTRAL 1,27,Non-landed Properties,3,"3,600",70 - 80,800 - 900,Apr 2021
NORTH PARK RESIDENCES,YISHUN CENTRAL 1,27,Non-landed Properties,2,"2,650",70 - 80,700 - 800,Mar 2021
NORTH PARK RESIDENCES,YISHUN CENTRAL 1,27,Non-landed Properties,1,"2,200",50 - 60,500 - 600,Apr 2021
NORTH PARK RESIDENCES,YISHUN CENTRAL 1,27,Non-landed Properties,NA,"1,700",40 - 50,400 - 500,Apr 2021
NORTH PARK RESIDENCES,YISHUN CENTRAL 1,27,Non-landed Properties,2,"2,600",60 - 70,600 - 700,Apr 2021
NORTH PARK RESIDENCES,YISHUN CENTRAL 1,27,Non-landed Properties,2,"2,500",60 - 70,600 - 700,Mar 2021
NORTH PARK RESIDENCES,YISHUN CENTRAL 1,27,Non-landed Properties,3,"3,000",90 - 100,"1,000 - 1,100",Apr 2021
NORTH PARK RESIDENCES,YISHUN CENTRAL 1,27,Non-landed Properties,2,"2,350",60 - 70,600 - 700,Apr 2021
NORTH PARK RESIDENCES,YISHUN CENTRAL 1,27,Non-landed Properties,3,"3,400",90 - 100,"900 - 1,000",Apr 2021
NORTH PARK RESIDENCES,YISHUN CENTRAL 1,27,Non-landed Properties,3,"3,450",70 - 80,800 - 900,Apr 2021
NORTH PARK RESIDENCES,YISHUN CENTRAL 1,27,Non-landed Properties,4,"3,700",90 - 100,"1,000 - 1,100",Apr 2021
NORTH PARK RESIDENCES,YISHUN CENTRAL 1,27,Non-landed Properties,NA,"2,500",40 - 50,400 - 500,Apr 2021
NORTH PARK RESIDENCES,YISHUN CENTRAL 1,27,Non-landed Properties,2,"2,400",60 - 70,600 - 700,May 2021
NORTH PARK RESIDENCES,YISHUN CENTRAL 1,27,Non-landed Properties,2,"2,450",60 - 70,700 - 800,May 2021
NORTH PARK RESIDENCES,YISHUN CENTRAL 1,27,Non-landed Properties,1,"2,300",50 - 60,500 - 600,May 2021
NORTH PARK RESIDENCES,YISHUN CENTRAL 1,27,Non-landed Properties,1,"2,200",50 - 60,500 - 600,May 2021
NORTH PARK RESIDENCES,YISHUN CENTRAL 1,27,Non-landed Properties,2,"2,600",60 - 70,700 - 800,May 2021
NORTH PARK RESIDENCES,YISHUN CENTRAL 1,27,Non-landed Properties,1,"2,400",50 - 60,500 - 600,May 2021
NORTH PARK RESIDENCES,YISHUN CENTRAL 1,27,Non-landed Properties,2,"2,500",60 - 70,600 - 700,May 2021
NORTH PARK RESIDENCES,YISHUN CENTRAL 1,27,Non-landed Properties,NA,"1,750",40 - 50,400 - 500,May 2021
NORTH PARK RESIDENCES,YISHUN CENTRAL 1,27,Non-landed Properties,4,"3,700",90 - 100,"1,000 - 1,100",May 2021
NORTH PARK RESIDENCES,YISHUN CENTRAL 1,27,Non-landed Properties,1,"1,900",50 - 60,500 - 600,May 2021
NORTH PARK RESIDENCES,YISHUN CENTRAL 1,27,Non-landed Properties,3,"3,650",100 - 110,"1,100 - 1,200",May 2021
NORTH PARK RESIDENCES,YISHUN CENTRAL 1,27,Non-landed Properties,NA,"1,700",40 - 50,400 - 500,May 2021
NORTH PARK RESIDENCES,YISHUN CENTRAL 1,27,Non-landed Properties,2,"3,100",80 - 90,800 - 900,May 2021
NORTH PARK RESIDENCES,YISHUN CENTRAL 1,27,Non-landed Properties,2,"2,600",70 - 80,700 - 800,May 2021
NORTH PARK RESIDENCES,YISHUN CENTRAL 1,27,Non-landed Properties,2,"2,700",60 - 70,600 - 700,May 2021
NORTH PARK RESIDENCES,YISHUN CENTRAL 1,27,Non-landed Properties,1,"2,600",50 - 60,500 - 600,May 2021
NORTH PARK RESIDENCES,YISHUN CENTRAL 1,27,Non-landed Properties,3,"3,350",80 - 90,800 - 900,May 2021
NORTH PARK RESIDENCES,YISHUN CENTRAL 1,27,Non-landed Properties,2,"2,500",60 - 70,600 - 700,May 2021
NORTH PARK RESIDENCES,YISHUN CENTRAL 1,27,Non-landed Properties,2,"2,800",60 - 70,700 - 800,May 2021
NORTH PARK RESIDENCES,YISHUN CENTRAL 1,27,Non-landed Properties,2,"2,750",70 - 80,700 - 800,May 2021
NORTH PARK RESIDENCES,YISHUN CENTRAL 1,27,Non-landed Properties,2,"3,000",60 - 70,600 - 700,May 2021
NORTH PARK RESIDENCES,YISHUN CENTRAL 1,27,Non-landed Properties,NA,"2,100",40 - 50,400 - 500,May 2021
NORTH PARK RESIDENCES,YISHUN CENTRAL 1,27,Non-landed Properties,NA,"2,200",40 - 50,400 - 500,May 2021
NORTH PARK RESIDENCES,YISHUN CENTRAL 1,27,Non-landed Properties,NA,"1,800",40 - 50,400 - 500,May 2021
NORTH PARK RESIDENCES,YISHUN CENTRAL 1,27,Non-landed Properties,2,"2,550",60 - 70,600 - 700,May 2021
NORTH PARK RESIDENCES,YISHUN CENTRAL 1,27,Non-landed Properties,1,"2,600",60 - 70,600 - 700,May 2021
NORTH PARK RESIDENCES,YISHUN CENTRAL 1,27,Non-landed Properties,2,"2,300",50 - 60,600 - 700,May 2021
NORTH PARK RESIDENCES,YISHUN CENTRAL 1,27,Non-landed Properties,2,"2,000",50 - 60,600 - 700,May 2021
NORTH PARK RESIDENCES,YISHUN CENTRAL 1,27,Non-landed Properties,3,"4,000",70 - 80,800 - 900,May 2021
NORTH PARK RESIDENCES,YISHUN CENTRAL 1,27,Non-landed Properties,NA,"1,800",40 - 50,400 - 500,May 2021
NORTH PARK RESIDENCES,YISHUN CENTRAL 1,27,Non-landed Properties,2,"2,900",60 - 70,700 - 800,May 2021
NORTH PARK RESIDENCES,YISHUN CENTRAL 1,27,Non-landed Properties,1,"2,300",50 - 60,500 - 600,May 2021
NORTH PARK RESIDENCES,YISHUN CENTRAL 1,27,Non-landed Properties,NA,"1,900",40 - 50,400 - 500,May 2021
NORTH PARK RESIDENCES,YISHUN CENTRAL 1,27,Non-landed Properties,2,"2,950",70 - 80,700 - 800,May 2021
NORTH PARK RESIDENCES,YISHUN CENTRAL 1,27,Non-landed Properties,2,"2,800",60 - 70,600 - 700,May 2021
NORTH PARK RESIDENCES,YISHUN CENTRAL 1,27,Non-landed Properties,2,"2,800",70 - 80,700 - 800,May 2021
NORTH PARK RESIDENCES,YISHUN CENTRAL 1,27,Non-landed Properties,3,"3,600",70 - 80,800 - 900,May 2021
NORTH PARK RESIDENCES,YISHUN CENTRAL 1,27,Non-landed Properties,NA,"2,200",40 - 50,400 - 500,May 2021
NORTH PARK RESIDENCES,YISHUN CENTRAL 1,27,Non-landed Properties,NA,"1,900",40 - 50,400 - 500,May 2021
NORTH PARK RESIDENCES,YISHUN CENTRAL 1,27,Non-landed Properties,1,"2,100",50 - 60,500 - 600,Jun 2021
NORTH PARK RESIDENCES,YISHUN CENTRAL 1,27,Non-landed Properties,2,"2,350",60 - 70,600 - 700,Jun 2021
NORTH PARK RESIDENCES,YISHUN CENTRAL 1,27,Non-landed Properties,NA,"2,050",40 - 50,400 - 500,Jun 2021
NORTH PARK RESIDENCES,YISHUN CENTRAL 1,27,Non-landed Properties,NA,"2,000",40 - 50,400 - 500,Jun 2021
NORTH PARK RESIDENCES,YISHUN CENTRAL 1,27,Non-landed Properties,NA,"1,800",40 - 50,400 - 500,Jun 2021
NORTH PARK RESIDENCES,YISHUN CENTRAL 1,27,Non-landed Properties,1,"2,200",50 - 60,500 - 600,Jun 2021
NORTH PARK RESIDENCES,YISHUN CENTRAL 1,27,Non-landed Properties,NA,"2,000",40 - 50,400 - 500,Jun 2021
NORTH PARK RESIDENCES,YISHUN CENTRAL 1,27,Non-landed Properties,NA,"1,850",40 - 50,400 - 500,Jun 2021
NORTH PARK RESIDENCES,YISHUN CENTRAL 1,27,Non-landed Properties,2,"2,600",60 - 70,700 - 800,Jun 2021
NORTH PARK RESIDENCES,YISHUN CENTRAL 1,27,Non-landed Properties,1,"2,250",50 - 60,500 - 600,Jun 2021
NORTH PARK RESIDENCES,YISHUN CENTRAL 1,27,Non-landed Properties,3,"3,200",70 - 80,800 - 900,Jun 2021
NORTH PARK RESIDENCES,YISHUN CENTRAL 1,27,Non-landed Properties,NA,"1,850",40 - 50,400 - 500,Jun 2021
NORTH PARK RESIDENCES,YISHUN CENTRAL 1,27,Non-landed Properties,NA,"2,200",40 - 50,400 - 500,Jun 2021
NORTH PARK RESIDENCES,YISHUN CENTRAL 1,27,Non-landed Properties,NA,"2,200",40 - 50,400 - 500,Jun 2021
NORTH PARK RESIDENCES,YISHUN CENTRAL 1,27,Non-landed Properties,NA,"1,700",40 - 50,400 - 500,Jun 2021
NORTH PARK RESIDENCES,YISHUN CENTRAL 1,27,Non-landed Properties,2,"2,700",80 - 90,"900 - 1,000",Jun 2021
NORTH PARK RESIDENCES,YISHUN CENTRAL 1,27,Non-landed Properties,2,"2,900",60 - 70,600 - 700,Jun 2021
NORTH PARK RESIDENCES,YISHUN CENTRAL 1,27,Non-landed Properties,NA,"1,750",40 - 50,400 - 500,Jun 2021
NORTH PARK RESIDENCES,YISHUN CENTRAL 1,27,Non-landed Properties,2,"2,900",60 - 70,600 - 700,Jun 2021
NORTH PARK RESIDENCES,YISHUN CENTRAL 1,27,Non-landed Properties,2,"2,950",80 - 90,800 - 900,Jun 2021
NORTH PARK RESIDENCES,YISHUN CENTRAL 1,27,Non-landed Properties,3,"3,000",70 - 80,800 - 900,Jun 2021
NORTH PARK RESIDENCES,YISHUN CENTRAL 1,27,Non-landed Properties,2,"2,200",60 - 70,600 - 700,Jun 2021
NORTH PARK RESIDENCES,YISHUN CENTRAL 1,27,Non-landed Properties,1,"2,300",50 - 60,500 - 600,Jun 2021
NORTH PARK RESIDENCES,YISHUN CENTRAL 1,27,Non-landed Properties,2,"2,600",70 - 80,700 - 800,Jun 2021
NORTH PARK RESIDENCES,YISHUN CENTRAL 1,27,Non-landed Properties,2,"2,700",70 - 80,700 - 800,Jun 2021
NORTH PARK RESIDENCES,YISHUN CENTRAL 1,27,Non-landed Properties,2,"2,800",60 - 70,600 - 700,Jun 2021
NORTH PARK RESIDENCES,YISHUN CENTRAL 1,27,Non-landed Properties,2,"2,300",60 - 70,600 - 700,Jun 2021
NORTH PARK RESIDENCES,YISHUN CENTRAL 1,27,Non-landed Properties,2,"2,500",50 - 60,600 - 700,Jun 2021
NORTH PARK RESIDENCES,YISHUN CENTRAL 1,27,Non-landed Properties,3,"3,500",70 - 80,800 - 900,Jun 2021
NORTH PARK RESIDENCES,YISHUN CENTRAL 1,27,Non-landed Properties,3,"3,500",100 - 110,"1,000 - 1,100",May 2021
NORTH PARK RESIDENCES,YISHUN CENTRAL 1,27,Non-landed Properties,NA,"1,800",40 - 50,400 - 500,Jun 2021
NORTH PARK RESIDENCES,YISHUN CENTRAL 1,27,Non-landed Properties,2,"2,800",80 - 90,"900 - 1,000",Jun 2021
NORTH PARK RESIDENCES,YISHUN CENTRAL 1,27,Non-landed Properties,2,"2,400",50 - 60,600 - 700,Jun 2021
NORTH PARK RESIDENCES,YISHUN CENTRAL 1,27,Non-landed Properties,2,"2,300",60 - 70,700 - 800,Jul 2021
NORTH PARK RESIDENCES,YISHUN CENTRAL 1,27,Non-landed Properties,3,"3,800",100 - 110,"1,000 - 1,100",Jul 2021
NORTH PARK RESIDENCES,YISHUN CENTRAL 1,27,Non-landed Properties,3,"3,400",90 - 100,"900 - 1,000",Jul 2021
NORTH PARK RESIDENCES,YISHUN CENTRAL 1,27,Non-landed Properties,3,"3,000",70 - 80,800 - 900,Jul 2021
NORTH PARK RESIDENCES,YISHUN CENTRAL 1,27,Non-landed Properties,2,"2,500",60 - 70,600 - 700,Jul 2021
NORTH PARK RESIDENCES,YISHUN CENTRAL 1,27,Non-landed Properties,1,"2,325",50 - 60,500 - 600,Jul 2021
NORTH PARK RESIDENCES,YISHUN CENTRAL 1,27,Non-landed Properties,2,"2,050",50 - 60,600 - 700,Jul 2021
NORTH PARK RESIDENCES,YISHUN CENTRAL 1,27,Non-landed Properties,3,"2,750",100 - 110,"1,100 - 1,200",Jul 2021
NORTH PARK RESIDENCES,YISHUN CENTRAL 1,27,Non-landed Properties,NA,"1,900",40 - 50,400 - 500,Jul 2021
NORTH PARK RESIDENCES,YISHUN CENTRAL 1,27,Non-landed Properties,2,"2,100",60 - 70,600 - 700,Jul 2021
NORTH PARK RESIDENCES,YISHUN CENTRAL 1,27,Non-landed Properties,1,"2,200",50 - 60,500 - 600,Jul 2021
NORTH PARK RESIDENCES,YISHUN CENTRAL 1,27,Non-landed Properties,1,"2,350",50 - 60,500 - 600,Jul 2021
NORTH PARK RESIDENCES,YISHUN CENTRAL 1,27,Non-landed Properties,2,"2,400",70 - 80,700 - 800,Jul 2021
NORTH PARK RESIDENCES,YISHUN CENTRAL 1,27,Non-landed Properties,2,"2,600",60 - 70,600 - 700,Jul 2021
NORTH PARK RESIDENCES,YISHUN CENTRAL 1,27,Non-landed Properties,1,"2,400",50 - 60,500 - 600,Jul 2021
NORTH PARK RESIDENCES,YISHUN CENTRAL 1,27,Non-landed Properties,3,"2,700",90 - 100,"900 - 1,000",Jul 2021
NORTH PARK RESIDENCES,YISHUN CENTRAL 1,27,Non-landed Properties,1,"2,250",50 - 60,500 - 600,Jul 2021
NORTH PARK RESIDENCES,YISHUN CENTRAL 1,27,Non-landed Properties,2,"1,500",50 - 60,600 - 700,Jul 2021
NORTH PARK RESIDENCES,YISHUN CENTRAL 1,27,Non-landed Properties,NA,"2,100",40 - 50,400 - 500,Jul 2021
NORTH PARK RESIDENCES,YISHUN CENTRAL 1,27,Non-landed Properties,2,"2,600",60 - 70,600 - 700,Jul 2021
NORTH PARK RESIDENCES,YISHUN CENTRAL 1,27,Non-landed Properties,2,"2,450",60 - 70,700 - 800,Jul 2021
NORTH PARK RESIDENCES,YISHUN CENTRAL 1,27,Non-landed Properties,2,"3,000",60 - 70,600 - 700,Jul 2021
NORTH PARK RESIDENCES,YISHUN CENTRAL 1,27,Non-landed Properties,1,"2,250",50 - 60,500 - 600,Jul 2021
NORTH PARK RESIDENCES,YISHUN CENTRAL 1,27,Non-landed Properties,1,"2,350",50 - 60,500 - 600,Jul 2021
NORTH PARK RESIDENCES,YISHUN CENTRAL 1,27,Non-landed Properties,1,"2,300",50 - 60,500 - 600,Jul 2021
NORTH PARK RESIDENCES,YISHUN CENTRAL 1,27,Non-landed Properties,1,"2,500",70 - 80,700 - 800,Jul 2021
NORTH PARK RESIDENCES,YISHUN CENTRAL 1,27,Non-landed Properties,3,"4,200",90 - 100,"900 - 1,000",Jul 2021
NORTH PARK RESIDENCES,YISHUN CENTRAL 1,27,Non-landed Properties,1,"2,200",50 - 60,500 - 600,Jul 2021
NORTH PARK RESIDENCES,YISHUN CENTRAL 1,27,Non-landed Properties,NA,"1,700",40 - 50,400 - 500,Jul 2021
NORTH PARK RESIDENCES,YISHUN CENTRAL 1,27,Non-landed Properties,1,"2,100",50 - 60,500 - 600,Jul 2021
NORTH PARK RESIDENCES,YISHUN CENTRAL 1,27,Non-landed Properties,3,"3,188",70 - 80,800 - 900,Jul 2021
NORTH PARK RESIDENCES,YISHUN CENTRAL 1,27,Non-landed Properties,NA,"2,200",40 - 50,400 - 500,Jul 2021
NORTH PARK RESIDENCES,YISHUN CENTRAL 1,27,Non-landed Properties,2,"3,300",60 - 70,700 - 800,Jul 2021
NORTH PARK RESIDENCES,YISHUN CENTRAL 1,27,Non-landed Properties,NA,"1,800",40 - 50,400 - 500,Jul 2021
NORTH PARK RESIDENCES,YISHUN CENTRAL 1,27,Non-landed Properties,3,"3,200",70 - 80,800 - 900,Jul 2021
NORTH PARK RESIDENCES,YISHUN CENTRAL 1,27,Non-landed Properties,1,"2,200",50 - 60,500 - 600,Jul 2021
NORTH PARK RESIDENCES,YISHUN CENTRAL 1,27,Non-landed Properties,2,"2,800",60 - 70,600 - 700,Jun 2021
NORTH PARK RESIDENCES,YISHUN CENTRAL 1,27,Non-landed Properties,3,"4,000",90 - 100,"900 - 1,000",Jul 2021
NORTH PARK RESIDENCES,YISHUN CENTRAL 1,27,Non-landed Properties,3,"3,700",100 - 110,"1,100 - 1,200",Jul 2021
NORTH PARK RESIDENCES,YISHUN CENTRAL 1,27,Non-landed Properties,1,"2,250",50 - 60,500 - 600,Jul 2021
NORTH PARK RESIDENCES,YISHUN CENTRAL 1,27,Non-landed Properties,NA,"2,100",40 - 50,400 - 500,Jul 2021
NORTH PARK RESIDENCES,YISHUN CENTRAL 1,27,Non-landed Properties,1,"2,200",50 - 60,500 - 600,Jul 2021
NORTH PARK RESIDENCES,YISHUN CENTRAL 1,27,Non-landed Properties,NA,"1,600",40 - 50,400 - 500,Jul 2021
NORTH PARK RESIDENCES,YISHUN CENTRAL 1,27,Non-landed Properties,2,"3,088",80 - 90,800 - 900,Jul 2021
NORTH PARK RESIDENCES,YISHUN CENTRAL 1,27,Non-landed Properties,3,"3,000",80 - 90,800 - 900,Jul 2021
NORTH PARK RESIDENCES,YISHUN CENTRAL 1,27,Non-landed Properties,NA,"2,100",40 - 50,400 - 500,Jul 2021
NORTH PARK RESIDENCES,YISHUN CENTRAL 1,27,Non-landed Properties,3,"3,300",70 - 80,800 - 900,Jul 2021
NORTH PARK RESIDENCES,YISHUN CENTRAL 1,27,Non-landed Properties,1,"2,300",50 - 60,500 - 600,Aug 2021
NORTH PARK RESIDENCES,YISHUN CENTRAL 1,27,Non-landed Properties,2,"2,350",50 - 60,600 - 700,Aug 2021
NORTH PARK RESIDENCES,YISHUN CENTRAL 1,27,Non-landed Properties,3,"4,100",80 - 90,800 - 900,Aug 2021
NORTH PARK RESIDENCES,YISHUN CENTRAL 1,27,Non-landed Properties,2,"2,200",60 - 70,700 - 800,Aug 2021
NORTH PARK RESIDENCES,YISHUN CENTRAL 1,27,Non-landed Properties,3,"3,300",80 - 90,800 - 900,Aug 2021
NORTH PARK RESIDENCES,YISHUN CENTRAL 1,27,Non-landed Properties,NA,"2,100",40 - 50,400 - 500,Aug 2021
NORTH PARK RESIDENCES,YISHUN CENTRAL 1,27,Non-landed Properties,2,"2,300",60 - 70,600 - 700,Aug 2021
NORTH PARK RESIDENCES,YISHUN CENTRAL 1,27,Non-landed Properties,2,"2,600",50 - 60,600 - 700,Aug 2021
NORTH PARK RESIDENCES,YISHUN CENTRAL 1,27,Non-landed Properties,3,"3,500",100 - 110,"1,000 - 1,100",Aug 2021
NORTH PARK RESIDENCES,YISHUN CENTRAL 1,27,Non-landed Properties,1,"2,000",70 - 80,700 - 800,Aug 2021
NORTH PARK RESIDENCES,YISHUN CENTRAL 1,27,Non-landed Properties,1,"2,300",50 - 60,500 - 600,Aug 2021
NORTH PARK RESIDENCES,YISHUN CENTRAL 1,27,Non-landed Properties,NA,"2,100",40 - 50,400 - 500,Aug 2021
NORTH PARK RESIDENCES,YISHUN CENTRAL 1,27,Non-landed Properties,2,"2,400",60 - 70,700 - 800,Aug 2021
NORTH PARK RESIDENCES,YISHUN CENTRAL 1,27,Non-landed Properties,NA,"2,000",40 - 50,400 - 500,Aug 2021
NORTH PARK RESIDENCES,YISHUN CENTRAL 1,27,Non-landed Properties,NA,"2,100",40 - 50,400 - 500,Aug 2021
NORTH PARK RESIDENCES,YISHUN CENTRAL 1,27,Non-landed Properties,2,"2,600",60 - 70,600 - 700,Aug 2021
NORTH PARK RESIDENCES,YISHUN CENTRAL 1,27,Non-landed Properties,4,"3,600",100 - 110,"1,100 - 1,200",Aug 2021
NORTH PARK RESIDENCES,YISHUN CENTRAL 1,27,Non-landed Properties,2,"2,400",60 - 70,600 - 700,Aug 2021
NORTH PARK RESIDENCES,YISHUN CENTRAL 1,27,Non-landed Properties,2,"2,650",60 - 70,600 - 700,Aug 2021
NORTH PARK RESIDENCES,YISHUN CENTRAL 1,27,Non-landed Properties,3,"3,700",100 - 110,"1,000 - 1,100",Aug 2021
NORTH PARK RESIDENCES,YISHUN CENTRAL 1,27,Non-landed Properties,1,"2,100",50 - 60,500 - 600,Aug 2021
NORTH PARK RESIDENCES,YISHUN CENTRAL 1,27,Non-landed Properties,3,"3,700",80 - 90,"900 - 1,000",Aug 2021
NORTH PARK RESIDENCES,YISHUN CENTRAL 1,27,Non-landed Properties,3,"3,350",80 - 90,800 - 900,Aug 2021
NORTH PARK RESIDENCES,YISHUN CENTRAL 1,27,Non-landed Properties,NA,"2,100",40 - 50,400 - 500,Aug 2021
NORTH PARK RESIDENCES,YISHUN CENTRAL 1,27,Non-landed Properties,1,"2,350",50 - 60,500 - 600,Aug 2021
NORTH PARK RESIDENCES,YISHUN CENTRAL 1,27,Non-landed Properties,1,"2,600",50 - 60,500 - 600,Aug 2021
NORTH PARK RESIDENCES,YISHUN CENTRAL 1,27,Non-landed Properties,1,"2,400",50 - 60,500 - 600,Aug 2021
NORTH PARK RESIDENCES,YISHUN CENTRAL 1,27,Non-landed Properties,1,"2,600",50 - 60,500 - 600,Aug 2021
NORTH PARK RESIDENCES,YISHUN CENTRAL 1,27,Non-landed Properties,2,"2,700",60 - 70,700 - 800,Aug 2021
NORTH PARK RESIDENCES,YISHUN CENTRAL 1,27,Non-landed Properties,2,"2,900",70 - 80,700 - 800,Aug 2021
NORTH PARK RESIDENCES,YISHUN CENTRAL 1,27,Non-landed Properties,2,"3,200",50 - 60,600 - 700,Aug 2021
NORTH PARK RESIDENCES,YISHUN CENTRAL 1,27,Non-landed Properties,1,"2,600",50 - 60,500 - 600,Aug 2021
NORTH PARK RESIDENCES,YISHUN CENTRAL 1,27,Non-landed Properties,2,"2,700",70 - 80,700 - 800,Aug 2021
NORTH PARK RESIDENCES,YISHUN CENTRAL 1,27,Non-landed Properties,2,"3,000",60 - 70,600 - 700,Aug 2021
NORTH PARK RESIDENCES,YISHUN CENTRAL 1,27,Non-landed Properties,3,"4,300",110 - 120,"1,200 - 1,300",Aug 2021
NORTH PARK RESIDENCES,YISHUN CENTRAL 1,27,Non-landed Properties,NA,"2,050",40 - 50,400 - 500,Aug 2021
NORTH PARK RESIDENCES,YISHUN CENTRAL 1,27,Non-landed Properties,1,"2,200",50 - 60,500 - 600,Jul 2021
NORTH PARK RESIDENCES,YISHUN CENTRAL 1,27,Non-landed Properties,NA,"1,900",40 - 50,400 - 500,Sep 2021
NORTH PARK RESIDENCES,YISHUN CENTRAL 1,27,Non-landed Properties,NA,"1,800",40 - 50,400 - 500,Sep 2021
NORTH PARK RESIDENCES,YISHUN CENTRAL 1,27,Non-landed Properties,4,"5,200",110 - 120,"1,200 - 1,300",Sep 2021
NORTH PARK RESIDENCES,YISHUN CENTRAL 1,27,Non-landed Properties,2,"2,500",60 - 70,600 - 700,Sep 2021
NORTH PARK RESIDENCES,YISHUN CENTRAL 1,27,Non-landed Properties,2,"2,650",50 - 60,600 - 700,Sep 2021
NORTH PARK RESIDENCES,YISHUN CENTRAL 1,27,Non-landed Properties,NA,"2,000",40 - 50,400 - 500,Sep 2021
NORTH PARK RESIDENCES,YISHUN CENTRAL 1,27,Non-landed Properties,2,800,70 - 80,700 - 800,Sep 2021
NORTH PARK RESIDENCES,YISHUN CENTRAL 1,27,Non-landed Properties,1,"2,350",50 - 60,500 - 600,Sep 2021
NORTH PARK RESIDENCES,YISHUN CENTRAL 1,27,Non-landed Properties,2,"2,700",60 - 70,600 - 700,Sep 2021
NORTH PARK RESIDENCES,YISHUN CENTRAL 1,27,Non-landed Properties,1,"2,300",50 - 60,500 - 600,Sep 2021
NORTH PARK RESIDENCES,YISHUN CENTRAL 1,27,Non-landed Properties,2,"3,000",60 - 70,600 - 700,Sep 2021
NORTH PARK RESIDENCES,YISHUN CENTRAL 1,27,Non-landed Properties,2,"2,800",60 - 70,600 - 700,Sep 2021
NORTH PARK RESIDENCES,YISHUN CENTRAL 1,27,Non-landed Properties,2,"2,300",70 - 80,700 - 800,Sep 2021
NORTH PARK RESIDENCES,YISHUN CENTRAL 1,27,Non-landed Properties,2,"2,750",60 - 70,700 - 800,Sep 2021
NORTH PARK RESIDENCES,YISHUN CENTRAL 1,27,Non-landed Properties,2,"3,000",60 - 70,700 - 800,Sep 2021
NORTH PARK RESIDENCES,YISHUN CENTRAL 1,27,Non-landed Properties,2,"2,700",60 - 70,600 - 700,Sep 2021
NORTH PARK RESIDENCES,YISHUN CENTRAL 1,27,Non-landed Properties,2,"2,700",60 - 70,700 - 800,Sep 2021
NORTH PARK RESIDENCES,YISHUN CENTRAL 1,27,Non-landed Properties,2,"3,200",60 - 70,600 - 700,Sep 2021
NORTH PARK RESIDENCES,YISHUN CENTRAL 1,27,Non-landed Properties,1,"2,500",50 - 60,500 - 600,Sep 2021
NORTH PARK RESIDENCES,YISHUN CENTRAL 1,27,Non-landed Properties,3,"3,800",90 - 100,"1,000 - 1,100",Sep 2021
NORTH PARK RESIDENCES,YISHUN CENTRAL 1,27,Non-landed Properties,3,"3,000",90 - 100,"900 - 1,000",Sep 2021
NORTH PARK RESIDENCES,YISHUN CENTRAL 1,27,Non-landed Properties,2,"2,900",60 - 70,600 - 700,Sep 2021
NORTH PARK RESIDENCES,YISHUN CENTRAL 1,27,Non-landed Properties,2,"3,200",60 - 70,700 - 800,Sep 2021
NORTH PARK RESIDENCES,YISHUN CENTRAL 1,27,Non-landed Properties,1,"2,700",70 - 80,700 - 800,Aug 2021
NORTH PARK RESIDENCES,YISHUN CENTRAL 1,27,Non-landed Properties,NA,"2,150",40 - 50,400 - 500,Sep 2021
NORTH PARK RESIDENCES,YISHUN CENTRAL 1,27,Non-landed Properties,3,"3,900",90 - 100,"1,000 - 1,100",Oct 2021
NORTH PARK RESIDENCES,YISHUN CENTRAL 1,27,Non-landed Properties,2,"3,000",60 - 70,700 - 800,Oct 2021
NORTH PARK RESIDENCES,YISHUN CENTRAL 1,27,Non-landed Properties,2,"2,400",60 - 70,600 - 700,Oct 2021
NORTH PARK RESIDENCES,YISHUN CENTRAL 1,27,Non-landed Properties,2,"2,900",60 - 70,700 - 800,Oct 2021
NORTH PARK RESIDENCES,YISHUN CENTRAL 1,27,Non-landed Properties,2,"2,700",60 - 70,700 - 800,Oct 2021
NORTH PARK RESIDENCES,YISHUN CENTRAL 1,27,Non-landed Properties,NA,"2,200",40 - 50,400 - 500,Oct 2021
NORTH PARK RESIDENCES,YISHUN CENTRAL 1,27,Non-landed Properties,2,"2,410",60 - 70,600 - 700,Oct 2021
NORTH PARK RESIDENCES,YISHUN CENTRAL 1,27,Non-landed Properties,2,"2,700",50 - 60,600 - 700,Oct 2021
NORTH PARK RESIDENCES,YISHUN CENTRAL 1,27,Non-landed Properties,2,"2,400",60 - 70,700 - 800,Oct 2021
NORTH PARK RESIDENCES,YISHUN CENTRAL 1,27,Non-landed Properties,3,"3,000",70 - 80,800 - 900,Oct 2021
NORTH PARK RESIDENCES,YISHUN CENTRAL 1,27,Non-landed Properties,NA,"2,300",40 - 50,400 - 500,Oct 2021
NORTH PARK RESIDENCES,YISHUN CENTRAL 1,27,Non-landed Properties,2,"3,000",60 - 70,600 - 700,Oct 2021
NORTH PARK RESIDENCES,YISHUN CENTRAL 1,27,Non-landed Properties,3,"4,000",90 - 100,"1,000 - 1,100",Oct 2021
NORTH PARK RESIDENCES,YISHUN CENTRAL 1,27,Non-landed Properties,1,"2,200",50 - 60,500 - 600,Oct 2021
NORTH PARK RESIDENCES,YISHUN CENTRAL 1,27,Non-landed Properties,2,"3,000",60 - 70,600 - 700,Oct 2021
NORTH PARK RESIDENCES,YISHUN CENTRAL 1,27,Non-landed Properties,2,"2,700",60 - 70,600 - 700,Oct 2021
NORTH PARK RESIDENCES,YISHUN CENTRAL 1,27,Non-landed Properties,1,"2,300",50 - 60,500 - 600,Oct 2021
NORTH PARK RESIDENCES,YISHUN CENTRAL 1,27,Non-landed Properties,2,"3,250",80 - 90,"900 - 1,000",Oct 2021
NORTH PARK RESIDENCES,YISHUN CENTRAL 1,27,Non-landed Properties,NA,"2,100",40 - 50,400 - 500,Oct 2021
NORTH PARK RESIDENCES,YISHUN CENTRAL 1,27,Non-landed Properties,2,"3,600",80 - 90,800 - 900,Oct 2021
NORTH PARK RESIDENCES,YISHUN CENTRAL 1,27,Non-landed Properties,2,"2,900",60 - 70,600 - 700,Oct 2021
NORTH PARK RESIDENCES,YISHUN CENTRAL 1,27,Non-landed Properties,2,"3,000",60 - 70,700 - 800,Oct 2021
NORTH PARK RESIDENCES,YISHUN CENTRAL 1,27,Non-landed Properties,2,"2,800",60 - 70,600 - 700,Nov 2021
NORTH PARK RESIDENCES,YISHUN CENTRAL 1,27,Non-landed Properties,2,"1,450",50 - 60,600 - 700,Nov 2021
NORTH PARK RESIDENCES,YISHUN CENTRAL 1,27,Non-landed Properties,3,"4,000",70 - 80,800 - 900,Nov 2021
NORTH PARK RESIDENCES,YISHUN CENTRAL 1,27,Non-landed Properties,2,"2,050",50 - 60,600 - 700,Nov 2021
NORTH PARK RESIDENCES,YISHUN CENTRAL 1,27,Non-landed Properties,5,"5,000",130 - 140,"1,400 - 1,500",Nov 2021
NORTH PARK RESIDENCES,YISHUN CENTRAL 1,27,Non-landed Properties,2,"2,600",50 - 60,600 - 700,Nov 2021
NORTH PARK RESIDENCES,YISHUN CENTRAL 1,27,Non-landed Properties,2,"2,750",50 - 60,600 - 700,Nov 2021
NORTH PARK RESIDENCES,YISHUN CENTRAL 1,27,Non-landed Properties,2,"2,800",50 - 60,600 - 700,Nov 2021
NORTH PARK RESIDENCES,YISHUN CENTRAL 1,27,Non-landed Properties,2,"3,000",60 - 70,600 - 700,Nov 2021
NORTH PARK RESIDENCES,YISHUN CENTRAL 1,27,Non-landed Properties,3,"3,600",70 - 80,800 - 900,Nov 2021
NORTH PARK RESIDENCES,YISHUN CENTRAL 1,27,Non-landed Properties,2,"2,700",60 - 70,600 - 700,Nov 2021
NORTH PARK RESIDENCES,YISHUN CENTRAL 1,27,Non-landed Properties,2,"2,650",60 - 70,700 - 800,Nov 2021
NORTH PARK RESIDENCES,YISHUN CENTRAL 1,27,Non-landed Properties,3,"2,300",90 - 100,"900 - 1,000",Nov 2021
NORTH PARK RESIDENCES,YISHUN CENTRAL 1,27,Non-landed Properties,2,"2,600",60 - 70,600 - 700,Nov 2021
NORTH PARK RESIDENCES,YISHUN CENTRAL 1,27,Non-landed Properties,2,"3,900",80 - 90,800 - 900,Nov 2021
NORTH PARK RESIDENCES,YISHUN CENTRAL 1,27,Non-landed Properties,2,"2,200",50 - 60,600 - 700,Nov 2021
NORTH PARK RESIDENCES,YISHUN CENTRAL 1,27,Non-landed Properties,3,"3,800",110 - 120,"1,200 - 1,300",Nov 2021
NORTHILL,JALAN KASAU,25,Semi-Detached House,NA,"5,500",210 - 220,"2,300 - 2,400",May 2021
NORTHILL,JALAN KASAU,25,Detached House,NA,"7,200",480 - 490,"5,200 - 5,300",Sep 2021
NORTHOAKS,WOODLANDS CRESCENT,25,Executive Condominium,3,"2,600",110 - 120,"1,200 - 1,300",Jan 2021
NORTHOAKS,WOODLANDS CRESCENT,25,Executive Condominium,3,"2,350",110 - 120,"1,200 - 1,300",Jan 2021
NORTHOAKS,WOODLANDS CRESCENT,25,Executive Condominium,3,"2,900",120 - 130,"1,200 - 1,300",Jan 2021
NORTHOAKS,WOODLANDS CRESCENT,25,Executive Condominium,3,"3,000",110 - 120,"1,200 - 1,300",Jan 2021
NORTHOAKS,WOODLANDS CRESCENT,25,Executive Condominium,3,"3,000",110 - 120,"1,200 - 1,300",Jan 2021
NORTHOAKS,WOODLANDS CRESCENT,25,Executive Condominium,3,"2,500",120 - 130,"1,200 - 1,300",Jan 2021
NORTHOAKS,WOODLANDS CRESCENT,25,Executive Condominium,3,"2,800",130 - 140,"1,400 - 1,500",Jan 2021
NORTHOAKS,WOODLANDS CRESCENT,25,Executive Condominium,3,"2,300",120 - 130,"1,200 - 1,300",Feb 2021
NORTHOAKS,WOODLANDS CRESCENT,25,Executive Condominium,3,"5,650",210 - 220,"2,200 - 2,300",Feb 2021
NORTHOAKS,WOODLANDS CRESCENT,25,Executive Condominium,3,"3,000",110 - 120,"1,200 - 1,300",Feb 2021
NORTHOAKS,WOODLANDS CRESCENT,25,Executive Condominium,3,"3,000",120 - 130,"1,200 - 1,300",Mar 2021
NORTHOAKS,WOODLANDS CRESCENT,25,Executive Condominium,3,"2,650",120 - 130,"1,200 - 1,300",Mar 2021
NORTHOAKS,WOODLANDS CRESCENT,25,Executive Condominium,3,"2,900",120 - 130,"1,200 - 1,300",Mar 2021
NORTHOAKS,WOODLANDS CRESCENT,25,Executive Condominium,3,"2,500",110 - 120,"1,200 - 1,300",Mar 2021
NORTHOAKS,WOODLANDS CRESCENT,25,Executive Condominium,3,"2,500",110 - 120,"1,200 - 1,300",Mar 2021
NORTHOAKS,WOODLANDS CRESCENT,25,Executive Condominium,3,"2,450",110 - 120,"1,200 - 1,300",Mar 2021
NORTHOAKS,WOODLANDS CRESCENT,25,Executive Condominium,3,"2,900",120 - 130,"1,200 - 1,300",Mar 2021
NORTHOAKS,WOODLANDS CRESCENT,25,Executive Condominium,3,"3,000",120 - 130,"1,200 - 1,300",Mar 2021
NORTHOAKS,WOODLANDS CRESCENT,25,Executive Condominium,3,"4,000",110 - 120,"1,200 - 1,300",Feb 2021
NORTHOAKS,WOODLANDS CRESCENT,25,Executive Condominium,3,"2,600",110 - 120,"1,200 - 1,300",Mar 2021
NORTHOAKS,WOODLANDS CRESCENT,25,Executive Condominium,3,"2,950",110 - 120,"1,200 - 1,300",Mar 2021
NORTHOAKS,WOODLANDS CRESCENT,25,Executive Condominium,3,"2,200",110 - 120,"1,200 - 1,300",Mar 2021
NORTHOAKS,WOODLANDS CRESCENT,25,Executive Condominium,3,"2,400",110 - 120,"1,200 - 1,300",Feb 2021
NORTHOAKS,WOODLANDS CRESCENT,25,Executive Condominium,3,"3,000",120 - 130,"1,200 - 1,300",Mar 2021
NORTHOAKS,WOODLANDS CRESCENT,25,Executive Condominium,3,"2,500",110 - 120,"1,200 - 1,300",Apr 2021
NORTHOAKS,WOODLANDS CRESCENT,25,Executive Condominium,3,"2,400",110 - 120,"1,200 - 1,300",Apr 2021
NORTHOAKS,WOODLANDS CRESCENT,25,Executive Condominium,3,"2,850",110 - 120,"1,200 - 1,300",Apr 2021
NORTHOAKS,WOODLANDS CRESCENT,25,Executive Condominium,3,"2,500",110 - 120,"1,200 - 1,300",Apr 2021
NORTHOAKS,WOODLANDS CRESCENT,25,Executive Condominium,3,"2,400",110 - 120,"1,200 - 1,300",Mar 2021
NORTHOAKS,WOODLANDS CRESCENT,25,Executive Condominium,3,"2,500",110 - 120,"1,200 - 1,300",Apr 2021
NORTHOAKS,WOODLANDS CRESCENT,25,Executive Condominium,3,"2,500",120 - 130,"1,200 - 1,300",May 2021
NORTHOAKS,WOODLANDS CRESCENT,25,Executive Condominium,3,"2,600",110 - 120,"1,200 - 1,300",May 2021
NORTHOAKS,WOODLANDS CRESCENT,25,Executive Condominium,3,"3,300",110 - 120,"1,200 - 1,300",May 2021
NORTHOAKS,WOODLANDS CRESCENT,25,Executive Condominium,3,"3,000",110 - 120,"1,200 - 1,300",May 2021
NORTHOAKS,WOODLANDS CRESCENT,25,Executive Condominium,3,"3,000",120 - 130,"1,200 - 1,300",May 2021
NORTHOAKS,WOODLANDS CRESCENT,25,Executive Condominium,3,"2,400",120 - 130,"1,200 - 1,300",Jun 2021
NORTHOAKS,WOODLANDS CRESCENT,25,Executive Condominium,3,"2,550",110 - 120,"1,200 - 1,300",Jun 2021
NORTHOAKS,WOODLANDS CRESCENT,25,Executive Condominium,3,"2,700",110 - 120,"1,200 - 1,300",Jun 2021
NORTHOAKS,WOODLANDS CRESCENT,25,Executive Condominium,3,"2,650",110 - 120,"1,200 - 1,300",Jun 2021
NORTHOAKS,WOODLANDS CRESCENT,25,Executive Condominium,3,"2,600",110 - 120,"1,200 - 1,300",Jun 2021
NORTHOAKS,WOODLANDS CRESCENT,25,Executive Condominium,3,"2,750",110 - 120,"1,200 - 1,300",Jun 2021
NORTHOAKS,WOODLANDS CRESCENT,25,Executive Condominium,3,"3,000",110 - 120,"1,200 - 1,300",Jun 2021
NORTHOAKS,WOODLANDS CRESCENT,25,Executive Condominium,3,"2,900",120 - 130,"1,200 - 1,300",Jun 2021
NORTHOAKS,WOODLANDS CRESCENT,25,Executive Condominium,3,"2,600",150 - 160,"1,600 - 1,700",Jun 2021
NORTHOAKS,WOODLANDS CRESCENT,25,Executive Condominium,3,"2,900",110 - 120,"1,200 - 1,300",Jun 2021
NORTHOAKS,WOODLANDS CRESCENT,25,Executive Condominium,3,"2,300",110 - 120,"1,200 - 1,300",Jun 2021
NORTHOAKS,WOODLANDS CRESCENT,25,Executive Condominium,3,"2,600",110 - 120,"1,200 - 1,300",Jun 2021
NORTHOAKS,WOODLANDS CRESCENT,25,Executive Condominium,3,"3,200",110 - 120,"1,200 - 1,300",Jul 2021
NORTHOAKS,WOODLANDS CRESCENT,25,Executive Condominium,2,"2,500",90 - 100,"1,000 - 1,100",Jul 2021
NORTHOAKS,WOODLANDS CRESCENT,25,Executive Condominium,3,"2,500",120 - 130,"1,200 - 1,300",Jul 2021
NORTHOAKS,WOODLANDS CRESCENT,25,Executive Condominium,3,"2,600",110 - 120,"1,200 - 1,300",Jul 2021
NORTHOAKS,WOODLANDS CRESCENT,25,Executive Condominium,3,"2,800",110 - 120,"1,200 - 1,300",Jul 2021
NORTHOAKS,WOODLANDS CRESCENT,25,Executive Condominium,3,"4,200",110 - 120,"1,200 - 1,300",Jul 2021
NORTHOAKS,WOODLANDS CRESCENT,25,Executive Condominium,3,"2,400",110 - 120,"1,200 - 1,300",Jul 2021
NORTHOAKS,WOODLANDS CRESCENT,25,Executive Condominium,3,"2,400",110 - 120,"1,200 - 1,300",Jul 2021
NORTHOAKS,WOODLANDS CRESCENT,25,Executive Condominium,2,"2,400",90 - 100,"1,000 - 1,100",May 2021
NORTHOAKS,WOODLANDS CRESCENT,25,Executive Condominium,3,"2,100",110 - 120,"1,200 - 1,300",Jul 2021
NORTHOAKS,WOODLANDS CRESCENT,25,Executive Condominium,3,"3,100",120 - 130,"1,200 - 1,300",Aug 2021
NORTHOAKS,WOODLANDS CRESCENT,25,Executive Condominium,3,"2,600",110 - 120,"1,200 - 1,300",Aug 2021
NORTHOAKS,WOODLANDS CRESCENT,25,Executive Condominium,3,"2,800",110 - 120,"1,200 - 1,300",Aug 2021
NORTHOAKS,WOODLANDS CRESCENT,25,Executive Condominium,3,"3,000",110 - 120,"1,200 - 1,300",Aug 2021
NORTHOAKS,WOODLANDS CRESCENT,25,Executive Condominium,3,"2,600",110 - 120,"1,200 - 1,300",Aug 2021
NORTHOAKS,WOODLANDS CRESCENT,25,Executive Condominium,3,"3,400",120 - 130,"1,200 - 1,300",Aug 2021
NORTHOAKS,WOODLANDS CRESCENT,25,Executive Condominium,3,"2,480",120 - 130,"1,200 - 1,300",Aug 2021
NORTHOAKS,WOODLANDS CRESCENT,25,Executive Condominium,3,"3,300",110 - 120,"1,200 - 1,300",Aug 2021
NORTHOAKS,WOODLANDS CRESCENT,25,Executive Condominium,3,"2,700",110 - 120,"1,200 - 1,300",Aug 2021
NORTHOAKS,WOODLANDS CRESCENT,25,Executive Condominium,3,"2,900",110 - 120,"1,200 - 1,300",Aug 2021
NORTHOAKS,WOODLANDS CRESCENT,25,Executive Condominium,3,"2,400",110 - 120,"1,200 - 1,300",Sep 2021
NORTHOAKS,WOODLANDS CRESCENT,25,Executive Condominium,3,"2,800",120 - 130,"1,200 - 1,300",Sep 2021
NORTHOAKS,WOODLANDS CRESCENT,25,Executive Condominium,3,"2,900",130 - 140,"1,400 - 1,500",Sep 2021
NORTHOAKS,WOODLANDS CRESCENT,25,Executive Condominium,3,"2,700",110 - 120,"1,200 - 1,300",Sep 2021
NORTHOAKS,WOODLANDS CRESCENT,25,Executive Condominium,3,"2,850",110 - 120,"1,200 - 1,300",Sep 2021
NORTHOAKS,WOODLANDS CRESCENT,25,Executive Condominium,3,"2,800",150 - 160,"1,600 - 1,700",Sep 2021
NORTHOAKS,WOODLANDS CRESCENT,25,Executive Condominium,3,"2,800",120 - 130,"1,200 - 1,300",Sep 2021
NORTHOAKS,WOODLANDS CRESCENT,25,Executive Condominium,3,"2,600",110 - 120,"1,200 - 1,300",Sep 2021
NORTHOAKS,WOODLANDS CRESCENT,25,Executive Condominium,2,"2,700",90 - 100,"1,000 - 1,100",Sep 2021
NORTHOAKS,WOODLANDS CRESCENT,25,Executive Condominium,4,"4,400",130 - 140,"1,400 - 1,500",Sep 2021
NORTHOAKS,WOODLANDS CRESCENT,25,Executive Condominium,3,"2,900",110 - 120,"1,200 - 1,300",Sep 2021
NORTHOAKS,WOODLANDS CRESCENT,25,Executive Condominium,3,"3,600",180 - 190,"1,900 - 2,000",Oct 2021
NORTHOAKS,WOODLANDS CRESCENT,25,Executive Condominium,3,"4,200",210 - 220,"2,200 - 2,300",Oct 2021
NORTHOAKS,WOODLANDS CRESCENT,25,Executive Condominium,3,"2,700",110 - 120,"1,200 - 1,300",Sep 2021
NORTHOAKS,WOODLANDS CRESCENT,25,Executive Condominium,3,"4,050",120 - 130,"1,200 - 1,300",Oct 2021
NORTHOAKS,WOODLANDS CRESCENT,25,Executive Condominium,3,"4,000",110 - 120,"1,200 - 1,300",Nov 2021
NORTHOAKS,WOODLANDS CRESCENT,25,Executive Condominium,2,"2,200",90 - 100,"1,000 - 1,100",Nov 2021
NORTHOAKS,WOODLANDS CRESCENT,25,Executive Condominium,3,"2,300",110 - 120,"1,200 - 1,300",Nov 2021
NORTHOAKS,WOODLANDS CRESCENT,25,Executive Condominium,3,"2,500",120 - 130,"1,200 - 1,300",Nov 2021
NORTHOAKS,WOODLANDS CRESCENT,25,Executive Condominium,3,"2,700",150 - 160,"1,600 - 1,700",Nov 2021
NORTHOAKS,WOODLANDS CRESCENT,25,Executive Condominium,3,"3,000",110 - 120,"1,200 - 1,300",Nov 2021
NORTHSHORE BUNGALOWS,PONGGOL SEVENTEENTH AVENUE,19,Detached House,NA,"5,500",360 - 370,"3,900 - 4,000",Apr 2021
NORTHSHORE BUNGALOWS,PONGGOL SEVENTEENTH AVENUE,19,Detached House,NA,"5,386",370 - 380,"4,000 - 4,100",May 2021
NORTHSHORE BUNGALOWS,PONGGOL SEVENTEENTH AVENUE,19,Detached House,NA,"5,600",360 - 370,"3,900 - 4,000",May 2021
NORTHSHORE BUNGALOWS,PONGGOL SEVENTEENTH AVENUE,19,Detached House,NA,"5,000",370 - 380,"4,000 - 4,100",Sep 2021
NORTHVALE,CHOA CHU KANG LOOP,23,Non-landed Properties,2,"2,200",90 - 100,"1,000 - 1,100",Jan 2021
NORTHVALE,CHOA CHU KANG LOOP,23,Non-landed Properties,2,"2,300",90 - 100,"1,000 - 1,100",Jan 2021
NORTHVALE,CHOA CHU KANG LOOP,23,Non-landed Properties,3,"3,000",150 - 160,"1,600 - 1,700",Jan 2021
NORTHVALE,CHOA CHU KANG LOOP,23,Non-landed Properties,3,"2,500",110 - 120,"1,200 - 1,300",Jan 2021
NORTHVALE,CHOA CHU KANG LOOP,23,Non-landed Properties,1,"1,700",60 - 70,700 - 800,Jan 2021
NORTHVALE,CHOA CHU KANG LOOP,23,Non-landed Properties,1,"1,700",60 - 70,700 - 800,Jan 2021
NORTHVALE,CHOA CHU KANG LOOP,23,Non-landed Properties,3,"2,500",120 - 130,"1,300 - 1,400",Jan 2021
NORTHVALE,CHOA CHU KANG LOOP,23,Non-landed Properties,4,"3,600",140 - 150,"1,500 - 1,600",Jan 2021
NORTHVALE,CHOA CHU KANG LOOP,23,Non-landed Properties,3,"1,800",110 - 120,"1,200 - 1,300",Jan 2021
NORTHVALE,CHOA CHU KANG LOOP,23,Non-landed Properties,1,"1,900",60 - 70,700 - 800,Jan 2021
NORTHVALE,CHOA CHU KANG LOOP,23,Non-landed Properties,2,"2,300",100 - 110,"1,000 - 1,100",Jan 2021
NORTHVALE,CHOA CHU KANG LOOP,23,Non-landed Properties,NA,"1,800",90 - 100,"900 - 1,000",Jan 2021
NORTHVALE,CHOA CHU KANG LOOP,23,Non-landed Properties,2,"2,400",110 - 120,"1,200 - 1,300",Jan 2021
NORTHVALE,CHOA CHU KANG LOOP,23,Non-landed Properties,2,"2,250",100 - 110,"1,000 - 1,100",Jan 2021
NORTHVALE,CHOA CHU KANG LOOP,23,Non-landed Properties,2,"2,300",90 - 100,"1,000 - 1,100",Feb 2021
NORTHVALE,CHOA CHU KANG LOOP,23,Non-landed Properties,3,"1,800",110 - 120,"1,200 - 1,300",Feb 2021
NORTHVALE,CHOA CHU KANG LOOP,23,Non-landed Properties,2,"2,600",120 - 130,"1,300 - 1,400",Jan 2021
NORTHVALE,CHOA CHU KANG LOOP,23,Non-landed Properties,3,"2,750",120 - 130,"1,300 - 1,400",Feb 2021
NORTHVALE,CHOA CHU KANG LOOP,23,Non-landed Properties,3,"2,300",110 - 120,"1,200 - 1,300",Feb 2021
NORTHVALE,CHOA CHU KANG LOOP,23,Non-landed Properties,1,"1,900",90 - 100,"1,000 - 1,100",Feb 2021
NORTHVALE,CHOA CHU KANG LOOP,23,Non-landed Properties,3,"2,850",120 - 130,"1,300 - 1,400",Jan 2021
NORTHVALE,CHOA CHU KANG LOOP,23,Non-landed Properties,2,"2,200",100 - 110,"1,100 - 1,200",Feb 2021
NORTHVALE,CHOA CHU KANG LOOP,23,Non-landed Properties,2,"2,050",100 - 110,"1,100 - 1,200",Mar 2021
NORTHVALE,CHOA CHU KANG LOOP,23,Non-landed Properties,3,"2,500",110 - 120,"1,200 - 1,300",Mar 2021
NORTHVALE,CHOA CHU KANG LOOP,23,Non-landed Properties,2,"2,400",100 - 110,"1,000 - 1,100",Mar 2021
NORTHVALE,CHOA CHU KANG LOOP,23,Non-landed Properties,3,"2,800",120 - 130,"1,200 - 1,300",Mar 2021
NORTHVALE,CHOA CHU KANG LOOP,23,Non-landed Properties,2,"2,400",90 - 100,"1,000 - 1,100",Mar 2021
NORTHVALE,CHOA CHU KANG LOOP,23,Non-landed Properties,2,"2,100",90 - 100,"1,000 - 1,100",Mar 2021
NORTHVALE,CHOA CHU KANG LOOP,23,Non-landed Properties,2,"2,400",90 - 100,"1,000 - 1,100",Mar 2021
NORTHVALE,CHOA CHU KANG LOOP,23,Non-landed Properties,2,"2,150",90 - 100,"1,000 - 1,100",Mar 2021
NORTHVALE,CHOA CHU KANG LOOP,23,Non-landed Properties,3,"2,800",110 - 120,"1,200 - 1,300",Mar 2021
NORTHVALE,CHOA CHU KANG LOOP,23,Non-landed Properties,2,"2,300",90 - 100,"1,000 - 1,100",Mar 2021
NORTHVALE,CHOA CHU KANG LOOP,23,Non-landed Properties,1,"1,950",60 - 70,700 - 800,Mar 2021
NORTHVALE,CHOA CHU KANG LOOP,23,Non-landed Properties,1,"1,800",60 - 70,700 - 800,Feb 2021
NORTHVALE,CHOA CHU KANG LOOP,23,Non-landed Properties,2,"2,250",90 - 100,"1,000 - 1,100",Mar 2021
NORTHVALE,CHOA CHU KANG LOOP,23,Non-landed Properties,2,"2,200",100 - 110,"1,000 - 1,100",Feb 2021
NORTHVALE,CHOA CHU KANG LOOP,23,Non-landed Properties,2,"2,300",100 - 110,"1,000 - 1,100",Mar 2021
NORTHVALE,CHOA CHU KANG LOOP,23,Non-landed Properties,2,"2,100",100 - 110,"1,000 - 1,100",Mar 2021
NORTHVALE,CHOA CHU KANG LOOP,23,Non-landed Properties,2,"2,325",100 - 110,"1,000 - 1,100",Mar 2021
NORTHVALE,CHOA CHU KANG LOOP,23,Non-landed Properties,2,"2,300",90 - 100,"1,000 - 1,100",Mar 2021
NORTHVALE,CHOA CHU KANG LOOP,23,Non-landed Properties,3,"2,500",110 - 120,"1,200 - 1,300",Apr 2021
NORTHVALE,CHOA CHU KANG LOOP,23,Non-landed Properties,2,"2,200",100 - 110,"1,000 - 1,100",Apr 2021
NORTHVALE,CHOA CHU KANG LOOP,23,Non-landed Properties,1,"1,800",60 - 70,700 - 800,Apr 2021
NORTHVALE,CHOA CHU KANG LOOP,23,Non-landed Properties,2,"2,200",100 - 110,"1,000 - 1,100",Apr 2021
NORTHVALE,CHOA CHU KANG LOOP,23,Non-landed Properties,2,"2,300",100 - 110,"1,100 - 1,200",Apr 2021
NORTHVALE,CHOA CHU KANG LOOP,23,Non-landed Properties,2,"2,300",90 - 100,"1,000 - 1,100",Apr 2021
NORTHVALE,CHOA CHU KANG LOOP,23,Non-landed Properties,3,"2,730",120 - 130,"1,300 - 1,400",Apr 2021
NORTHVALE,CHOA CHU KANG LOOP,23,Non-landed Properties,3,"2,500",110 - 120,"1,200 - 1,300",Apr 2021
NORTHVALE,CHOA CHU KANG LOOP,23,Non-landed Properties,3,"3,000",110 - 120,"1,200 - 1,300",Apr 2021
NORTHVALE,CHOA CHU KANG LOOP,23,Non-landed Properties,3,"2,450",110 - 120,"1,200 - 1,300",Apr 2021
NORTHVALE,CHOA CHU KANG LOOP,23,Non-landed Properties,3,"2,600",120 - 130,"1,300 - 1,400",Apr 2021
NORTHVALE,CHOA CHU KANG LOOP,23,Non-landed Properties,4,"2,800",140 - 150,"1,500 - 1,600",Apr 2021
NORTHVALE,CHOA CHU KANG LOOP,23,Non-landed Properties,2,"2,300",100 - 110,"1,000 - 1,100",Apr 2021
NORTHVALE,CHOA CHU KANG LOOP,23,Non-landed Properties,1,"2,000",60 - 70,600 - 700,Mar 2021
NORTHVALE,CHOA CHU KANG LOOP,23,Non-landed Properties,1,"1,950",80 - 90,"900 - 1,000",Mar 2021
NORTHVALE,CHOA CHU KANG LOOP,23,Non-landed Properties,2,"2,300",90 - 100,"1,000 - 1,100",Mar 2021
NORTHVALE,CHOA CHU KANG LOOP,23,Non-landed Properties,1,"1,800",60 - 70,600 - 700,Apr 2021
NORTHVALE,CHOA CHU KANG LOOP,23,Non-landed Properties,2,"2,550",90 - 100,"1,000 - 1,100",Apr 2021
NORTHVALE,CHOA CHU KANG LOOP,23,Non-landed Properties,3,"2,350",120 - 130,"1,300 - 1,400",Apr 2021
NORTHVALE,CHOA CHU KANG LOOP,23,Non-landed Properties,1,"1,800",60 - 70,700 - 800,Apr 2021
NORTHVALE,CHOA CHU KANG LOOP,23,Non-landed Properties,2,"2,300",100 - 110,"1,000 - 1,100",Apr 2021
NORTHVALE,CHOA CHU KANG LOOP,23,Non-landed Properties,3,"2,100",120 - 130,"1,200 - 1,300",Mar 2021
NORTHVALE,CHOA CHU KANG LOOP,23,Non-landed Properties,2,"2,200",100 - 110,"1,000 - 1,100",May 2021
NORTHVALE,CHOA CHU KANG LOOP,23,Non-landed Properties,3,"2,700",110 - 120,"1,200 - 1,300",May 2021
NORTHVALE,CHOA CHU KANG LOOP,23,Non-landed Properties,2,"2,400",90 - 100,"1,000 - 1,100",May 2021
NORTHVALE,CHOA CHU KANG LOOP,23,Non-landed Properties,2,"2,300",100 - 110,"1,000 - 1,100",May 2021
NORTHVALE,CHOA CHU KANG LOOP,23,Non-landed Properties,2,"2,800",90 - 100,"1,000 - 1,100",May 2021
NORTHVALE,CHOA CHU KANG LOOP,23,Non-landed Properties,1,"2,200",60 - 70,700 - 800,Mar 2021
NORTHVALE,CHOA CHU KANG LOOP,23,Non-landed Properties,2,"2,250",100 - 110,"1,000 - 1,100",Apr 2021
NORTHVALE,CHOA CHU KANG LOOP,23,Non-landed Properties,2,"2,300",100 - 110,"1,000 - 1,100",Apr 2021
NORTHVALE,CHOA CHU KANG LOOP,23,Non-landed Properties,2,"2,600",100 - 110,"1,000 - 1,100",May 2021
NORTHVALE,CHOA CHU KANG LOOP,23,Non-landed Properties,1,"2,000",60 - 70,700 - 800,May 2021
NORTHVALE,CHOA CHU KANG LOOP,23,Non-landed Properties,2,"2,350",100 - 110,"1,000 - 1,100",Jun 2021
NORTHVALE,CHOA CHU KANG LOOP,23,Non-landed Properties,2,"2,400",100 - 110,"1,000 - 1,100",Jun 2021
NORTHVALE,CHOA CHU KANG LOOP,23,Non-landed Properties,2,"2,300",90 - 100,"1,000 - 1,100",Jun 2021
NORTHVALE,CHOA CHU KANG LOOP,23,Non-landed Properties,1,"1,900",60 - 70,700 - 800,Jun 2021
NORTHVALE,CHOA CHU KANG LOOP,23,Non-landed Properties,1,"1,800",60 - 70,700 - 800,Jun 2021
NORTHVALE,CHOA CHU KANG LOOP,23,Non-landed Properties,2,"2,500",100 - 110,"1,000 - 1,100",Jun 2021
NORTHVALE,CHOA CHU KANG LOOP,23,Non-landed Properties,2,"2,200",90 - 100,"1,000 - 1,100",Jul 2021
NORTHVALE,CHOA CHU KANG LOOP,23,Non-landed Properties,2,"2,200",100 - 110,"1,000 - 1,100",Jul 2021
NORTHVALE,CHOA CHU KANG LOOP,23,Non-landed Properties,1,"1,700",60 - 70,700 - 800,Jul 2021
NORTHVALE,CHOA CHU KANG LOOP,23,Non-landed Properties,4,"3,600",140 - 150,"1,500 - 1,600",Jul 2021
NORTHVALE,CHOA CHU KANG LOOP,23,Non-landed Properties,1,"2,200",60 - 70,700 - 800,Jul 2021
NORTHVALE,CHOA CHU KANG LOOP,23,Non-landed Properties,3,"3,500",110 - 120,"1,200 - 1,300",Jul 2021
NORTHVALE,CHOA CHU KANG LOOP,23,Non-landed Properties,2,"2,400",90 - 100,"1,000 - 1,100",Jul 2021
NORTHVALE,CHOA CHU KANG LOOP,23,Non-landed Properties,1,"2,000",60 - 70,600 - 700,Jul 2021
NORTHVALE,CHOA CHU KANG LOOP,23,Non-landed Properties,2,"2,200",90 - 100,"1,000 - 1,100",Jul 2021
NORTHVALE,CHOA CHU KANG LOOP,23,Non-landed Properties,2,"2,400",100 - 110,"1,000 - 1,100",Jul 2021
NORTHVALE,CHOA CHU KANG LOOP,23,Non-landed Properties,2,"1,850",100 - 110,"1,000 - 1,100",Jul 2021
NORTHVALE,CHOA CHU KANG LOOP,23,Non-landed Properties,3,"2,800",110 - 120,"1,200 - 1,300",May 2021
NORTHVALE,CHOA CHU KANG LOOP,23,Non-landed Properties,1,"2,000",60 - 70,700 - 800,Jun 2021
NORTHVALE,CHOA CHU KANG LOOP,23,Non-landed Properties,2,"2,300",100 - 110,"1,000 - 1,100",Jul 2021
NORTHVALE,CHOA CHU KANG LOOP,23,Non-landed Properties,2,"2,400",90 - 100,"1,000 - 1,100",Jul 2021
NORTHVALE,CHOA CHU KANG LOOP,23,Non-landed Properties,1,"2,050",60 - 70,700 - 800,Jul 2021
NORTHVALE,CHOA CHU KANG LOOP,23,Non-landed Properties,2,"2,400",100 - 110,"1,000 - 1,100",Aug 2021
NORTHVALE,CHOA CHU KANG LOOP,23,Non-landed Properties,1,"1,900",60 - 70,700 - 800,Aug 2021
NORTHVALE,CHOA CHU KANG LOOP,23,Non-landed Properties,2,"2,400",100 - 110,"1,000 - 1,100",Aug 2021
NORTHVALE,CHOA CHU KANG LOOP,23,Non-landed Properties,1,"2,050",60 - 70,700 - 800,Aug 2021
NORTHVALE,CHOA CHU KANG LOOP,23,Non-landed Properties,2,"2,300",100 - 110,"1,000 - 1,100",Aug 2021
NORTHVALE,CHOA CHU KANG LOOP,23,Non-landed Properties,1,"2,100",60 - 70,600 - 700,Aug 2021
NORTHVALE,CHOA CHU KANG LOOP,23,Non-landed Properties,3,"2,550",110 - 120,"1,200 - 1,300",Aug 2021
NORTHVALE,CHOA CHU KANG LOOP,23,Non-landed Properties,3,"2,510",120 - 130,"1,300 - 1,400",Aug 2021
NORTHVALE,CHOA CHU KANG LOOP,23,Non-landed Properties,1,"1,900",90 - 100,"1,000 - 1,100",Aug 2021
NORTHVALE,CHOA CHU KANG LOOP,23,Non-landed Properties,3,"3,000",120 - 130,"1,200 - 1,300",Aug 2021
NORTHVALE,CHOA CHU KANG LOOP,23,Non-landed Properties,3,"2,550",110 - 120,"1,200 - 1,300",Aug 2021
NORTHVALE,CHOA CHU KANG LOOP,23,Non-landed Properties,2,"2,350",110 - 120,"1,200 - 1,300",Jul 2021
NORTHVALE,CHOA CHU KANG LOOP,23,Non-landed Properties,2,"2,200",100 - 110,"1,000 - 1,100",Aug 2021
NORTHVALE,CHOA CHU KANG LOOP,23,Non-landed Properties,2,"2,500",100 - 110,"1,000 - 1,100",Aug 2021
NORTHVALE,CHOA CHU KANG LOOP,23,Non-landed Properties,3,"2,850",120 - 130,"1,200 - 1,300",Sep 2021
NORTHVALE,CHOA CHU KANG LOOP,23,Non-landed Properties,1,"2,100",60 - 70,700 - 800,Sep 2021
NORTHVALE,CHOA CHU KANG LOOP,23,Non-landed Properties,3,"2,700",120 - 130,"1,200 - 1,300",Sep 2021
NORTHVALE,CHOA CHU KANG LOOP,23,Non-landed Properties,3,"3,000",110 - 120,"1,200 - 1,300",Sep 2021
NORTHVALE,CHOA CHU KANG LOOP,23,Non-landed Properties,3,"2,600",120 - 130,"1,200 - 1,300",Sep 2021
NORTHVALE,CHOA CHU KANG LOOP,23,Non-landed Properties,3,"2,600",110 - 120,"1,200 - 1,300",Sep 2021
NORTHVALE,CHOA CHU KANG LOOP,23,Non-landed Properties,1,"1,900",90 - 100,"1,000 - 1,100",Sep 2021
NORTHVALE,CHOA CHU KANG LOOP,23,Non-landed Properties,1,"2,000",60 - 70,600 - 700,Sep 2021
NORTHVALE,CHOA CHU KANG LOOP,23,Non-landed Properties,3,"2,200",120 - 130,"1,200 - 1,300",Sep 2021
NORTHVALE,CHOA CHU KANG LOOP,23,Non-landed Properties,2,"2,100",100 - 110,"1,000 - 1,100",Sep 2021
NORTHVALE,CHOA CHU KANG LOOP,23,Non-landed Properties,2,"2,400",90 - 100,"1,000 - 1,100",Oct 2021
NORTHVALE,CHOA CHU KANG LOOP,23,Non-landed Properties,1,"1,950",60 - 70,600 - 700,Oct 2021
NORTHVALE,CHOA CHU KANG LOOP,23,Non-landed Properties,2,"2,300",90 - 100,"1,000 - 1,100",Oct 2021
NORTHVALE,CHOA CHU KANG LOOP,23,Non-landed Properties,3,"3,500",110 - 120,"1,200 - 1,300",Oct 2021
NORTHVALE,CHOA CHU KANG LOOP,23,Non-landed Properties,3,"3,500",150 - 160,"1,600 - 1,700",Oct 2021
NORTHVALE,CHOA CHU KANG LOOP,23,Non-landed Properties,2,"2,500",90 - 100,"1,000 - 1,100",Oct 2021
NORTHVALE,CHOA CHU KANG LOOP,23,Non-landed Properties,2,"2,800",90 - 100,"1,000 - 1,100",Nov 2021
NORTHVALE,CHOA CHU KANG LOOP,23,Non-landed Properties,1,"2,150",60 - 70,600 - 700,Nov 2021
NORTHVALE,CHOA CHU KANG LOOP,23,Non-landed Properties,2,"2,400",90 - 100,"1,000 - 1,100",Nov 2021
NORTHVALE,CHOA CHU KANG LOOP,23,Non-landed Properties,2,"2,350",90 - 100,"1,000 - 1,100",Nov 2021
NORTHVALE,CHOA CHU KANG LOOP,23,Non-landed Properties,2,"2,400",90 - 100,"1,000 - 1,100",Nov 2021
NORTHVALE,CHOA CHU KANG LOOP,23,Non-landed Properties,2,"2,400",100 - 110,"1,000 - 1,100",Nov 2021
NORTHVALE,CHOA CHU KANG LOOP,23,Non-landed Properties,1,"2,300",60 - 70,600 - 700,Nov 2021
NORTHVALE,CHOA CHU KANG LOOP,23,Non-landed Properties,3,"3,100",160 - 170,"1,700 - 1,800",Nov 2021
NORTHVALE,CHOA CHU KANG LOOP,23,Non-landed Properties,3,"3,200",110 - 120,"1,200 - 1,300",Nov 2021
NORTHVALE,CHOA CHU KANG LOOP,23,Non-landed Properties,1,"1,750",60 - 70,600 - 700,Nov 2021
NORTHVALE,CHOA CHU KANG LOOP,23,Non-landed Properties,1,"1,800",60 - 70,600 - 700,Nov 2021
NORTHVALE,CHOA CHU KANG LOOP,23,Non-landed Properties,4,"3,300",140 - 150,"1,500 - 1,600",Nov 2021
NORTHVALE,CHOA CHU KANG LOOP,23,Non-landed Properties,2,"2,700",100 - 110,"1,100 - 1,200",Nov 2021
NORTHVALE,CHOA CHU KANG LOOP,23,Non-landed Properties,3,"3,000",110 - 120,"1,200 - 1,300",Nov 2021
NORTHVALE,CHOA CHU KANG LOOP,23,Non-landed Properties,2,"2,700",110 - 120,"1,200 - 1,300",Nov 2021
NORTHWOOD,JALAN MATA AYER,27,Non-landed Properties,4,"3,800",210 - 220,"2,300 - 2,400",Feb 2021
NORTHWOOD,JALAN MATA AYER,27,Non-landed Properties,2,"2,100",100 - 110,"1,100 - 1,200",Jan 2021
NORTHWOOD,JALAN MATA AYER,27,Non-landed Properties,3,"2,400",120 - 130,"1,300 - 1,400",Mar 2021
NORTHWOOD,JALAN MATA AYER,27,Non-landed Properties,3,"2,600",120 - 130,"1,300 - 1,400",May 2021
NORTHWOOD,JALAN MATA AYER,27,Non-landed Properties,4,"3,100",150 - 160,"1,600 - 1,700",Jun 2021
NORTHWOOD,JALAN MATA AYER,27,Non-landed Properties,3,"3,200",120 - 130,"1,300 - 1,400",Jun 2021
NORTHWOOD,JALAN MATA AYER,27,Non-landed Properties,3,"2,700",130 - 140,"1,400 - 1,500",Aug 2021
NORTHWOOD,JALAN MATA AYER,27,Non-landed Properties,3,"2,700",120 - 130,"1,300 - 1,400",Aug 2021
NORTHWOOD,JALAN MATA AYER,27,Non-landed Properties,3,"3,300",120 - 130,"1,300 - 1,400",Aug 2021
NORTHWOOD,JALAN MATA AYER,27,Non-landed Properties,2,"2,000",100 - 110,"1,100 - 1,200",Aug 2021
NORTHWOOD,JALAN MATA AYER,27,Non-landed Properties,3,"2,500",120 - 130,"1,300 - 1,400",Sep 2021
NORTHWOOD,JALAN MATA AYER,27,Non-landed Properties,4,"3,350",160 - 170,"1,800 - 1,900",Sep 2021
NOTTINGHILL SUITES,TOH TUCK ROAD,21,Non-landed Properties,1,"2,000",40 - 50,500 - 600,Jan 2021
NOTTINGHILL SUITES,TOH TUCK ROAD,21,Non-landed Properties,1,"1,700",30 - 40,300 - 400,Jan 2021
NOTTINGHILL SUITES,TOH TUCK ROAD,21,Non-landed Properties,1,"1,600",30 - 40,300 - 400,Jan 2021
NOTTINGHILL SUITES,TOH TUCK ROAD,21,Non-landed Properties,1,"1,950",50 - 60,600 - 700,Jan 2021
NOTTINGHILL SUITES,TOH TUCK ROAD,21,Non-landed Properties,1,"1,750",30 - 40,300 - 400,Feb 2021
NOTTINGHILL SUITES,TOH TUCK ROAD,21,Non-landed Properties,1,"1,800",30 - 40,300 - 400,Feb 2021
NOTTINGHILL SUITES,TOH TUCK ROAD,21,Non-landed Properties,1,"2,200",30 - 40,300 - 400,Feb 2021
NOTTINGHILL SUITES,TOH TUCK ROAD,21,Non-landed Properties,1,"1,700",30 - 40,300 - 400,Mar 2021
NOTTINGHILL SUITES,TOH TUCK ROAD,21,Non-landed Properties,1,"1,750",30 - 40,300 - 400,Mar 2021
NOTTINGHILL SUITES,TOH TUCK ROAD,21,Non-landed Properties,1,"1,600",30 - 40,300 - 400,Mar 2021
NOTTINGHILL SUITES,TOH TUCK ROAD,21,Non-landed Properties,1,"1,850",30 - 40,300 - 400,Mar 2021
NOTTINGHILL SUITES,TOH TUCK ROAD,21,Non-landed Properties,1,"1,800",40 - 50,400 - 500,Mar 2021
NOTTINGHILL SUITES,TOH TUCK ROAD,21,Non-landed Properties,2,"2,150",60 - 70,600 - 700,Mar 2021
NOTTINGHILL SUITES,TOH TUCK ROAD,21,Non-landed Properties,1,"1,700",30 - 40,300 - 400,Mar 2021
NOTTINGHILL SUITES,TOH TUCK ROAD,21,Non-landed Properties,1,"1,750",30 - 40,300 - 400,Mar 2021
NOTTINGHILL SUITES,TOH TUCK ROAD,21,Non-landed Properties,1,"1,850",30 - 40,400 - 500,Apr 2021
NOTTINGHILL SUITES,TOH TUCK ROAD,21,Non-landed Properties,1,"2,000",30 - 40,300 - 400,Apr 2021
NOTTINGHILL SUITES,TOH TUCK ROAD,21,Non-landed Properties,1,"1,600",30 - 40,300 - 400,Apr 2021
NOTTINGHILL SUITES,TOH TUCK ROAD,21,Non-landed Properties,1,"1,700",30 - 40,300 - 400,Apr 2021
NOTTINGHILL SUITES,TOH TUCK ROAD,21,Non-landed Properties,2,"2,200",40 - 50,500 - 600,Apr 2021
NOTTINGHILL SUITES,TOH TUCK ROAD,21,Non-landed Properties,1,"1,650",30 - 40,300 - 400,Apr 2021
NOTTINGHILL SUITES,TOH TUCK ROAD,21,Non-landed Properties,1,"2,000",50 - 60,600 - 700,Apr 2021
NOTTINGHILL SUITES,TOH TUCK ROAD,21,Non-landed Properties,1,"2,000",60 - 70,600 - 700,Apr 2021
NOTTINGHILL SUITES,TOH TUCK ROAD,21,Non-landed Properties,1,"2,000",50 - 60,500 - 600,Apr 2021
NOTTINGHILL SUITES,TOH TUCK ROAD,21,Non-landed Properties,1,"2,000",60 - 70,700 - 800,Apr 2021
NOTTINGHILL SUITES,TOH TUCK ROAD,21,Non-landed Properties,1,"1,650",30 - 40,300 - 400,Apr 2021
NOTTINGHILL SUITES,TOH TUCK ROAD,21,Non-landed Properties,2,"2,100",40 - 50,500 - 600,May 2021
NOTTINGHILL SUITES,TOH TUCK ROAD,21,Non-landed Properties,1,"1,580",30 - 40,300 - 400,May 2021
NOTTINGHILL SUITES,TOH TUCK ROAD,21,Non-landed Properties,1,"1,700",30 - 40,300 - 400,May 2021
NOTTINGHILL SUITES,TOH TUCK ROAD,21,Non-landed Properties,1,"1,600",30 - 40,400 - 500,May 2021
NOTTINGHILL SUITES,TOH TUCK ROAD,21,Non-landed Properties,1,"1,850",30 - 40,300 - 400,May 2021
NOTTINGHILL SUITES,TOH TUCK ROAD,21,Non-landed Properties,1,"1,750",30 - 40,300 - 400,May 2021
NOTTINGHILL SUITES,TOH TUCK ROAD,21,Non-landed Properties,1,"2,000",30 - 40,300 - 400,May 2021
NOTTINGHILL SUITES,TOH TUCK ROAD,21,Non-landed Properties,1,"1,700",30 - 40,300 - 400,Jun 2021
NOTTINGHILL SUITES,TOH TUCK ROAD,21,Non-landed Properties,1,"1,650",30 - 40,300 - 400,Jun 2021
NOTTINGHILL SUITES,TOH TUCK ROAD,21,Non-landed Properties,1,"2,400",60 - 70,600 - 700,Jun 2021
NOTTINGHILL SUITES,TOH TUCK ROAD,21,Non-landed Properties,1,"1,750",30 - 40,300 - 400,Jun 2021
NOTTINGHILL SUITES,TOH TUCK ROAD,21,Non-landed Properties,1,"1,700",30 - 40,300 - 400,Jun 2021
NOTTINGHILL SUITES,TOH TUCK ROAD,21,Non-landed Properties,1,"1,900",50 - 60,500 - 600,Jun 2021
NOTTINGHILL SUITES,TOH TUCK ROAD,21,Non-landed Properties,1,"1,700",30 - 40,300 - 400,May 2021
NOTTINGHILL SUITES,TOH TUCK ROAD,21,Non-landed Properties,1,"2,000",30 - 40,300 - 400,Jun 2021
NOTTINGHILL SUITES,TOH TUCK ROAD,21,Non-landed Properties,1,"1,900",30 - 40,300 - 400,Jun 2021
NOTTINGHILL SUITES,TOH TUCK ROAD,21,Non-landed Properties,2,"1,900",40 - 50,500 - 600,Jul 2021
NOTTINGHILL SUITES,TOH TUCK ROAD,21,Non-landed Properties,1,"1,700",30 - 40,300 - 400,Jul 2021
NOTTINGHILL SUITES,TOH TUCK ROAD,21,Non-landed Properties,1,"1,750",30 - 40,300 - 400,Jul 2021
NOTTINGHILL SUITES,TOH TUCK ROAD,21,Non-landed Properties,1,"1,800",30 - 40,300 - 400,Jul 2021
NOTTINGHILL SUITES,TOH TUCK ROAD,21,Non-landed Properties,1,"1,700",30 - 40,300 - 400,Jul 2021
NOTTINGHILL SUITES,TOH TUCK ROAD,21,Non-landed Properties,1,"2,200",30 - 40,300 - 400,Jul 2021
NOTTINGHILL SUITES,TOH TUCK ROAD,21,Non-landed Properties,1,"1,700",30 - 40,400 - 500,Jul 2021
NOTTINGHILL SUITES,TOH TUCK ROAD,21,Non-landed Properties,1,"2,100",60 - 70,700 - 800,Aug 2021
NOTTINGHILL SUITES,TOH TUCK ROAD,21,Non-landed Properties,1,"1,800",30 - 40,300 - 400,Aug 2021
NOTTINGHILL SUITES,TOH TUCK ROAD,21,Non-landed Properties,1,"2,000",40 - 50,400 - 500,Aug 2021
NOTTINGHILL SUITES,TOH TUCK ROAD,21,Non-landed Properties,1,"1,750",60 - 70,700 - 800,Jul 2021
NOTTINGHILL SUITES,TOH TUCK ROAD,21,Non-landed Properties,1,"2,100",30 - 40,300 - 400,Aug 2021
NOTTINGHILL SUITES,TOH TUCK ROAD,21,Non-landed Properties,1,"2,800",70 - 80,700 - 800,Aug 2021
NOTTINGHILL SUITES,TOH TUCK ROAD,21,Non-landed Properties,2,"2,100",80 - 90,800 - 900,Sep 2021
NOTTINGHILL SUITES,TOH TUCK ROAD,21,Non-landed Properties,1,"1,700",30 - 40,300 - 400,Sep 2021
NOTTINGHILL SUITES,TOH TUCK ROAD,21,Non-landed Properties,1,"2,000",30 - 40,300 - 400,Sep 2021
NOTTINGHILL SUITES,TOH TUCK ROAD,21,Non-landed Properties,1,"1,900",30 - 40,300 - 400,Sep 2021
NOTTINGHILL SUITES,TOH TUCK ROAD,21,Non-landed Properties,1,"1,900",30 - 40,300 - 400,Sep 2021
NOTTINGHILL SUITES,TOH TUCK ROAD,21,Non-landed Properties,1,"2,000",30 - 40,300 - 400,Sep 2021
NOTTINGHILL SUITES,TOH TUCK ROAD,21,Non-landed Properties,1,"1,900",30 - 40,300 - 400,Sep 2021
NOTTINGHILL SUITES,TOH TUCK ROAD,21,Non-landed Properties,1,"2,000",40 - 50,400 - 500,Oct 2021
NOTTINGHILL SUITES,TOH TUCK ROAD,21,Non-landed Properties,1,"1,700",30 - 40,300 - 400,Oct 2021
NOTTINGHILL SUITES,TOH TUCK ROAD,21,Non-landed Properties,2,"2,200",40 - 50,500 - 600,Oct 2021
NOTTINGHILL SUITES,TOH TUCK ROAD,21,Non-landed Properties,2,"2,250",40 - 50,500 - 600,Oct 2021
NOTTINGHILL SUITES,TOH TUCK ROAD,21,Non-landed Properties,1,"2,200",50 - 60,600 - 700,Oct 2021
NOTTINGHILL SUITES,TOH TUCK ROAD,21,Non-landed Properties,1,"2,200",30 - 40,300 - 400,Oct 2021
NOTTINGHILL SUITES,TOH TUCK ROAD,21,Non-landed Properties,1,"1,700",50 - 60,500 - 600,Nov 2021
NOTTINGHILL SUITES,TOH TUCK ROAD,21,Non-landed Properties,1,"1,950",40 - 50,500 - 600,Nov 2021
NOTTINGHILL SUITES,TOH TUCK ROAD,21,Non-landed Properties,1,"1,700",30 - 40,300 - 400,Nov 2021
NOTTINGHILL SUITES,TOH TUCK ROAD,21,Non-landed Properties,1,"1,750",30 - 40,300 - 400,Nov 2021
NOTTINGHILL SUITES,TOH TUCK ROAD,21,Non-landed Properties,1,"2,000",30 - 40,300 - 400,Nov 2021
NOTTINGHILL SUITES,TOH TUCK ROAD,21,Non-landed Properties,1,"1,900",30 - 40,300 - 400,Nov 2021
NOUVEL 18,ANDERSON ROAD,10,Non-landed Properties,3,"9,500",160 - 170,"1,700 - 1,800",Jan 2021
NOUVEL 18,ANDERSON ROAD,10,Non-landed Properties,2,"8,500",140 - 150,"1,500 - 1,600",Jan 2021
NOUVEL 18,ANDERSON ROAD,10,Non-landed Properties,4,"12,200",230 - 240,"2,400 - 2,500",Jan 2021
NOUVEL 18,ANDERSON ROAD,10,Non-landed Properties,2,"6,500",120 - 130,"1,300 - 1,400",Jan 2021
NOUVEL 18,ANDERSON ROAD,10,Non-landed Properties,3,"8,500",140 - 150,"1,500 - 1,600",Jan 2021
NOUVEL 18,ANDERSON ROAD,10,Non-landed Properties,4,"15,000",230 - 240,"2,400 - 2,500",Jan 2021
NOUVEL 18,ANDERSON ROAD,10,Non-landed Properties,3,"8,500",160 - 170,"1,700 - 1,800",Feb 2021
NOUVEL 18,ANDERSON ROAD,10,Non-landed Properties,3,"9,000",150 - 160,"1,600 - 1,700",Mar 2021
NOUVEL 18,ANDERSON ROAD,10,Non-landed Properties,4,"12,800",230 - 240,"2,400 - 2,500",Mar 2021
NOUVEL 18,ANDERSON ROAD,10,Non-landed Properties,3,"9,200",160 - 170,"1,700 - 1,800",Mar 2021
NOUVEL 18,ANDERSON ROAD,10,Non-landed Properties,3,"8,800",140 - 150,"1,500 - 1,600",Mar 2021
NOUVEL 18,ANDERSON ROAD,10,Non-landed Properties,4,"17,500",310 - 320,"3,300 - 3,400",Mar 2021
NOUVEL 18,ANDERSON ROAD,10,Non-landed Properties,4,"12,599",230 - 240,"2,400 - 2,500",Mar 2021
NOUVEL 18,ANDERSON ROAD,10,Non-landed Properties,3,"9,000",150 - 160,"1,600 - 1,700",Apr 2021
NOUVEL 18,ANDERSON ROAD,10,Non-landed Properties,2,"7,600",120 - 130,"1,300 - 1,400",Apr 2021
NOUVEL 18,ANDERSON ROAD,10,Non-landed Properties,2,"7,350",120 - 130,"1,300 - 1,400",May 2021
NOUVEL 18,ANDERSON ROAD,10,Non-landed Properties,2,"8,100",140 - 150,"1,500 - 1,600",Jun 2021
NOUVEL 18,ANDERSON ROAD,10,Non-landed Properties,2,"7,500",120 - 130,"1,300 - 1,400",Jun 2021
NOUVEL 18,ANDERSON ROAD,10,Non-landed Properties,2,"7,294",120 - 130,"1,300 - 1,400",Jun 2021
NOUVEL 18,ANDERSON ROAD,10,Non-landed Properties,4,"13,800",260 - 270,"2,800 - 2,900",Jun 2021
NOUVEL 18,ANDERSON ROAD,10,Non-landed Properties,4,"12,220",230 - 240,"2,400 - 2,500",Jun 2021
NOUVEL 18,ANDERSON ROAD,10,Non-landed Properties,4,"12,400",230 - 240,"2,400 - 2,500",Jul 2021
NOUVEL 18,ANDERSON ROAD,10,Non-landed Properties,4,"13,500",230 - 240,"2,400 - 2,500",Jul 2021
NOUVEL 18,ANDERSON ROAD,10,Non-landed Properties,3,"9,100",160 - 170,"1,700 - 1,800",Jul 2021
NOUVEL 18,ANDERSON ROAD,10,Non-landed Properties,4,"19,000",260 - 270,"2,800 - 2,900",Jul 2021
NOUVEL 18,ANDERSON ROAD,10,Non-landed Properties,3,"8,500",140 - 150,"1,500 - 1,600",Jul 2021
NOUVEL 18,ANDERSON ROAD,10,Non-landed Properties,4,"12,500",230 - 240,"2,400 - 2,500",Jul 2021
NOUVEL 18,ANDERSON ROAD,10,Non-landed Properties,3,"8,820",140 - 150,"1,500 - 1,600",Aug 2021
NOUVEL 18,ANDERSON ROAD,10,Non-landed Properties,2,"8,100",140 - 150,"1,500 - 1,600",Aug 2021
NOUVEL 18,ANDERSON ROAD,10,Non-landed Properties,5,"32,000",600 - 610,"6,400 - 6,500",Aug 2021
NOUVEL 18,ANDERSON ROAD,10,Non-landed Properties,2,"7,260",120 - 130,"1,300 - 1,400",Sep 2021
NOUVEL 18,ANDERSON ROAD,10,Non-landed Properties,4,"15,000",260 - 270,"2,800 - 2,900",Sep 2021
NOUVEL 18,ANDERSON ROAD,10,Non-landed Properties,3,"8,800",140 - 150,"1,500 - 1,600",Sep 2021
NOUVEL 18,ANDERSON ROAD,10,Non-landed Properties,2,"8,100",120 - 130,"1,300 - 1,400",Sep 2021
NOUVEL 18,ANDERSON ROAD,10,Non-landed Properties,3,"8,800",140 - 150,"1,500 - 1,600",Sep 2021
NOUVEL 18,ANDERSON ROAD,10,Non-landed Properties,4,"12,500",230 - 240,"2,400 - 2,500",Sep 2021
NOUVEL 18,ANDERSON ROAD,10,Non-landed Properties,4,"14,000",230 - 240,"2,400 - 2,500",Sep 2021
NOUVEL 18,ANDERSON ROAD,10,Non-landed Properties,3,"8,800",160 - 170,"1,700 - 1,800",Sep 2021
NOUVEL 18,ANDERSON ROAD,10,Non-landed Properties,3,"9,500",160 - 170,"1,700 - 1,800",Sep 2021
NOUVEL 18,ANDERSON ROAD,10,Non-landed Properties,3,"8,600",150 - 160,"1,600 - 1,700",Oct 2021
NOUVEL 18,ANDERSON ROAD,10,Non-landed Properties,3,"9,800",160 - 170,"1,700 - 1,800",Oct 2021
NOUVEL 18,ANDERSON ROAD,10,Non-landed Properties,2,"7,300",120 - 130,"1,300 - 1,400",Oct 2021
NOUVEL 18,ANDERSON ROAD,10,Non-landed Properties,3,"9,500",160 - 170,"1,700 - 1,800",Oct 2021
NOUVEL 18,ANDERSON ROAD,10,Non-landed Properties,2,"8,600",140 - 150,"1,500 - 1,600",Nov 2021
NOUVEL 18,ANDERSON ROAD,10,Non-landed Properties,4,"18,500",310 - 320,"3,300 - 3,400",Nov 2021
NOUVEL 18,ANDERSON ROAD,10,Non-landed Properties,2,"7,900",140 - 150,"1,500 - 1,600",Nov 2021
NOUVEL 18,ANDERSON ROAD,10,Non-landed Properties,2,"7,300",120 - 130,"1,300 - 1,400",Nov 2021
NOUVELLE PARK,POH HUAT ROAD WEST,19,Non-landed Properties,3,"2,400",100 - 110,"1,100 - 1,200",Jan 2021
NOUVELLE PARK,POH HUAT ROAD WEST,19,Non-landed Properties,3,"2,400",100 - 110,"1,000 - 1,100",Feb 2021
NOUVELLE PARK,POH HUAT ROAD WEST,19,Non-landed Properties,3,"3,200",130 - 140,"1,400 - 1,500",Mar 2021
NOUVELLE PARK,POH HUAT ROAD WEST,19,Non-landed Properties,3,"2,400",100 - 110,"1,100 - 1,200",Apr 2021
NOUVELLE PARK,POH HUAT ROAD WEST,19,Non-landed Properties,3,"2,600",150 - 160,"1,600 - 1,700",Jun 2021
NOUVELLE PARK,POH HUAT ROAD WEST,19,Non-landed Properties,3,"2,700",140 - 150,"1,500 - 1,600",Jun 2021
NOUVELLE PARK,POH HUAT ROAD WEST,19,Non-landed Properties,3,"2,500",130 - 140,"1,400 - 1,500",Jun 2021
NOUVELLE PARK,POH HUAT ROAD WEST,19,Non-landed Properties,3,"2,700",100 - 110,"1,000 - 1,100",Jul 2021
NOUVELLE PARK,POH HUAT ROAD WEST,19,Non-landed Properties,3,"2,700",100 - 110,"1,100 - 1,200",Aug 2021
NOUVELLE PARK,POH HUAT ROAD WEST,19,Non-landed Properties,3,"2,450",160 - 170,"1,800 - 1,900",Sep 2021
NOVA 48,PROME ROAD,12,Non-landed Properties,3,"3,660",90 - 100,"1,000 - 1,100",Jan 2021
NOVA 48,PROME ROAD,12,Non-landed Properties,3,"3,500",100 - 110,"1,000 - 1,100",Feb 2021
NOVA 48,PROME ROAD,12,Non-landed Properties,3,"3,200",100 - 110,"1,100 - 1,200",Mar 2021
NOVA 48,PROME ROAD,12,Non-landed Properties,3,"2,800",80 - 90,"900 - 1,000",Mar 2021
NOVA 48,PROME ROAD,12,Non-landed Properties,1,"2,000",60 - 70,600 - 700,May 2021
NOVA 48,PROME ROAD,12,Non-landed Properties,3,"3,000",80 - 90,"900 - 1,000",Jun 2021
NOVA 48,PROME ROAD,12,Non-landed Properties,3,"3,200",100 - 110,"1,000 - 1,100",Jun 2021
NOVA 48,PROME ROAD,12,Non-landed Properties,2,"2,950",80 - 90,800 - 900,Aug 2021
NOVA 48,PROME ROAD,12,Non-landed Properties,3,"3,500",110 - 120,"1,200 - 1,300",Sep 2021
NOVA 48,PROME ROAD,12,Non-landed Properties,3,"3,600",80 - 90,"900 - 1,000",Sep 2021
NOVA 48,PROME ROAD,12,Non-landed Properties,3,"3,700",110 - 120,"1,200 - 1,300",Oct 2021
NOVA 48,PROME ROAD,12,Non-landed Properties,3,"3,100",100 - 110,"1,100 - 1,200",Nov 2021
NOVA 88,BHAMO ROAD,12,Non-landed Properties,3,"3,100",110 - 120,"1,100 - 1,200",Jan 2021
NOVA 88,BHAMO ROAD,12,Non-landed Properties,4,"3,500",120 - 130,"1,200 - 1,300",Jan 2021
NOVA 88,BHAMO ROAD,12,Non-landed Properties,1,"2,288",50 - 60,600 - 700,Feb 2021
NOVA 88,BHAMO ROAD,12,Non-landed Properties,1,"2,400",50 - 60,600 - 700,Mar 2021
NOVA 88,BHAMO ROAD,12,Non-landed Properties,2,"2,850",80 - 90,"900 - 1,000",Apr 2021
NOVA 88,BHAMO ROAD,12,Non-landed Properties,2,"3,100",90 - 100,"900 - 1,000",Apr 2021
NOVA 88,BHAMO ROAD,12,Non-landed Properties,2,"2,900",80 - 90,"900 - 1,000",Apr 2021
NOVA 88,BHAMO ROAD,12,Non-landed Properties,2,"2,650",80 - 90,"900 - 1,000",Apr 2021
NOVA 88,BHAMO ROAD,12,Non-landed Properties,1,"2,200",50 - 60,600 - 700,Apr 2021
NOVA 88,BHAMO ROAD,12,Non-landed Properties,1,"2,500",60 - 70,700 - 800,Jun 2021
NOVA 88,BHAMO ROAD,12,Non-landed Properties,2,"2,900",80 - 90,"900 - 1,000",Jun 2021
NOVA 88,BHAMO ROAD,12,Non-landed Properties,3,"3,500",110 - 120,"1,200 - 1,300",Jun 2021
NOVA 88,BHAMO ROAD,12,Non-landed Properties,3,"3,350",110 - 120,"1,200 - 1,300",Jun 2021
NOVA 88,BHAMO ROAD,12,Non-landed Properties,4,"3,500",120 - 130,"1,200 - 1,300",Jul 2021
NOVA 88,BHAMO ROAD,12,Non-landed Properties,3,"4,200",170 - 180,"1,800 - 1,900",Jul 2021
NOVA 88,BHAMO ROAD,12,Non-landed Properties,NA,"2,100",40 - 50,500 - 600,Jul 2021
NOVA 88,BHAMO ROAD,12,Non-landed Properties,2,"2,850",80 - 90,"900 - 1,000",Aug 2021
NOVA 88,BHAMO ROAD,12,Non-landed Properties,2,"2,900",80 - 90,"900 - 1,000",Aug 2021
NOVA 88,BHAMO ROAD,12,Non-landed Properties,NA,"2,000",50 - 60,500 - 600,Sep 2021
NOVA 88,BHAMO ROAD,12,Non-landed Properties,2,"2,800",80 - 90,"900 - 1,000",Oct 2021
NOVA 88,BHAMO ROAD,12,Non-landed Properties,NA,"2,000",40 - 50,500 - 600,Oct 2021
NOVA 88,BHAMO ROAD,12,Non-landed Properties,3,"3,700",110 - 120,"1,200 - 1,300",Oct 2021
NOVA 88,BHAMO ROAD,12,Non-landed Properties,2,"2,800",90 - 100,"900 - 1,000",Oct 2021
NOVA 88,BHAMO ROAD,12,Non-landed Properties,2,"2,900",80 - 90,"900 - 1,000",Nov 2021
NOVA 88,BHAMO ROAD,12,Non-landed Properties,2,"2,900",90 - 100,"900 - 1,000",Oct 2021
NOVA 88,BHAMO ROAD,12,Non-landed Properties,2,"3,200",80 - 90,"900 - 1,000",Nov 2021
NOVELIS,SINARAN DRIVE,11,Non-landed Properties,1,"2,500",40 - 50,500 - 600,Jan 2021
NOVELIS,SINARAN DRIVE,11,Non-landed Properties,2,"3,000",70 - 80,800 - 900,Jan 2021
NOVELIS,SINARAN DRIVE,11,Non-landed Properties,1,"2,700",40 - 50,500 - 600,Feb 2021
NOVELIS,SINARAN DRIVE,11,Non-landed Properties,2,"3,000",70 - 80,800 - 900,Apr 2021
NOVELIS,SINARAN DRIVE,11,Non-landed Properties,3,"4,200",110 - 120,"1,200 - 1,300",May 2021
NOVELIS,SINARAN DRIVE,11,Non-landed Properties,2,"3,000",70 - 80,800 - 900,Jun 2021
NOVELIS,SINARAN DRIVE,11,Non-landed Properties,1,"2,500",40 - 50,500 - 600,Jun 2021
NOVELIS,SINARAN DRIVE,11,Non-landed Properties,1,"2,900",40 - 50,500 - 600,May 2021
NOVELIS,SINARAN DRIVE,11,Non-landed Properties,2,"3,100",70 - 80,800 - 900,Jul 2021
NOVELIS,SINARAN DRIVE,11,Non-landed Properties,1,"2,700",40 - 50,500 - 600,Aug 2021
NOVELIS,SINARAN DRIVE,11,Non-landed Properties,1,"2,550",40 - 50,500 - 600,Oct 2021
NOVELIS,SINARAN DRIVE,11,Non-landed Properties,1,"2,300",40 - 50,500 - 600,Oct 2021
NOVELIS,SINARAN DRIVE,11,Non-landed Properties,2,"3,400",70 - 80,800 - 900,Nov 2021
NOVELIS,SINARAN DRIVE,11,Non-landed Properties,1,"2,700",40 - 50,500 - 600,Nov 2021
NOVENA COURT,JALAN NOVENA BARAT,11,Non-landed Properties,NA,"2,400",70 - 80,700 - 800,Jan 2021
NOVENA COURT,JALAN NOVENA BARAT,11,Non-landed Properties,NA,"3,000",70 - 80,700 - 800,Jan 2021
NOVENA COURT,JALAN NOVENA BARAT,11,Non-landed Properties,NA,"2,750",80 - 90,800 - 900,Feb 2021
NOVENA COURT,JALAN NOVENA BARAT,11,Non-landed Properties,NA,"2,600",70 - 80,700 - 800,Mar 2021
NOVENA COURT,JALAN NOVENA BARAT,11,Non-landed Properties,NA,"2,600",80 - 90,800 - 900,Mar 2021
NOVENA COURT,JALAN NOVENA BARAT,11,Non-landed Properties,NA,"2,600",80 - 90,800 - 900,Mar 2021
NOVENA COURT,JALAN NOVENA BARAT,11,Non-landed Properties,NA,"2,550",80 - 90,800 - 900,Mar 2021
NOVENA COURT,JALAN NOVENA BARAT,11,Non-landed Properties,NA,"2,600",80 - 90,800 - 900,Apr 2021
NOVENA COURT,JALAN NOVENA BARAT,11,Non-landed Properties,NA,"2,500",80 - 90,800 - 900,Apr 2021
NOVENA COURT,JALAN NOVENA BARAT,11,Non-landed Properties,NA,"2,400",70 - 80,700 - 800,Mar 2021
NOVENA COURT,JALAN NOVENA BARAT,11,Non-landed Properties,NA,"2,600",70 - 80,800 - 900,May 2021
NOVENA COURT,JALAN NOVENA BARAT,11,Non-landed Properties,NA,"2,500",80 - 90,800 - 900,May 2021
NOVENA COURT,JALAN NOVENA BARAT,11,Non-landed Properties,NA,"2,650",80 - 90,800 - 900,Jun 2021
NOVENA COURT,JALAN NOVENA BARAT,11,Non-landed Properties,NA,"2,400",70 - 80,700 - 800,Jun 2021
NOVENA COURT,JALAN NOVENA BARAT,11,Non-landed Properties,NA,"2,500",70 - 80,800 - 900,Jul 2021
NOVENA COURT,JALAN NOVENA BARAT,11,Non-landed Properties,NA,"2,800",80 - 90,800 - 900,Jul 2021
NOVENA COURT,JALAN NOVENA BARAT,11,Non-landed Properties,NA,"3,200",80 - 90,800 - 900,Jul 2021
NOVENA COURT,JALAN NOVENA BARAT,11,Non-landed Properties,NA,"2,800",80 - 90,800 - 900,Aug 2021
NOVENA COURT,JALAN NOVENA BARAT,11,Non-landed Properties,NA,"2,600",80 - 90,800 - 900,Aug 2021
NOVENA COURT,JALAN NOVENA BARAT,11,Non-landed Properties,NA,"2,200",80 - 90,800 - 900,Sep 2021
NOVENA COURT,JALAN NOVENA BARAT,11,Non-landed Properties,NA,"2,650",80 - 90,800 - 900,Sep 2021
NOVENA COURT,JALAN NOVENA BARAT,11,Non-landed Properties,NA,"2,350",70 - 80,700 - 800,Sep 2021
NOVENA COURT,JALAN NOVENA BARAT,11,Non-landed Properties,NA,"3,300",70 - 80,800 - 900,Sep 2021
NOVENA COURT,JALAN NOVENA BARAT,11,Non-landed Properties,NA,"1,800",80 - 90,800 - 900,Sep 2021
NOVENA COURT,JALAN NOVENA BARAT,11,Non-landed Properties,NA,"2,600",80 - 90,800 - 900,Oct 2021
NOVENA COURT,JALAN NOVENA BARAT,11,Non-landed Properties,NA,"3,100",80 - 90,800 - 900,Oct 2021
NOVENA COURT,JALAN NOVENA BARAT,11,Non-landed Properties,NA,"3,100",80 - 90,800 - 900,Oct 2021
NOVENA COURT,JALAN NOVENA BARAT,11,Non-landed Properties,NA,"2,850",70 - 80,700 - 800,Oct 2021
NOVENA COURT,JALAN NOVENA BARAT,11,Non-landed Properties,NA,"3,000",80 - 90,800 - 900,Oct 2021
NOVENA GARDENS,THOMSON ROAD,11,Non-landed Properties,NA,"3,700",240 - 250,"2,500 - 2,600",Jan 2021
NOVENA GARDENS,THOMSON ROAD,11,Non-landed Properties,NA,"4,300",170 - 180,"1,800 - 1,900",Jan 2021
NOVENA GARDENS,THOMSON ROAD,11,Non-landed Properties,NA,"4,700",170 - 180,"1,800 - 1,900",Mar 2021
NOVENA GARDENS,THOMSON ROAD,11,Non-landed Properties,NA,"4,900",160 - 170,"1,700 - 1,800",Apr 2021
NOVENA GARDENS,THOMSON ROAD,11,Non-landed Properties,NA,"9,000",330 - 340,"3,500 - 3,600",Apr 2021
NOVENA GARDENS,THOMSON ROAD,11,Non-landed Properties,NA,"4,200",160 - 170,"1,700 - 1,800",Sep 2021
NOVENA HILL,JALAN NOVENA,11,Non-landed Properties,NA,"2,000",60 - 70,600 - 700,Jan 2021
NOVENA HILL,JALAN NOVENA,11,Non-landed Properties,NA,"1,900",60 - 70,600 - 700,Jan 2021
NOVENA HILL,JALAN NOVENA,11,Non-landed Properties,NA,"2,300",60 - 70,700 - 800,Feb 2021
NOVENA HILL,JALAN NOVENA,11,Non-landed Properties,NA,"2,100",60 - 70,600 - 700,Mar 2021
NOVENA HILL,JALAN NOVENA,11,Non-landed Properties,NA,"2,300",60 - 70,600 - 700,Mar 2021
NOVENA HILL,JALAN NOVENA,11,Non-landed Properties,NA,"2,100",60 - 70,700 - 800,Apr 2021
NOVENA HILL,JALAN NOVENA,11,Non-landed Properties,NA,"1,900",60 - 70,600 - 700,May 2021
NOVENA HILL,JALAN NOVENA,11,Non-landed Properties,NA,"2,200",60 - 70,700 - 800,Sep 2021
NOVENA HILL,JALAN NOVENA,11,Non-landed Properties,NA,"2,300",60 - 70,600 - 700,Aug 2021
NOVENA HILL,JALAN NOVENA,11,Non-landed Properties,NA,"2,200",60 - 70,700 - 800,Oct 2021
NOVENA HILL,JALAN NOVENA,11,Non-landed Properties,NA,"1,850",60 - 70,700 - 800,Oct 2021
NOVENA HILL,JALAN NOVENA,11,Non-landed Properties,NA,"1,800",60 - 70,600 - 700,Oct 2021
NOVENA HILL,JALAN NOVENA,11,Non-landed Properties,NA,"2,300",60 - 70,700 - 800,Oct 2021
NOVENA LODGE,JALAN MERLIMAU,11,Non-landed Properties,3,"2,300",80 - 90,"900 - 1,000",Jan 2021
NOVENA LODGE,JALAN MERLIMAU,11,Non-landed Properties,2,"2,750",60 - 70,700 - 800,Feb 2021
NOVENA LODGE,JALAN MERLIMAU,11,Non-landed Properties,3,"2,700",90 - 100,"1,000 - 1,100",Feb 2021
NOVENA LODGE,JALAN MERLIMAU,11,Non-landed Properties,2,"2,200",60 - 70,600 - 700,Feb 2021
NOVENA LODGE,JALAN MERLIMAU,11,Non-landed Properties,3,"2,700",80 - 90,"900 - 1,000",Mar 2021
NOVENA LODGE,JALAN MERLIMAU,11,Non-landed Properties,3,"3,000",90 - 100,"900 - 1,000",Mar 2021
NOVENA LODGE,JALAN MERLIMAU,11,Non-landed Properties,3,"2,980",80 - 90,"900 - 1,000",May 2021
NOVENA LODGE,JALAN MERLIMAU,11,Non-landed Properties,2,"2,800",60 - 70,700 - 800,May 2021
NOVENA LODGE,JALAN MERLIMAU,11,Non-landed Properties,2,"2,500",80 - 90,800 - 900,Jun 2021
NOVENA LODGE,JALAN MERLIMAU,11,Non-landed Properties,2,"2,250",70 - 80,700 - 800,Jul 2021
NOVENA LODGE,JALAN MERLIMAU,11,Non-landed Properties,2,"3,400",70 - 80,700 - 800,Jul 2021
NOVENA LODGE,JALAN MERLIMAU,11,Non-landed Properties,2,"2,300",60 - 70,600 - 700,Jul 2021
NOVENA LODGE,JALAN MERLIMAU,11,Non-landed Properties,3,"3,200",80 - 90,"900 - 1,000",Jul 2021
NOVENA LODGE,JALAN MERLIMAU,11,Non-landed Properties,2,"2,400",70 - 80,700 - 800,Aug 2021
NOVENA LODGE,JALAN MERLIMAU,11,Non-landed Properties,1,"2,664",50 - 60,500 - 600,Aug 2021
NOVENA LODGE,JALAN MERLIMAU,11,Non-landed Properties,3,"3,500",80 - 90,"900 - 1,000",Sep 2021
NOVENA LODGE,JALAN MERLIMAU,11,Non-landed Properties,3,"3,050",80 - 90,"900 - 1,000",Sep 2021
NOVENA LODGE,JALAN MERLIMAU,11,Non-landed Properties,1,"2,500",50 - 60,500 - 600,Oct 2021
NOVENA LODGE,JALAN MERLIMAU,11,Non-landed Properties,3,"2,800",80 - 90,"900 - 1,000",Oct 2021
NOVENA LODGE,JALAN MERLIMAU,11,Non-landed Properties,3,"3,100",80 - 90,"900 - 1,000",Oct 2021
NOVENA LODGE,JALAN MERLIMAU,11,Non-landed Properties,1,"2,100",50 - 60,500 - 600,Oct 2021
NOVENA REGENCY,THOMSON ROAD,11,Non-landed Properties,1,"2,300",40 - 50,400 - 500,Jan 2021
NOVENA REGENCY,THOMSON ROAD,11,Non-landed Properties,2,"2,600",50 - 60,500 - 600,Feb 2021
NOVENA REGENCY,THOMSON ROAD,11,Non-landed Properties,1,"2,000",40 - 50,400 - 500,Feb 2021
NOVENA REGENCY,THOMSON ROAD,11,Non-landed Properties,3,"4,200",80 - 90,800 - 900,Feb 2021
NOVENA REGENCY,THOMSON ROAD,11,Non-landed Properties,1,"2,400",40 - 50,400 - 500,Jan 2021
NOVENA REGENCY,THOMSON ROAD,11,Non-landed Properties,2,"2,600",50 - 60,500 - 600,Feb 2021
NOVENA REGENCY,THOMSON ROAD,11,Non-landed Properties,1,"2,000",40 - 50,400 - 500,Feb 2021
NOVENA REGENCY,THOMSON ROAD,11,Non-landed Properties,2,"2,600",50 - 60,600 - 700,Mar 2021
NOVENA REGENCY,THOMSON ROAD,11,Non-landed Properties,1,"2,250",40 - 50,400 - 500,Mar 2021
NOVENA REGENCY,THOMSON ROAD,11,Non-landed Properties,2,"3,000",50 - 60,600 - 700,Mar 2021
NOVENA REGENCY,THOMSON ROAD,11,Non-landed Properties,2,"2,700",50 - 60,500 - 600,Mar 2021
NOVENA REGENCY,THOMSON ROAD,11,Non-landed Properties,2,"2,600",50 - 60,600 - 700,Mar 2021
NOVENA REGENCY,THOMSON ROAD,11,Non-landed Properties,2,"2,500",60 - 70,600 - 700,Mar 2021
NOVENA REGENCY,THOMSON ROAD,11,Non-landed Properties,1,"2,600",40 - 50,400 - 500,Mar 2021
NOVENA REGENCY,THOMSON ROAD,11,Non-landed Properties,2,"2,600",50 - 60,500 - 600,Mar 2021
NOVENA REGENCY,THOMSON ROAD,11,Non-landed Properties,2,"2,000",60 - 70,600 - 700,Apr 2021
NOVENA REGENCY,THOMSON ROAD,11,Non-landed Properties,2,"3,400",60 - 70,600 - 700,Mar 2021
NOVENA REGENCY,THOMSON ROAD,11,Non-landed Properties,1,"2,200",40 - 50,400 - 500,May 2021
NOVENA REGENCY,THOMSON ROAD,11,Non-landed Properties,3,"3,600",80 - 90,"900 - 1,000",May 2021
NOVENA REGENCY,THOMSON ROAD,11,Non-landed Properties,1,"2,200",40 - 50,400 - 500,Jun 2021
NOVENA REGENCY,THOMSON ROAD,11,Non-landed Properties,2,"2,900",50 - 60,500 - 600,Jun 2021
NOVENA REGENCY,THOMSON ROAD,11,Non-landed Properties,1,"2,200",40 - 50,400 - 500,Jul 2021
NOVENA REGENCY,THOMSON ROAD,11,Non-landed Properties,1,"2,300",40 - 50,400 - 500,Jul 2021
NOVENA REGENCY,THOMSON ROAD,11,Non-landed Properties,1,"2,300",40 - 50,400 - 500,Jul 2021
NOVENA REGENCY,THOMSON ROAD,11,Non-landed Properties,2,"3,300",90 - 100,"1,000 - 1,100",Jul 2021
NOVENA REGENCY,THOMSON ROAD,11,Non-landed Properties,2,"2,650",50 - 60,500 - 600,Jul 2021
NOVENA REGENCY,THOMSON ROAD,11,Non-landed Properties,2,"2,600",50 - 60,500 - 600,Aug 2021
NOVENA REGENCY,THOMSON ROAD,11,Non-landed Properties,1,"2,350",40 - 50,400 - 500,Jul 2021
NOVENA REGENCY,THOMSON ROAD,11,Non-landed Properties,2,"2,600",50 - 60,500 - 600,Aug 2021
NOVENA REGENCY,THOMSON ROAD,11,Non-landed Properties,2,"3,000",60 - 70,600 - 700,Sep 2021
NOVENA REGENCY,THOMSON ROAD,11,Non-landed Properties,1,"2,250",40 - 50,400 - 500,Sep 2021
NOVENA REGENCY,THOMSON ROAD,11,Non-landed Properties,2,"2,700",50 - 60,500 - 600,Sep 2021
NOVENA REGENCY,THOMSON ROAD,11,Non-landed Properties,1,"2,400",40 - 50,400 - 500,Sep 2021
NOVENA REGENCY,THOMSON ROAD,11,Non-landed Properties,3,"4,100",80 - 90,"900 - 1,000",Oct 2021
NOVENA REGENCY,THOMSON ROAD,11,Non-landed Properties,1,"2,300",40 - 50,400 - 500,Oct 2021
NOVENA REGENCY,THOMSON ROAD,11,Non-landed Properties,2,"2,300",50 - 60,500 - 600,Oct 2021
NOVENA REGENCY,THOMSON ROAD,11,Non-landed Properties,2,"2,900",50 - 60,500 - 600,Oct 2021
NOVENA REGENCY,THOMSON ROAD,11,Non-landed Properties,2,"2,000",50 - 60,500 - 600,Oct 2021
NOVENA SUITES,MOULMEIN ROAD,11,Non-landed Properties,2,"3,300",80 - 90,"900 - 1,000",Jan 2021
NOVENA SUITES,MOULMEIN ROAD,11,Non-landed Properties,1,"2,700",60 - 70,600 - 700,Jan 2021
NOVENA SUITES,MOULMEIN ROAD,11,Non-landed Properties,1,"2,500",60 - 70,600 - 700,Feb 2021
NOVENA SUITES,MOULMEIN ROAD,11,Non-landed Properties,1,"2,700",70 - 80,700 - 800,Feb 2021
NOVENA SUITES,MOULMEIN ROAD,11,Non-landed Properties,2,"3,400",80 - 90,"900 - 1,000",Mar 2021
NOVENA SUITES,MOULMEIN ROAD,11,Non-landed Properties,1,"4,500",130 - 140,"1,400 - 1,500",Mar 2021
NOVENA SUITES,MOULMEIN ROAD,11,Non-landed Properties,1,"3,300",70 - 80,700 - 800,Feb 2021
NOVENA SUITES,MOULMEIN ROAD,11,Non-landed Properties,2,"3,200",80 - 90,"900 - 1,000",Mar 2021
NOVENA SUITES,MOULMEIN ROAD,11,Non-landed Properties,1,"2,700",60 - 70,600 - 700,Mar 2021
NOVENA SUITES,MOULMEIN ROAD,11,Non-landed Properties,1,"3,000",60 - 70,600 - 700,Apr 2021
NOVENA SUITES,MOULMEIN ROAD,11,Non-landed Properties,2,"3,400",80 - 90,"900 - 1,000",Apr 2021
NOVENA SUITES,MOULMEIN ROAD,11,Non-landed Properties,2,"3,300",80 - 90,"900 - 1,000",Apr 2021
NOVENA SUITES,MOULMEIN ROAD,11,Non-landed Properties,1,"3,000",60 - 70,600 - 700,May 2021
NOVENA SUITES,MOULMEIN ROAD,11,Non-landed Properties,1,"3,400",70 - 80,700 - 800,May 2021
NOVENA SUITES,MOULMEIN ROAD,11,Non-landed Properties,1,"2,800",60 - 70,600 - 700,May 2021
NOVENA SUITES,MOULMEIN ROAD,11,Non-landed Properties,1,"2,900",60 - 70,600 - 700,May 2021
NOVENA SUITES,MOULMEIN ROAD,11,Non-landed Properties,2,"6,000",170 - 180,"1,800 - 1,900",May 2021
NOVENA SUITES,MOULMEIN ROAD,11,Non-landed Properties,2,"3,400",80 - 90,"900 - 1,000",May 2021
NOVENA SUITES,MOULMEIN ROAD,11,Non-landed Properties,1,"3,000",70 - 80,700 - 800,May 2021
NOVENA SUITES,MOULMEIN ROAD,11,Non-landed Properties,2,"3,500",80 - 90,"900 - 1,000",Jun 2021
NOVENA SUITES,MOULMEIN ROAD,11,Non-landed Properties,2,"3,300",80 - 90,"900 - 1,000",Jun 2021
NOVENA SUITES,MOULMEIN ROAD,11,Non-landed Properties,1,"3,000",70 - 80,700 - 800,Jul 2021
NOVENA SUITES,MOULMEIN ROAD,11,Non-landed Properties,1,"2,600",60 - 70,600 - 700,Jul 2021
NOVENA SUITES,MOULMEIN ROAD,11,Non-landed Properties,1,"3,100",70 - 80,700 - 800,Jul 2021
NOVENA SUITES,MOULMEIN ROAD,11,Non-landed Properties,1,"2,700",60 - 70,600 - 700,Aug 2021
NOVENA SUITES,MOULMEIN ROAD,11,Non-landed Properties,1,"3,200",70 - 80,700 - 800,Aug 2021
NOVENA SUITES,MOULMEIN ROAD,11,Non-landed Properties,1,"2,750",60 - 70,600 - 700,Sep 2021
NOVENA SUITES,MOULMEIN ROAD,11,Non-landed Properties,2,"4,000",80 - 90,"900 - 1,000",Sep 2021
NOVENA SUITES,MOULMEIN ROAD,11,Non-landed Properties,2,"3,400",80 - 90,"900 - 1,000",Sep 2021
NOVENA SUITES,MOULMEIN ROAD,11,Non-landed Properties,1,"3,000",70 - 80,700 - 800,Aug 2021
NOVENA SUITES,MOULMEIN ROAD,11,Non-landed Properties,1,"3,100",70 - 80,700 - 800,Sep 2021
NOVENA SUITES,MOULMEIN ROAD,11,Non-landed Properties,1,"3,350",70 - 80,700 - 800,Sep 2021
NOVENA SUITES,MOULMEIN ROAD,11,Non-landed Properties,1,"3,000",70 - 80,700 - 800,Sep 2021
NOVENA SUITES,MOULMEIN ROAD,11,Non-landed Properties,2,"3,700",80 - 90,"900 - 1,000",Oct 2021
NOVENA SUITES,MOULMEIN ROAD,11,Non-landed Properties,1,"3,400",70 - 80,700 - 800,Nov 2021
NOVENA SUITES,MOULMEIN ROAD,11,Non-landed Properties,1,"3,300",70 - 80,700 - 800,Nov 2021
NOVENA SUITES,MOULMEIN ROAD,11,Non-landed Properties,2,"3,400",80 - 90,"900 - 1,000",Nov 2021
NUOVO,ANG MO KIO AVENUE 9,20,Executive Condominium,3,"3,000",130 - 140,"1,400 - 1,500",Jan 2021
NUOVO,ANG MO KIO AVENUE 9,20,Executive Condominium,3,"2,900",120 - 130,"1,300 - 1,400",Jan 2021
NUOVO,ANG MO KIO AVENUE 9,20,Executive Condominium,3,"2,800",110 - 120,"1,200 - 1,300",Feb 2021
NUOVO,ANG MO KIO AVENUE 9,20,Executive Condominium,3,"2,900",130 - 140,"1,400 - 1,500",Feb 2021
NUOVO,ANG MO KIO AVENUE 9,20,Executive Condominium,3,"3,100",130 - 140,"1,400 - 1,500",Mar 2021
NUOVO,ANG MO KIO AVENUE 9,20,Executive Condominium,3,"2,400",100 - 110,"1,100 - 1,200",Apr 2021
NUOVO,ANG MO KIO AVENUE 9,20,Executive Condominium,3,"4,800",240 - 250,"2,500 - 2,600",May 2021
NUOVO,ANG MO KIO AVENUE 9,20,Executive Condominium,3,"2,800",110 - 120,"1,200 - 1,300",May 2021
NUOVO,ANG MO KIO AVENUE 9,20,Executive Condominium,3,"2,900",100 - 110,"1,100 - 1,200",Jun 2021
NUOVO,ANG MO KIO AVENUE 9,20,Executive Condominium,3,"3,750",220 - 230,"2,400 - 2,500",Jul 2021
NUOVO,ANG MO KIO AVENUE 9,20,Executive Condominium,3,"3,000",110 - 120,"1,200 - 1,300",Jul 2021
NUOVO,ANG MO KIO AVENUE 9,20,Executive Condominium,3,"3,200",120 - 130,"1,300 - 1,400",Jul 2021
NUOVO,ANG MO KIO AVENUE 9,20,Executive Condominium,3,"2,900",130 - 140,"1,400 - 1,500",Jul 2021
NUOVO,ANG MO KIO AVENUE 9,20,Executive Condominium,3,"3,500",120 - 130,"1,300 - 1,400",Jul 2021
NUOVO,ANG MO KIO AVENUE 9,20,Executive Condominium,3,"2,900",110 - 120,"1,200 - 1,300",Aug 2021
NUOVO,ANG MO KIO AVENUE 9,20,Executive Condominium,3,"2,900",110 - 120,"1,200 - 1,300",Aug 2021
NUOVO,ANG MO KIO AVENUE 9,20,Executive Condominium,3,"3,200",130 - 140,"1,400 - 1,500",Aug 2021
NUOVO,ANG MO KIO AVENUE 9,20,Executive Condominium,3,"2,800",100 - 110,"1,100 - 1,200",Sep 2021
NUOVO,ANG MO KIO AVENUE 9,20,Executive Condominium,3,"2,800",120 - 130,"1,300 - 1,400",Sep 2021
NUOVO,ANG MO KIO AVENUE 9,20,Executive Condominium,3,"2,500",100 - 110,"1,100 - 1,200",Oct 2021
NUOVO,ANG MO KIO AVENUE 9,20,Executive Condominium,3,"2,800",120 - 130,"1,300 - 1,400",Sep 2021
NUOVO,ANG MO KIO AVENUE 9,20,Executive Condominium,4,"4,100",140 - 150,"1,500 - 1,600",Nov 2021
NUTMEG COURT,NUTMEG ROAD,09,Non-landed Properties,NA,"3,400",90 - 100,"900 - 1,000",Jul 2021
NV RESIDENCES,PASIR RIS GROVE,18,Non-landed Properties,3,"2,650",110 - 120,"1,100 - 1,200",Jan 2021
NV RESIDENCES,PASIR RIS GROVE,18,Non-landed Properties,2,"2,200",70 - 80,700 - 800,Jan 2021
NV RESIDENCES,PASIR RIS GROVE,18,Non-landed Properties,2,"2,100",60 - 70,700 - 800,Jan 2021
NV RESIDENCES,PASIR RIS GROVE,18,Non-landed Properties,2,"2,000",70 - 80,700 - 800,Jan 2021
NV RESIDENCES,PASIR RIS GROVE,18,Non-landed Properties,3,"2,650",100 - 110,"1,100 - 1,200",Jan 2021
NV RESIDENCES,PASIR RIS GROVE,18,Non-landed Properties,1,"1,850",40 - 50,500 - 600,Jan 2021
NV RESIDENCES,PASIR RIS GROVE,18,Non-landed Properties,2,"2,300",70 - 80,700 - 800,Jan 2021
NV RESIDENCES,PASIR RIS GROVE,18,Non-landed Properties,3,"3,000",110 - 120,"1,100 - 1,200",Jan 2021
NV RESIDENCES,PASIR RIS GROVE,18,Non-landed Properties,1,"1,800",40 - 50,500 - 600,Jan 2021
NV RESIDENCES,PASIR RIS GROVE,18,Non-landed Properties,2,"2,100",80 - 90,"900 - 1,000",Jan 2021
NV RESIDENCES,PASIR RIS GROVE,18,Non-landed Properties,2,"2,100",60 - 70,700 - 800,Jan 2021
NV RESIDENCES,PASIR RIS GROVE,18,Non-landed Properties,3,"3,200",110 - 120,"1,200 - 1,300",Jan 2021
NV RESIDENCES,PASIR RIS GROVE,18,Non-landed Properties,1,"1,650",40 - 50,500 - 600,Jan 2021
NV RESIDENCES,PASIR RIS GROVE,18,Non-landed Properties,2,"2,600",80 - 90,"900 - 1,000",Feb 2021
NV RESIDENCES,PASIR RIS GROVE,18,Non-landed Properties,1,"1,800",60 - 70,600 - 700,Feb 2021
NV RESIDENCES,PASIR RIS GROVE,18,Non-landed Properties,2,"2,100",70 - 80,700 - 800,Feb 2021
NV RESIDENCES,PASIR RIS GROVE,18,Non-landed Properties,2,"2,200",80 - 90,"900 - 1,000",Feb 2021
NV RESIDENCES,PASIR RIS GROVE,18,Non-landed Properties,2,"2,350",80 - 90,"900 - 1,000",Feb 2021
NV RESIDENCES,PASIR RIS GROVE,18,Non-landed Properties,2,"2,300",70 - 80,700 - 800,Feb 2021
NV RESIDENCES,PASIR RIS GROVE,18,Non-landed Properties,2,"2,300",80 - 90,"900 - 1,000",Feb 2021
NV RESIDENCES,PASIR RIS GROVE,18,Non-landed Properties,2,"2,100",70 - 80,700 - 800,Feb 2021
NV RESIDENCES,PASIR RIS GROVE,18,Non-landed Properties,2,"2,300",60 - 70,700 - 800,Mar 2021
NV RESIDENCES,PASIR RIS GROVE,18,Non-landed Properties,1,"1,700",40 - 50,500 - 600,Mar 2021
NV RESIDENCES,PASIR RIS GROVE,18,Non-landed Properties,2,"2,300",80 - 90,"900 - 1,000",Mar 2021
NV RESIDENCES,PASIR RIS GROVE,18,Non-landed Properties,2,"2,300",80 - 90,"900 - 1,000",Mar 2021
NV RESIDENCES,PASIR RIS GROVE,18,Non-landed Properties,2,"2,400",70 - 80,700 - 800,Mar 2021
NV RESIDENCES,PASIR RIS GROVE,18,Non-landed Properties,2,"2,200",80 - 90,"900 - 1,000",Mar 2021
NV RESIDENCES,PASIR RIS GROVE,18,Non-landed Properties,2,"2,000",60 - 70,700 - 800,Mar 2021
NV RESIDENCES,PASIR RIS GROVE,18,Non-landed Properties,2,"2,350",80 - 90,"900 - 1,000",Mar 2021
NV RESIDENCES,PASIR RIS GROVE,18,Non-landed Properties,3,"2,600",110 - 120,"1,100 - 1,200",Mar 2021
NV RESIDENCES,PASIR RIS GROVE,18,Non-landed Properties,3,"2,300",100 - 110,"1,100 - 1,200",Mar 2021
NV RESIDENCES,PASIR RIS GROVE,18,Non-landed Properties,3,"3,000",100 - 110,"1,100 - 1,200",Mar 2021
NV RESIDENCES,PASIR RIS GROVE,18,Non-landed Properties,2,"2,400",80 - 90,"900 - 1,000",Mar 2021
NV RESIDENCES,PASIR RIS GROVE,18,Non-landed Properties,2,"2,400",80 - 90,800 - 900,Mar 2021
NV RESIDENCES,PASIR RIS GROVE,18,Non-landed Properties,3,"2,500",100 - 110,"1,100 - 1,200",Apr 2021
NV RESIDENCES,PASIR RIS GROVE,18,Non-landed Properties,2,"2,300",80 - 90,"900 - 1,000",Apr 2021
NV RESIDENCES,PASIR RIS GROVE,18,Non-landed Properties,2,"2,300",70 - 80,700 - 800,Apr 2021
NV RESIDENCES,PASIR RIS GROVE,18,Non-landed Properties,2,"2,100",80 - 90,"900 - 1,000",Apr 2021
NV RESIDENCES,PASIR RIS GROVE,18,Non-landed Properties,2,"2,300",70 - 80,700 - 800,Apr 2021
NV RESIDENCES,PASIR RIS GROVE,18,Non-landed Properties,2,"2,000",80 - 90,800 - 900,Apr 2021
NV RESIDENCES,PASIR RIS GROVE,18,Non-landed Properties,2,"2,200",80 - 90,"900 - 1,000",Apr 2021
NV RESIDENCES,PASIR RIS GROVE,18,Non-landed Properties,3,"2,950",120 - 130,"1,300 - 1,400",Apr 2021
NV RESIDENCES,PASIR RIS GROVE,18,Non-landed Properties,2,"2,550",80 - 90,"900 - 1,000",Apr 2021
NV RESIDENCES,PASIR RIS GROVE,18,Non-landed Properties,3,"2,650",110 - 120,"1,100 - 1,200",Apr 2021
NV RESIDENCES,PASIR RIS GROVE,18,Non-landed Properties,4,"3,800",150 - 160,"1,600 - 1,700",Apr 2021
NV RESIDENCES,PASIR RIS GROVE,18,Non-landed Properties,2,"1,950",70 - 80,700 - 800,Mar 2021
NV RESIDENCES,PASIR RIS GROVE,18,Non-landed Properties,1,"2,200",60 - 70,600 - 700,May 2021
NV RESIDENCES,PASIR RIS GROVE,18,Non-landed Properties,3,"3,000",110 - 120,"1,100 - 1,200",May 2021
NV RESIDENCES,PASIR RIS GROVE,18,Non-landed Properties,3,"3,200",110 - 120,"1,200 - 1,300",May 2021
NV RESIDENCES,PASIR RIS GROVE,18,Non-landed Properties,2,"2,700",70 - 80,700 - 800,May 2021
NV RESIDENCES,PASIR RIS GROVE,18,Non-landed Properties,2,"2,000",80 - 90,"900 - 1,000",May 2021
NV RESIDENCES,PASIR RIS GROVE,18,Non-landed Properties,2,"2,400",80 - 90,"900 - 1,000",May 2021
NV RESIDENCES,PASIR RIS GROVE,18,Non-landed Properties,4,"3,500",130 - 140,"1,400 - 1,500",Apr 2021
NV RESIDENCES,PASIR RIS GROVE,18,Non-landed Properties,2,"2,300",70 - 80,700 - 800,May 2021
NV RESIDENCES,PASIR RIS GROVE,18,Non-landed Properties,1,"1,850",40 - 50,400 - 500,May 2021
NV RESIDENCES,PASIR RIS GROVE,18,Non-landed Properties,2,"2,000",70 - 80,700 - 800,May 2021
NV RESIDENCES,PASIR RIS GROVE,18,Non-landed Properties,4,"3,400",130 - 140,"1,400 - 1,500",Mar 2021
NV RESIDENCES,PASIR RIS GROVE,18,Non-landed Properties,4,"3,500",130 - 140,"1,400 - 1,500",Apr 2021
NV RESIDENCES,PASIR RIS GROVE,18,Non-landed Properties,2,"2,300",80 - 90,"900 - 1,000",May 2021
NV RESIDENCES,PASIR RIS GROVE,18,Non-landed Properties,3,"3,100",110 - 120,"1,100 - 1,200",Jun 2021
NV RESIDENCES,PASIR RIS GROVE,18,Non-landed Properties,2,"2,100",70 - 80,700 - 800,Jun 2021
NV RESIDENCES,PASIR RIS GROVE,18,Non-landed Properties,2,"2,300",80 - 90,"900 - 1,000",Jun 2021
NV RESIDENCES,PASIR RIS GROVE,18,Non-landed Properties,3,"2,800",100 - 110,"1,100 - 1,200",Jun 2021
NV RESIDENCES,PASIR RIS GROVE,18,Non-landed Properties,3,"3,200",110 - 120,"1,100 - 1,200",Jun 2021
NV RESIDENCES,PASIR RIS GROVE,18,Non-landed Properties,3,"2,700",110 - 120,"1,100 - 1,200",Jun 2021
NV RESIDENCES,PASIR RIS GROVE,18,Non-landed Properties,2,"2,250",70 - 80,700 - 800,Jun 2021
NV RESIDENCES,PASIR RIS GROVE,18,Non-landed Properties,3,"3,000",100 - 110,"1,100 - 1,200",Jun 2021
NV RESIDENCES,PASIR RIS GROVE,18,Non-landed Properties,2,"2,250",80 - 90,"900 - 1,000",Jun 2021
NV RESIDENCES,PASIR RIS GROVE,18,Non-landed Properties,2,"2,500",60 - 70,700 - 800,Jun 2021
NV RESIDENCES,PASIR RIS GROVE,18,Non-landed Properties,2,"2,500",80 - 90,"900 - 1,000",Jun 2021
NV RESIDENCES,PASIR RIS GROVE,18,Non-landed Properties,1,"1,700",40 - 50,400 - 500,Jun 2021
NV RESIDENCES,PASIR RIS GROVE,18,Non-landed Properties,3,"2,800",110 - 120,"1,100 - 1,200",Jun 2021
NV RESIDENCES,PASIR RIS GROVE,18,Non-landed Properties,2,"2,250",60 - 70,700 - 800,Jun 2021
NV RESIDENCES,PASIR RIS GROVE,18,Non-landed Properties,2,"2,300",80 - 90,"900 - 1,000",Jun 2021
NV RESIDENCES,PASIR RIS GROVE,18,Non-landed Properties,3,"2,900",110 - 120,"1,200 - 1,300",Jun 2021
NV RESIDENCES,PASIR RIS GROVE,18,Non-landed Properties,3,"2,500",110 - 120,"1,100 - 1,200",Jul 2021
NV RESIDENCES,PASIR RIS GROVE,18,Non-landed Properties,3,"2,800",110 - 120,"1,100 - 1,200",Jul 2021
NV RESIDENCES,PASIR RIS GROVE,18,Non-landed Properties,2,"2,100",60 - 70,700 - 800,Jul 2021
NV RESIDENCES,PASIR RIS GROVE,18,Non-landed Properties,2,"2,300",80 - 90,800 - 900,Jul 2021
NV RESIDENCES,PASIR RIS GROVE,18,Non-landed Properties,2,"2,250",80 - 90,"900 - 1,000",Jul 2021
NV RESIDENCES,PASIR RIS GROVE,18,Non-landed Properties,2,"2,500",80 - 90,"900 - 1,000",Jul 2021
NV RESIDENCES,PASIR RIS GROVE,18,Non-landed Properties,3,"2,800",100 - 110,"1,100 - 1,200",Jul 2021
NV RESIDENCES,PASIR RIS GROVE,18,Non-landed Properties,3,"3,100",110 - 120,"1,200 - 1,300",Jul 2021
NV RESIDENCES,PASIR RIS GROVE,18,Non-landed Properties,2,"2,300",60 - 70,700 - 800,Jul 2021
NV RESIDENCES,PASIR RIS GROVE,18,Non-landed Properties,2,"2,450",80 - 90,"900 - 1,000",Jul 2021
NV RESIDENCES,PASIR RIS GROVE,18,Non-landed Properties,2,"2,400",60 - 70,700 - 800,Jul 2021
NV RESIDENCES,PASIR RIS GROVE,18,Non-landed Properties,3,"2,900",110 - 120,"1,100 - 1,200",Jul 2021
NV RESIDENCES,PASIR RIS GROVE,18,Non-landed Properties,3,"2,700",110 - 120,"1,100 - 1,200",Jul 2021
NV RESIDENCES,PASIR RIS GROVE,18,Non-landed Properties,2,"2,250",80 - 90,"900 - 1,000",Jul 2021
NV RESIDENCES,PASIR RIS GROVE,18,Non-landed Properties,2,"2,500",60 - 70,700 - 800,Jul 2021
NV RESIDENCES,PASIR RIS GROVE,18,Non-landed Properties,2,"2,300",70 - 80,700 - 800,Jul 2021
NV RESIDENCES,PASIR RIS GROVE,18,Non-landed Properties,2,"2,500",80 - 90,"900 - 1,000",Aug 2021
NV RESIDENCES,PASIR RIS GROVE,18,Non-landed Properties,2,"2,500",80 - 90,"900 - 1,000",Aug 2021
NV RESIDENCES,PASIR RIS GROVE,18,Non-landed Properties,1,"1,800",40 - 50,400 - 500,Aug 2021
NV RESIDENCES,PASIR RIS GROVE,18,Non-landed Properties,2,"2,600",80 - 90,"900 - 1,000",Aug 2021
NV RESIDENCES,PASIR RIS GROVE,18,Non-landed Properties,4,"3,500",130 - 140,"1,400 - 1,500",Aug 2021
NV RESIDENCES,PASIR RIS GROVE,18,Non-landed Properties,3,"2,900",110 - 120,"1,100 - 1,200",Aug 2021
NV RESIDENCES,PASIR RIS GROVE,18,Non-landed Properties,2,"2,350",70 - 80,700 - 800,Aug 2021
NV RESIDENCES,PASIR RIS GROVE,18,Non-landed Properties,2,"2,500",70 - 80,700 - 800,Aug 2021
NV RESIDENCES,PASIR RIS GROVE,18,Non-landed Properties,3,"3,325",130 - 140,"1,400 - 1,500",Aug 2021
NV RESIDENCES,PASIR RIS GROVE,18,Non-landed Properties,2,"2,550",70 - 80,700 - 800,Aug 2021
NV RESIDENCES,PASIR RIS GROVE,18,Non-landed Properties,2,"2,350",80 - 90,"900 - 1,000",Aug 2021
NV RESIDENCES,PASIR RIS GROVE,18,Non-landed Properties,2,"2,000",60 - 70,700 - 800,Aug 2021
NV RESIDENCES,PASIR RIS GROVE,18,Non-landed Properties,3,"2,800",110 - 120,"1,100 - 1,200",Sep 2021
NV RESIDENCES,PASIR RIS GROVE,18,Non-landed Properties,2,"2,100",60 - 70,700 - 800,Sep 2021
NV RESIDENCES,PASIR RIS GROVE,18,Non-landed Properties,2,"2,400",80 - 90,"900 - 1,000",Sep 2021
NV RESIDENCES,PASIR RIS GROVE,18,Non-landed Properties,2,"2,300",60 - 70,700 - 800,Sep 2021
NV RESIDENCES,PASIR RIS GROVE,18,Non-landed Properties,1,"1,800",40 - 50,500 - 600,Sep 2021
NV RESIDENCES,PASIR RIS GROVE,18,Non-landed Properties,1,"1,850",40 - 50,400 - 500,Sep 2021
NV RESIDENCES,PASIR RIS GROVE,18,Non-landed Properties,3,"2,700",100 - 110,"1,100 - 1,200",Sep 2021
NV RESIDENCES,PASIR RIS GROVE,18,Non-landed Properties,2,"2,100",70 - 80,700 - 800,Sep 2021
NV RESIDENCES,PASIR RIS GROVE,18,Non-landed Properties,4,"3,400",130 - 140,"1,400 - 1,500",Sep 2021
NV RESIDENCES,PASIR RIS GROVE,18,Non-landed Properties,3,"3,100",110 - 120,"1,200 - 1,300",Sep 2021
NV RESIDENCES,PASIR RIS GROVE,18,Non-landed Properties,2,"2,500",70 - 80,700 - 800,Sep 2021
NV RESIDENCES,PASIR RIS GROVE,18,Non-landed Properties,2,"2,350",60 - 70,700 - 800,Sep 2021
NV RESIDENCES,PASIR RIS GROVE,18,Non-landed Properties,2,"2,400",70 - 80,700 - 800,Oct 2021
NV RESIDENCES,PASIR RIS GROVE,18,Non-landed Properties,3,"3,150",110 - 120,"1,100 - 1,200",Oct 2021
NV RESIDENCES,PASIR RIS GROVE,18,Non-landed Properties,2,"2,450",80 - 90,"900 - 1,000",Oct 2021
NV RESIDENCES,PASIR RIS GROVE,18,Non-landed Properties,1,"1,800",40 - 50,500 - 600,Oct 2021
NV RESIDENCES,PASIR RIS GROVE,18,Non-landed Properties,3,"2,750",100 - 110,"1,000 - 1,100",Oct 2021
NV RESIDENCES,PASIR RIS GROVE,18,Non-landed Properties,2,"2,350",60 - 70,700 - 800,Oct 2021
NV RESIDENCES,PASIR RIS GROVE,18,Non-landed Properties,3,"2,950",100 - 110,"1,100 - 1,200",Oct 2021
NV RESIDENCES,PASIR RIS GROVE,18,Non-landed Properties,3,"2,700",110 - 120,"1,100 - 1,200",Oct 2021
NV RESIDENCES,PASIR RIS GROVE,18,Non-landed Properties,2,"2,500",70 - 80,700 - 800,Oct 2021
NV RESIDENCES,PASIR RIS GROVE,18,Non-landed Properties,3,"3,100",100 - 110,"1,100 - 1,200",Oct 2021
NV RESIDENCES,PASIR RIS GROVE,18,Non-landed Properties,2,"2,300",80 - 90,"900 - 1,000",Oct 2021
NV RESIDENCES,PASIR RIS GROVE,18,Non-landed Properties,2,"2,550",80 - 90,"900 - 1,000",Oct 2021
NV RESIDENCES,PASIR RIS GROVE,18,Non-landed Properties,2,"2,200",80 - 90,"900 - 1,000",Oct 2021
NV RESIDENCES,PASIR RIS GROVE,18,Non-landed Properties,3,"2,600",100 - 110,"1,000 - 1,100",Oct 2021
NV RESIDENCES,PASIR RIS GROVE,18,Non-landed Properties,2,"2,700",60 - 70,700 - 800,Oct 2021
NV RESIDENCES,PASIR RIS GROVE,18,Non-landed Properties,2,"2,650",80 - 90,"900 - 1,000",Oct 2021
NV RESIDENCES,PASIR RIS GROVE,18,Non-landed Properties,3,"3,300",100 - 110,"1,100 - 1,200",Oct 2021
NV RESIDENCES,PASIR RIS GROVE,18,Non-landed Properties,2,"2,500",60 - 70,700 - 800,Oct 2021
NV RESIDENCES,PASIR RIS GROVE,18,Non-landed Properties,3,"2,650",100 - 110,"1,100 - 1,200",Nov 2021
NV RESIDENCES,PASIR RIS GROVE,18,Non-landed Properties,3,"2,900",100 - 110,"1,100 - 1,200",Nov 2021
NV RESIDENCES,PASIR RIS GROVE,18,Non-landed Properties,2,"2,000",70 - 80,700 - 800,Nov 2021
NV RESIDENCES,PASIR RIS GROVE,18,Non-landed Properties,2,"2,300",80 - 90,"900 - 1,000",Nov 2021
NV RESIDENCES,PASIR RIS GROVE,18,Non-landed Properties,3,"3,200",110 - 120,"1,200 - 1,300",Nov 2021
NV RESIDENCES,PASIR RIS GROVE,18,Non-landed Properties,2,"2,150",70 - 80,700 - 800,Nov 2021
NV RESIDENCES,PASIR RIS GROVE,18,Non-landed Properties,2,"2,600",80 - 90,"900 - 1,000",Nov 2021
NV RESIDENCES,PASIR RIS GROVE,18,Non-landed Properties,2,"2,500",60 - 70,700 - 800,Nov 2021
NV RESIDENCES,PASIR RIS GROVE,18,Non-landed Properties,2,"2,700",60 - 70,700 - 800,Nov 2021
NV RESIDENCES,PASIR RIS GROVE,18,Non-landed Properties,3,"3,000",110 - 120,"1,100 - 1,200",Oct 2021
NV RESIDENCES,PASIR RIS GROVE,18,Non-landed Properties,2,"2,500",70 - 80,700 - 800,Nov 2021
NV RESIDENCES,PASIR RIS GROVE,18,Non-landed Properties,3,"3,600",100 - 110,"1,000 - 1,100",Nov 2021
NV RESIDENCES,PASIR RIS GROVE,18,Non-landed Properties,1,"1,800",40 - 50,400 - 500,Nov 2021
NV RESIDENCES,PASIR RIS GROVE,18,Non-landed Properties,2,"2,500",80 - 90,800 - 900,Nov 2021
OAK VILLAS,OAK AVENUE,10,Detached House,NA,"13,000",410 - 420,"4,400 - 4,500",Aug 2021
OAKWOOD STUDIOS SINGAPORE,MOUNT ELIZABETH,09,Non-landed Properties,NA,"3,167",90 - 100,"1,000 - 1,100",May 2021
OAKWOOD STUDIOS SINGAPORE,MOUNT ELIZABETH,09,Non-landed Properties,NA,"2,500",90 - 100,"1,000 - 1,100",Aug 2021
OAKWOOD STUDIOS SINGAPORE,MOUNT ELIZABETH,09,Non-landed Properties,1,"2,500",70 - 80,800 - 900,Aug 2021
OAKWOOD STUDIOS SINGAPORE,MOUNT ELIZABETH,09,Non-landed Properties,1,"2,600",70 - 80,800 - 900,Sep 2021
OAKWOOD STUDIOS SINGAPORE,MOUNT ELIZABETH,09,Non-landed Properties,NA,"3,099",40 - 50,400 - 500,Sep 2021
OAKWOOD STUDIOS SINGAPORE,MOUNT ELIZABETH,09,Non-landed Properties,NA,"2,500",30 - 40,300 - 400,Aug 2021
OAKWOOD STUDIOS SINGAPORE,MOUNT ELIZABETH,09,Non-landed Properties,NA,"3,099",110 - 120,"1,200 - 1,300",Aug 2021
OAKWOOD STUDIOS SINGAPORE,MOUNT ELIZABETH,09,Non-landed Properties,NA,"2,988",30 - 40,300 - 400,Sep 2021
OAKWOOD STUDIOS SINGAPORE,MOUNT ELIZABETH,09,Non-landed Properties,1,"2,850",70 - 80,700 - 800,Oct 2021
OAKWOOD STUDIOS SINGAPORE,MOUNT ELIZABETH,09,Non-landed Properties,NA,"2,600",30 - 40,300 - 400,Oct 2021
OASIS @ ELIAS,ELIAS ROAD,18,Non-landed Properties,3,"2,700",110 - 120,"1,200 - 1,300",Jan 2021
OASIS @ ELIAS,ELIAS ROAD,18,Non-landed Properties,3,"3,100",140 - 150,"1,500 - 1,600",Jan 2021
OASIS @ ELIAS,ELIAS ROAD,18,Non-landed Properties,3,"2,600",110 - 120,"1,200 - 1,300",Jan 2021
OASIS @ ELIAS,ELIAS ROAD,18,Non-landed Properties,2,"2,300",90 - 100,"900 - 1,000",Jan 2021
OASIS @ ELIAS,ELIAS ROAD,18,Non-landed Properties,3,"2,300",110 - 120,"1,200 - 1,300",Jan 2021
OASIS @ ELIAS,ELIAS ROAD,18,Non-landed Properties,2,"2,300",90 - 100,"900 - 1,000",Feb 2021
OASIS @ ELIAS,ELIAS ROAD,18,Non-landed Properties,3,"2,600",120 - 130,"1,300 - 1,400",Feb 2021
OASIS @ ELIAS,ELIAS ROAD,18,Non-landed Properties,2,"2,200",90 - 100,"900 - 1,000",Feb 2021
OASIS @ ELIAS,ELIAS ROAD,18,Non-landed Properties,2,"2,400",90 - 100,"900 - 1,000",Jan 2021
OASIS @ ELIAS,ELIAS ROAD,18,Non-landed Properties,2,"2,400",110 - 120,"1,200 - 1,300",Feb 2021
OASIS @ ELIAS,ELIAS ROAD,18,Non-landed Properties,3,"2,900",110 - 120,"1,200 - 1,300",Feb 2021
OASIS @ ELIAS,ELIAS ROAD,18,Non-landed Properties,3,"2,700",110 - 120,"1,200 - 1,300",Mar 2021
OASIS @ ELIAS,ELIAS ROAD,18,Non-landed Properties,2,"2,600",90 - 100,"900 - 1,000",Mar 2021
OASIS @ ELIAS,ELIAS ROAD,18,Non-landed Properties,3,"2,600",110 - 120,"1,200 - 1,300",Mar 2021
OASIS @ ELIAS,ELIAS ROAD,18,Non-landed Properties,2,"2,150",90 - 100,"900 - 1,000",Jan 2021
OASIS @ ELIAS,ELIAS ROAD,18,Non-landed Properties,3,"3,000",110 - 120,"1,200 - 1,300",Jan 2021
OASIS @ ELIAS,ELIAS ROAD,18,Non-landed Properties,2,"2,400",90 - 100,"900 - 1,000",Apr 2021
OASIS @ ELIAS,ELIAS ROAD,18,Non-landed Properties,3,"2,900",110 - 120,"1,200 - 1,300",Apr 2021
OASIS @ ELIAS,ELIAS ROAD,18,Non-landed Properties,2,"2,400",90 - 100,"900 - 1,000",Apr 2021
OASIS @ ELIAS,ELIAS ROAD,18,Non-landed Properties,2,"2,500",90 - 100,"900 - 1,000",Apr 2021
OASIS @ ELIAS,ELIAS ROAD,18,Non-landed Properties,4,"3,200",130 - 140,"1,400 - 1,500",Apr 2021
OASIS @ ELIAS,ELIAS ROAD,18,Non-landed Properties,3,"2,900",120 - 130,"1,300 - 1,400",May 2021
OASIS @ ELIAS,ELIAS ROAD,18,Non-landed Properties,3,"2,500",110 - 120,"1,200 - 1,300",May 2021
OASIS @ ELIAS,ELIAS ROAD,18,Non-landed Properties,2,"2,350",90 - 100,"900 - 1,000",May 2021
OASIS @ ELIAS,ELIAS ROAD,18,Non-landed Properties,2,"2,700",90 - 100,"900 - 1,000",May 2021
OASIS @ ELIAS,ELIAS ROAD,18,Non-landed Properties,2,"2,200",90 - 100,"900 - 1,000",May 2021
OASIS @ ELIAS,ELIAS ROAD,18,Non-landed Properties,3,"3,250",110 - 120,"1,200 - 1,300",May 2021
OASIS @ ELIAS,ELIAS ROAD,18,Non-landed Properties,2,"2,700",90 - 100,"900 - 1,000",Apr 2021
OASIS @ ELIAS,ELIAS ROAD,18,Non-landed Properties,3,"4,000",110 - 120,"1,200 - 1,300",Jun 2021
OASIS @ ELIAS,ELIAS ROAD,18,Non-landed Properties,2,"2,900",90 - 100,"900 - 1,000",Jun 2021
OASIS @ ELIAS,ELIAS ROAD,18,Non-landed Properties,3,"2,950",110 - 120,"1,200 - 1,300",Jul 2021
OASIS @ ELIAS,ELIAS ROAD,18,Non-landed Properties,3,"2,600",120 - 130,"1,300 - 1,400",Jul 2021
OASIS @ ELIAS,ELIAS ROAD,18,Non-landed Properties,2,"2,000",90 - 100,"900 - 1,000",Jul 2021
OASIS @ ELIAS,ELIAS ROAD,18,Non-landed Properties,3,"2,850",110 - 120,"1,200 - 1,300",Jul 2021
OASIS @ ELIAS,ELIAS ROAD,18,Non-landed Properties,4,"5,400",220 - 230,"2,400 - 2,500",Jul 2021
OASIS @ ELIAS,ELIAS ROAD,18,Non-landed Properties,3,"3,400",140 - 150,"1,500 - 1,600",Jul 2021
OASIS @ ELIAS,ELIAS ROAD,18,Non-landed Properties,2,"2,750",90 - 100,"900 - 1,000",Jul 2021
OASIS @ ELIAS,ELIAS ROAD,18,Non-landed Properties,2,"2,700",90 - 100,"900 - 1,000",Aug 2021
OASIS @ ELIAS,ELIAS ROAD,18,Non-landed Properties,3,"2,900",110 - 120,"1,200 - 1,300",Jul 2021
OASIS @ ELIAS,ELIAS ROAD,18,Non-landed Properties,3,"2,700",110 - 120,"1,200 - 1,300",Aug 2021
OASIS @ ELIAS,ELIAS ROAD,18,Non-landed Properties,3,"3,050",110 - 120,"1,200 - 1,300",Aug 2021
OASIS @ ELIAS,ELIAS ROAD,18,Non-landed Properties,3,"3,000",110 - 120,"1,200 - 1,300",Aug 2021
OASIS @ ELIAS,ELIAS ROAD,18,Non-landed Properties,2,"2,300",90 - 100,"900 - 1,000",Aug 2021
OASIS @ ELIAS,ELIAS ROAD,18,Non-landed Properties,2,"2,450",90 - 100,"900 - 1,000",Sep 2021
OASIS @ ELIAS,ELIAS ROAD,18,Non-landed Properties,3,"2,550",110 - 120,"1,200 - 1,300",Sep 2021
OASIS @ ELIAS,ELIAS ROAD,18,Non-landed Properties,3,"3,000",120 - 130,"1,300 - 1,400",Sep 2021
OASIS @ ELIAS,ELIAS ROAD,18,Non-landed Properties,2,"2,500",90 - 100,"900 - 1,000",Sep 2021
OASIS @ ELIAS,ELIAS ROAD,18,Non-landed Properties,2,"2,400",90 - 100,"900 - 1,000",Oct 2021
OASIS @ ELIAS,ELIAS ROAD,18,Non-landed Properties,3,"2,750",110 - 120,"1,200 - 1,300",Oct 2021
OASIS @ ELIAS,ELIAS ROAD,18,Non-landed Properties,3,"3,550",110 - 120,"1,200 - 1,300",Oct 2021
OASIS @ ELIAS,ELIAS ROAD,18,Non-landed Properties,2,"2,500",90 - 100,"900 - 1,000",Oct 2021
OASIS @ ELIAS,ELIAS ROAD,18,Non-landed Properties,3,"2,300",110 - 120,"1,200 - 1,300",Oct 2021
OASIS @ ELIAS,ELIAS ROAD,18,Non-landed Properties,3,"3,800",110 - 120,"1,200 - 1,300",Oct 2021
OASIS @ ELIAS,ELIAS ROAD,18,Non-landed Properties,4,"3,400",130 - 140,"1,400 - 1,500",Nov 2021
OASIS @ ELIAS,ELIAS ROAD,18,Non-landed Properties,2,"2,200",90 - 100,"900 - 1,000",Nov 2021
OASIS @ ELIAS,ELIAS ROAD,18,Non-landed Properties,3,"3,000",110 - 120,"1,200 - 1,300",Nov 2021
OASIS @ ELIAS,ELIAS ROAD,18,Non-landed Properties,3,"3,300",110 - 120,"1,100 - 1,200",Nov 2021
OASIS @ ELIAS,ELIAS ROAD,18,Non-landed Properties,2,"3,100",90 - 100,"900 - 1,000",Nov 2021
OASIS @ ELIAS,ELIAS ROAD,18,Non-landed Properties,2,"3,000",90 - 100,"900 - 1,000",Nov 2021
OASIS @ ELIAS,ELIAS ROAD,18,Non-landed Properties,2,"2,800",90 - 100,"900 - 1,000",Nov 2021
OASIS GARDEN,JALAN BUNGA RAMPAI,19,Non-landed Properties,2,"2,850",80 - 90,"900 - 1,000",Jan 2021
OASIS GARDEN,JALAN BUNGA RAMPAI,19,Non-landed Properties,2,"2,500",80 - 90,"900 - 1,000",Mar 2021
OASIS GARDEN,JALAN BUNGA RAMPAI,19,Non-landed Properties,2,"3,200",80 - 90,"900 - 1,000",Apr 2021
OASIS GARDEN,JALAN BUNGA RAMPAI,19,Non-landed Properties,2,"2,600",80 - 90,"900 - 1,000",Jun 2021
OASIS GARDEN,JALAN BUNGA RAMPAI,19,Non-landed Properties,4,"3,700",130 - 140,"1,400 - 1,500",Jul 2021
OASIS GARDEN,JALAN BUNGA RAMPAI,19,Non-landed Properties,3,"3,500",110 - 120,"1,200 - 1,300",Jul 2021
OASIS GARDEN,JALAN BUNGA RAMPAI,19,Non-landed Properties,3,"3,850",110 - 120,"1,200 - 1,300",Jul 2021
OASIS GARDEN,JALAN BUNGA RAMPAI,19,Non-landed Properties,2,"2,600",90 - 100,"1,000 - 1,100",Aug 2021
OASIS GARDEN,JALAN BUNGA RAMPAI,19,Non-landed Properties,3,"2,900",110 - 120,"1,200 - 1,300",Aug 2021
OASIS GARDEN,JALAN BUNGA RAMPAI,19,Non-landed Properties,2,"3,000",90 - 100,"1,000 - 1,100",Aug 2021
OASIS GARDEN,JALAN BUNGA RAMPAI,19,Non-landed Properties,3,"3,300",120 - 130,"1,300 - 1,400",Oct 2021
OASIS GARDEN,JALAN BUNGA RAMPAI,19,Non-landed Properties,3,"2,800",110 - 120,"1,200 - 1,300",Oct 2021
OASIS GARDEN,JALAN BUNGA RAMPAI,19,Non-landed Properties,2,"2,900",80 - 90,"900 - 1,000",Oct 2021
OASIS GARDEN,JALAN BUNGA RAMPAI,19,Non-landed Properties,3,"3,500",120 - 130,"1,300 - 1,400",Oct 2021
OASIS GARDEN,JALAN BUNGA RAMPAI,19,Non-landed Properties,4,"3,300",130 - 140,"1,400 - 1,500",Oct 2021
OASIS GARDEN,JALAN BUNGA RAMPAI,19,Non-landed Properties,3,"3,700",110 - 120,"1,200 - 1,300",Oct 2021
OCEAN 8,OCEAN DRIVE,04,Terrace House,NA,"12,500",310 - 320,"3,400 - 3,500",Mar 2021
OCEAN 8,OCEAN DRIVE,04,Terrace House,NA,"15,000",360 - 370,"3,800 - 3,900",Aug 2021
OCEAN FRONT SUITES,JALAN LOYANG BESAR,17,Non-landed Properties,1,"1,650",30 - 40,400 - 500,Mar 2021
OCEAN FRONT SUITES,JALAN LOYANG BESAR,17,Non-landed Properties,1,"1,600",50 - 60,500 - 600,Mar 2021
OCEAN FRONT SUITES,JALAN LOYANG BESAR,17,Non-landed Properties,1,"1,500",30 - 40,400 - 500,Mar 2021
OCEAN FRONT SUITES,JALAN LOYANG BESAR,17,Non-landed Properties,1,"1,750",30 - 40,400 - 500,Mar 2021
OCEAN FRONT SUITES,JALAN LOYANG BESAR,17,Non-landed Properties,1,"1,600",30 - 40,400 - 500,Feb 2021
OCEAN FRONT SUITES,JALAN LOYANG BESAR,17,Non-landed Properties,1,"1,500",30 - 40,400 - 500,Apr 2021
OCEAN FRONT SUITES,JALAN LOYANG BESAR,17,Non-landed Properties,1,"1,550",30 - 40,400 - 500,Apr 2021
OCEAN FRONT SUITES,JALAN LOYANG BESAR,17,Non-landed Properties,1,"1,600",30 - 40,400 - 500,May 2021
OCEAN FRONT SUITES,JALAN LOYANG BESAR,17,Non-landed Properties,1,"1,600",30 - 40,400 - 500,Jun 2021
OCEAN FRONT SUITES,JALAN LOYANG BESAR,17,Non-landed Properties,2,"2,500",90 - 100,"900 - 1,000",Jun 2021
OCEAN FRONT SUITES,JALAN LOYANG BESAR,17,Non-landed Properties,1,"1,700",30 - 40,300 - 400,Jul 2021
OCEAN FRONT SUITES,JALAN LOYANG BESAR,17,Non-landed Properties,1,"1,650",30 - 40,300 - 400,Aug 2021
OCEAN FRONT SUITES,JALAN LOYANG BESAR,17,Non-landed Properties,1,"1,700",30 - 40,300 - 400,Jul 2021
OCEAN FRONT SUITES,JALAN LOYANG BESAR,17,Non-landed Properties,1,"1,500",30 - 40,400 - 500,Sep 2021
OCEAN FRONT SUITES,JALAN LOYANG BESAR,17,Non-landed Properties,1,"1,750",30 - 40,400 - 500,Sep 2021
OCEAN FRONT SUITES,JALAN LOYANG BESAR,17,Non-landed Properties,1,"1,700",30 - 40,400 - 500,Sep 2021
OCEAN FRONT SUITES,JALAN LOYANG BESAR,17,Non-landed Properties,1,"1,750",30 - 40,400 - 500,Oct 2021
OCEAN FRONT SUITES,JALAN LOYANG BESAR,17,Non-landed Properties,1,"1,900",30 - 40,400 - 500,Oct 2021
OCEAN FRONT SUITES,JALAN LOYANG BESAR,17,Non-landed Properties,1,"1,900",30 - 40,300 - 400,Nov 2021
OCEAN FRONT SUITES,JALAN LOYANG BESAR,17,Non-landed Properties,1,"1,750",30 - 40,400 - 500,Nov 2021
OCEAN PARK,EAST COAST ROAD,15,Non-landed Properties,NA,"6,500",300 - 310,"3,200 - 3,300",Jan 2021
OCEAN PARK,EAST COAST ROAD,15,Non-landed Properties,NA,"6,500",300 - 310,"3,200 - 3,300",Jan 2021
OCEAN PARK,EAST COAST ROAD,15,Non-landed Properties,NA,"4,950",190 - 200,"2,100 - 2,200",Jan 2021
OCEAN PARK,EAST COAST ROAD,15,Non-landed Properties,NA,"3,650",170 - 180,"1,800 - 1,900",Jan 2021
OCEAN PARK,EAST COAST ROAD,15,Non-landed Properties,NA,"5,800",190 - 200,"2,100 - 2,200",Jan 2021
OCEAN PARK,EAST COAST ROAD,15,Non-landed Properties,NA,"4,700",190 - 200,"2,100 - 2,200",Feb 2021
OCEAN PARK,EAST COAST ROAD,15,Non-landed Properties,NA,"4,300",190 - 200,"2,100 - 2,200",Feb 2021
OCEAN PARK,EAST COAST ROAD,15,Non-landed Properties,NA,"4,500",190 - 200,"2,100 - 2,200",Feb 2021
OCEAN PARK,EAST COAST ROAD,15,Non-landed Properties,NA,"4,800",190 - 200,"2,100 - 2,200",Feb 2021
OCEAN PARK,EAST COAST ROAD,15,Non-landed Properties,NA,"5,200",190 - 200,"2,100 - 2,200",Apr 2021
OCEAN PARK,EAST COAST ROAD,15,Non-landed Properties,NA,"5,500",190 - 200,"2,100 - 2,200",May 2021
OCEAN PARK,EAST COAST ROAD,15,Non-landed Properties,NA,"4,400",190 - 200,"2,100 - 2,200",May 2021
OCEAN PARK,EAST COAST ROAD,15,Non-landed Properties,NA,"5,300",190 - 200,"2,100 - 2,200",May 2021
OCEAN PARK,EAST COAST ROAD,15,Non-landed Properties,NA,"3,950",130 - 140,"1,400 - 1,500",May 2021
OCEAN PARK,EAST COAST ROAD,15,Non-landed Properties,NA,"4,800",190 - 200,"2,100 - 2,200",May 2021
OCEAN PARK,EAST COAST ROAD,15,Non-landed Properties,NA,"5,300",190 - 200,"2,100 - 2,200",May 2021
OCEAN PARK,EAST COAST ROAD,15,Non-landed Properties,NA,"4,800",170 - 180,"1,800 - 1,900",May 2021
OCEAN PARK,EAST COAST ROAD,15,Non-landed Properties,NA,"3,200",120 - 130,"1,300 - 1,400",Jun 2021
OCEAN PARK,EAST COAST ROAD,15,Non-landed Properties,NA,"4,600",190 - 200,"2,100 - 2,200",Jun 2021
OCEAN PARK,EAST COAST ROAD,15,Non-landed Properties,NA,"5,600",190 - 200,"2,100 - 2,200",Jul 2021
OCEAN PARK,EAST COAST ROAD,15,Non-landed Properties,NA,"4,300",190 - 200,"2,100 - 2,200",Jul 2021
OCEAN PARK,EAST COAST ROAD,15,Non-landed Properties,NA,"5,700",190 - 200,"2,100 - 2,200",Jul 2021
OCEAN PARK,EAST COAST ROAD,15,Non-landed Properties,NA,"4,500",170 - 180,"1,800 - 1,900",Aug 2021
OCEAN PARK,EAST COAST ROAD,15,Non-landed Properties,NA,"5,200",190 - 200,"2,100 - 2,200",Aug 2021
OCEAN PARK,EAST COAST ROAD,15,Non-landed Properties,NA,"5,150",190 - 200,"2,100 - 2,200",Aug 2021
OCEAN PARK,EAST COAST ROAD,15,Non-landed Properties,NA,"4,700",170 - 180,"1,800 - 1,900",Aug 2021
OCEAN PARK,EAST COAST ROAD,15,Non-landed Properties,NA,"8,000",300 - 310,"3,200 - 3,300",Aug 2021
OCEAN PARK,EAST COAST ROAD,15,Non-landed Properties,NA,"6,500",190 - 200,"2,100 - 2,200",Aug 2021
OCEAN PARK,EAST COAST ROAD,15,Non-landed Properties,NA,"5,900",190 - 200,"2,100 - 2,200",Aug 2021
OCEAN PARK,EAST COAST ROAD,15,Non-landed Properties,NA,"4,900",190 - 200,"2,100 - 2,200",Aug 2021
OCEAN PARK,EAST COAST ROAD,15,Non-landed Properties,NA,"6,200",190 - 200,"2,100 - 2,200",Sep 2021
OCEAN PARK,EAST COAST ROAD,15,Non-landed Properties,NA,"5,200",190 - 200,"2,100 - 2,200",Oct 2021
OCEAN PARK,EAST COAST ROAD,15,Non-landed Properties,NA,"3,100",120 - 130,"1,300 - 1,400",Oct 2021
OCEAN PARK,EAST COAST ROAD,15,Non-landed Properties,NA,"5,400",190 - 200,"2,100 - 2,200",Oct 2021
OCEAN PARK,EAST COAST ROAD,15,Non-landed Properties,NA,"5,900",190 - 200,"2,100 - 2,200",Nov 2021
OCEAN PARK,EAST COAST ROAD,15,Non-landed Properties,NA,"4,900",190 - 200,"2,100 - 2,200",Nov 2021
OCEAN PARK,EAST COAST ROAD,15,Non-landed Properties,NA,"4,700",190 - 200,"2,100 - 2,200",Nov 2021
OEI TIONG HAM PARK,JALAN SAMPURNA,10,Detached House,NA,"10,500",740 - 750,"7,900 - 8,000",Feb 2021
OEI TIONG HAM PARK,JALAN SAMPURNA,10,Detached House,NA,"22,000",930 - 940,"10,000 - 10,100",Mar 2021
OEI TIONG HAM PARK,JALAN SAMPURNA,10,Detached House,NA,"15,000",850 - 860,"9,100 - 9,200",Jul 2021
OEI TIONG HAM PARK,JALAN SAMPURNA,10,Detached House,NA,"12,500",790 - 800,"8,600 - 8,700",Jul 2021
OEI TIONG HAM PARK,OEI TIONG HAM PARK,10,Detached House,NA,"13,800","1,140 - 1,150","12,300 - 12,400",Oct 2021
OEI TIONG HAM PARK,OEI TIONG HAM PARK,10,Detached House,NA,"20,000","1,300 - 1,310","14,000 - 14,100",Nov 2021
OEI TIONG HAM PARK RESIDENCES,OEI TIONG HAM PARK,10,Non-landed Properties,4,"13,000",480 - 490,"5,100 - 5,200",Jan 2021
OEI TIONG HAM PARK RESIDENCES,OEI TIONG HAM PARK,10,Non-landed Properties,3,"13,000",440 - 450,"4,800 - 4,900",Jan 2021
OEI TIONG HAM PARK RESIDENCES,OEI TIONG HAM PARK,10,Non-landed Properties,4,"15,312",460 - 470,"4,900 - 5,000",Sep 2021
OEI TIONG HAM PARK RESIDENCES,OEI TIONG HAM PARK,10,Non-landed Properties,3,"12,000",460 - 470,"5,000 - 5,100",Sep 2021
OEI TIONG HAM PARK RESIDENCES,OEI TIONG HAM PARK,10,Non-landed Properties,3,"11,400",330 - 340,"3,500 - 3,600",Sep 2021
OEI TIONG HAM PARK RESIDENCES,OEI TIONG HAM PARK,10,Non-landed Properties,4,"16,800",460 - 470,"4,900 - 5,000",Oct 2021
OKIO,BALESTIER ROAD,12,Non-landed Properties,2,"2,400",50 - 60,500 - 600,Jan 2021
OKIO,BALESTIER ROAD,12,Non-landed Properties,1,"2,000",40 - 50,400 - 500,Jan 2021
OKIO,BALESTIER ROAD,12,Non-landed Properties,2,"2,300",50 - 60,500 - 600,Jan 2021
OKIO,BALESTIER ROAD,12,Non-landed Properties,2,"2,300",60 - 70,600 - 700,Jan 2021
OKIO,BALESTIER ROAD,12,Non-landed Properties,1,"1,950",40 - 50,400 - 500,Jan 2021
OKIO,BALESTIER ROAD,12,Non-landed Properties,2,"2,400",50 - 60,500 - 600,Jan 2021
OKIO,BALESTIER ROAD,12,Non-landed Properties,2,"2,400",50 - 60,500 - 600,Feb 2021
OKIO,BALESTIER ROAD,12,Non-landed Properties,1,"2,000",30 - 40,400 - 500,Feb 2021
OKIO,BALESTIER ROAD,12,Non-landed Properties,1,"2,100",30 - 40,400 - 500,Feb 2021
OKIO,BALESTIER ROAD,12,Non-landed Properties,2,"2,600",50 - 60,500 - 600,Feb 2021
OKIO,BALESTIER ROAD,12,Non-landed Properties,2,"2,400",50 - 60,500 - 600,Feb 2021
OKIO,BALESTIER ROAD,12,Non-landed Properties,1,"1,800",30 - 40,400 - 500,Feb 2021
OKIO,BALESTIER ROAD,12,Non-landed Properties,1,"2,100",40 - 50,400 - 500,Feb 2021
OKIO,BALESTIER ROAD,12,Non-landed Properties,2,"2,300",50 - 60,500 - 600,Mar 2021
OKIO,BALESTIER ROAD,12,Non-landed Properties,2,"2,800",50 - 60,500 - 600,Mar 2021
OKIO,BALESTIER ROAD,12,Non-landed Properties,1,"2,000",40 - 50,400 - 500,Feb 2021
OKIO,BALESTIER ROAD,12,Non-landed Properties,2,"2,400",50 - 60,500 - 600,Apr 2021
OKIO,BALESTIER ROAD,12,Non-landed Properties,1,"2,000",30 - 40,400 - 500,Apr 2021
OKIO,BALESTIER ROAD,12,Non-landed Properties,1,"2,200",30 - 40,400 - 500,Apr 2021
OKIO,BALESTIER ROAD,12,Non-landed Properties,2,"2,000",50 - 60,500 - 600,May 2021
OKIO,BALESTIER ROAD,12,Non-landed Properties,2,"2,450",50 - 60,500 - 600,May 2021
OKIO,BALESTIER ROAD,12,Non-landed Properties,1,"1,800",40 - 50,400 - 500,May 2021
OKIO,BALESTIER ROAD,12,Non-landed Properties,1,"2,000",40 - 50,400 - 500,May 2021
OKIO,BALESTIER ROAD,12,Non-landed Properties,2,"2,500",60 - 70,600 - 700,Jun 2021
OKIO,BALESTIER ROAD,12,Non-landed Properties,1,"2,000",40 - 50,400 - 500,Jun 2021
OKIO,BALESTIER ROAD,12,Non-landed Properties,1,"1,900",30 - 40,400 - 500,Jun 2021
OKIO,BALESTIER ROAD,12,Non-landed Properties,1,"2,200",40 - 50,400 - 500,Jun 2021
OKIO,BALESTIER ROAD,12,Non-landed Properties,1,"2,200",40 - 50,400 - 500,Jul 2021
OKIO,BALESTIER ROAD,12,Non-landed Properties,2,"2,400",50 - 60,500 - 600,Jul 2021
OKIO,BALESTIER ROAD,12,Non-landed Properties,2,"2,500",50 - 60,500 - 600,Jul 2021
OKIO,BALESTIER ROAD,12,Non-landed Properties,1,"2,300",40 - 50,400 - 500,Jul 2021
OKIO,BALESTIER ROAD,12,Non-landed Properties,2,"2,500",50 - 60,500 - 600,Aug 2021
OKIO,BALESTIER ROAD,12,Non-landed Properties,2,"2,200",50 - 60,500 - 600,Aug 2021
OKIO,BALESTIER ROAD,12,Non-landed Properties,2,"2,200",50 - 60,500 - 600,Sep 2021
OKIO,BALESTIER ROAD,12,Non-landed Properties,1,"2,200",40 - 50,400 - 500,Sep 2021
OKIO,BALESTIER ROAD,12,Non-landed Properties,2,"2,650",50 - 60,500 - 600,Sep 2021
OKIO,BALESTIER ROAD,12,Non-landed Properties,1,"2,200",40 - 50,400 - 500,Sep 2021
OKIO,BALESTIER ROAD,12,Non-landed Properties,1,"2,000",40 - 50,400 - 500,Oct 2021
OKIO,BALESTIER ROAD,12,Non-landed Properties,1,"1,900",30 - 40,400 - 500,Oct 2021
OKIO,BALESTIER ROAD,12,Non-landed Properties,2,"2,300",50 - 60,500 - 600,Oct 2021
OKIO,BALESTIER ROAD,12,Non-landed Properties,1,"2,100",30 - 40,400 - 500,Oct 2021
OKIO,BALESTIER ROAD,12,Non-landed Properties,2,"2,500",50 - 60,500 - 600,Oct 2021
OKIO,BALESTIER ROAD,12,Non-landed Properties,1,"2,200",30 - 40,400 - 500,Oct 2021
OKIO,BALESTIER ROAD,12,Non-landed Properties,1,"2,200",40 - 50,400 - 500,Oct 2021
OKIO,BALESTIER ROAD,12,Non-landed Properties,1,"2,100",30 - 40,400 - 500,Oct 2021
OKIO,BALESTIER ROAD,12,Non-landed Properties,1,"2,100",30 - 40,400 - 500,Oct 2021
OKIO,BALESTIER ROAD,12,Non-landed Properties,2,"2,400",50 - 60,500 - 600,Oct 2021
OKIO,BALESTIER ROAD,12,Non-landed Properties,1,"2,200",40 - 50,400 - 500,Oct 2021
OKIO,BALESTIER ROAD,12,Non-landed Properties,2,"2,400",50 - 60,500 - 600,Nov 2021
OKIO,BALESTIER ROAD,12,Non-landed Properties,2,"2,370",50 - 60,500 - 600,Nov 2021
OKIO,BALESTIER ROAD,12,Non-landed Properties,2,"2,400",50 - 60,500 - 600,Nov 2021
OLA RESIDENCES,MOUNTBATTEN ROAD,15,Non-landed Properties,4,"7,800",300 - 310,"3,200 - 3,300",Jan 2021
OLA RESIDENCES,MOUNTBATTEN ROAD,15,Non-landed Properties,3,"6,250",150 - 160,"1,600 - 1,700",Feb 2021
OLA RESIDENCES,MOUNTBATTEN ROAD,15,Non-landed Properties,2,"3,400",90 - 100,"1,000 - 1,100",May 2021
OLA RESIDENCES,MOUNTBATTEN ROAD,15,Non-landed Properties,3,"7,200",260 - 270,"2,800 - 2,900",Jun 2021
OLA RESIDENCES,MOUNTBATTEN ROAD,15,Non-landed Properties,2,"3,400",90 - 100,"900 - 1,000",Jun 2021
OLA RESIDENCES,MOUNTBATTEN ROAD,15,Non-landed Properties,2,"3,300",90 - 100,"900 - 1,000",Jun 2021
OLA RESIDENCES,MOUNTBATTEN ROAD,15,Non-landed Properties,3,"6,300",150 - 160,"1,600 - 1,700",Jul 2021
OLA RESIDENCES,MOUNTBATTEN ROAD,15,Non-landed Properties,1,"2,750",60 - 70,700 - 800,Jul 2021
OLA RESIDENCES,MOUNTBATTEN ROAD,15,Non-landed Properties,2,"3,500",90 - 100,"900 - 1,000",Aug 2021
OLA RESIDENCES,MOUNTBATTEN ROAD,15,Non-landed Properties,1,"2,700",60 - 70,700 - 800,Sep 2021
OLA RESIDENCES,MOUNTBATTEN ROAD,15,Non-landed Properties,2,"3,850",130 - 140,"1,400 - 1,500",Sep 2021
OLA RESIDENCES,MOUNTBATTEN ROAD,15,Non-landed Properties,4,"11,000",300 - 310,"3,200 - 3,300",Sep 2021
OLA RESIDENCES,MOUNTBATTEN ROAD,15,Non-landed Properties,3,"5,400",140 - 150,"1,500 - 1,600",Sep 2021
OLA RESIDENCES,MOUNTBATTEN ROAD,15,Non-landed Properties,2,"3,400",90 - 100,"1,000 - 1,100",Nov 2021
OLEANAS RESIDENCE,KIM YAM ROAD,09,Non-landed Properties,4,"3,600",140 - 150,"1,500 - 1,600",Jan 2021
OLEANAS RESIDENCE,KIM YAM ROAD,09,Non-landed Properties,4,"4,600",140 - 150,"1,500 - 1,600",Jan 2021
OLEANAS RESIDENCE,KIM YAM ROAD,09,Non-landed Properties,3,"3,400",110 - 120,"1,200 - 1,300",Jan 2021
OLEANAS RESIDENCE,KIM YAM ROAD,09,Non-landed Properties,3,"3,400",110 - 120,"1,200 - 1,300",Feb 2021
OLEANAS RESIDENCE,KIM YAM ROAD,09,Non-landed Properties,3,"3,500",110 - 120,"1,200 - 1,300",Feb 2021
OLEANAS RESIDENCE,KIM YAM ROAD,09,Non-landed Properties,3,"3,850",150 - 160,"1,600 - 1,700",Jan 2021
OLEANAS RESIDENCE,KIM YAM ROAD,09,Non-landed Properties,3,"5,500",150 - 160,"1,600 - 1,700",Feb 2021
OLEANAS RESIDENCE,KIM YAM ROAD,09,Non-landed Properties,4,"3,600",150 - 160,"1,600 - 1,700",Feb 2021
OLEANAS RESIDENCE,KIM YAM ROAD,09,Non-landed Properties,4,"5,000",140 - 150,"1,500 - 1,600",Mar 2021
OLEANAS RESIDENCE,KIM YAM ROAD,09,Non-landed Properties,4,"5,500",140 - 150,"1,500 - 1,600",Mar 2021
OLEANAS RESIDENCE,KIM YAM ROAD,09,Non-landed Properties,4,"4,500",150 - 160,"1,600 - 1,700",Mar 2021
OLEANAS RESIDENCE,KIM YAM ROAD,09,Non-landed Properties,3,"3,600",110 - 120,"1,200 - 1,300",Feb 2021
OLEANAS RESIDENCE,KIM YAM ROAD,09,Non-landed Properties,3,"3,200",120 - 130,"1,300 - 1,400",Mar 2021
OLEANAS RESIDENCE,KIM YAM ROAD,09,Non-landed Properties,4,"5,000",140 - 150,"1,500 - 1,600",Mar 2021
OLEANAS RESIDENCE,KIM YAM ROAD,09,Non-landed Properties,3,"3,500",110 - 120,"1,200 - 1,300",Apr 2021
OLEANAS RESIDENCE,KIM YAM ROAD,09,Non-landed Properties,4,"5,100",150 - 160,"1,600 - 1,700",Apr 2021
OLEANAS RESIDENCE,KIM YAM ROAD,09,Non-landed Properties,3,"4,200",110 - 120,"1,200 - 1,300",Mar 2021
OLEANAS RESIDENCE,KIM YAM ROAD,09,Non-landed Properties,4,"4,200",140 - 150,"1,500 - 1,600",Mar 2021
OLEANAS RESIDENCE,KIM YAM ROAD,09,Non-landed Properties,3,"5,400",150 - 160,"1,600 - 1,700",Apr 2021
OLEANAS RESIDENCE,KIM YAM ROAD,09,Non-landed Properties,3,"4,000",110 - 120,"1,200 - 1,300",May 2021
OLEANAS RESIDENCE,KIM YAM ROAD,09,Non-landed Properties,3,"4,000",110 - 120,"1,200 - 1,300",May 2021
OLEANAS RESIDENCE,KIM YAM ROAD,09,Non-landed Properties,3,"3,600",100 - 110,"1,100 - 1,200",Jun 2021
OLEANAS RESIDENCE,KIM YAM ROAD,09,Non-landed Properties,3,"3,600",110 - 120,"1,200 - 1,300",Jun 2021
OLEANAS RESIDENCE,KIM YAM ROAD,09,Non-landed Properties,4,"4,200",150 - 160,"1,600 - 1,700",Jun 2021
OLEANAS RESIDENCE,KIM YAM ROAD,09,Non-landed Properties,3,"4,500",150 - 160,"1,600 - 1,700",Jun 2021
OLEANAS RESIDENCE,KIM YAM ROAD,09,Non-landed Properties,4,"5,000",150 - 160,"1,600 - 1,700",Jul 2021
OLEANAS RESIDENCE,KIM YAM ROAD,09,Non-landed Properties,3,"3,900",110 - 120,"1,200 - 1,300",Jul 2021
OLEANAS RESIDENCE,KIM YAM ROAD,09,Non-landed Properties,4,"5,550",140 - 150,"1,500 - 1,600",Jul 2021
OLEANAS RESIDENCE,KIM YAM ROAD,09,Non-landed Properties,3,"4,100",110 - 120,"1,200 - 1,300",Jul 2021
OLEANAS RESIDENCE,KIM YAM ROAD,09,Non-landed Properties,3,"3,600",110 - 120,"1,200 - 1,300",Aug 2021
OLEANAS RESIDENCE,KIM YAM ROAD,09,Non-landed Properties,3,"4,150",100 - 110,"1,100 - 1,200",Aug 2021
OLEANAS RESIDENCE,KIM YAM ROAD,09,Non-landed Properties,3,"3,800",110 - 120,"1,200 - 1,300",Aug 2021
OLEANAS RESIDENCE,KIM YAM ROAD,09,Non-landed Properties,4,"4,000",140 - 150,"1,500 - 1,600",Sep 2021
OLEANAS RESIDENCE,KIM YAM ROAD,09,Non-landed Properties,4,"5,000",150 - 160,"1,600 - 1,700",Sep 2021
OLEANAS RESIDENCE,KIM YAM ROAD,09,Non-landed Properties,3,"4,200",110 - 120,"1,200 - 1,300",Sep 2021
OLEANAS RESIDENCE,KIM YAM ROAD,09,Non-landed Properties,3,"3,900",100 - 110,"1,100 - 1,200",Sep 2021
OLEANAS RESIDENCE,KIM YAM ROAD,09,Non-landed Properties,3,"3,900",120 - 130,"1,300 - 1,400",Sep 2021
OLEANAS RESIDENCE,KIM YAM ROAD,09,Non-landed Properties,3,"3,900",110 - 120,"1,200 - 1,300",Oct 2021
OLEANAS RESIDENCE,KIM YAM ROAD,09,Non-landed Properties,3,"3,850",100 - 110,"1,100 - 1,200",Oct 2021
OLEANAS RESIDENCE,KIM YAM ROAD,09,Non-landed Properties,2,"4,400",130 - 140,"1,400 - 1,500",Oct 2021
OLEANAS RESIDENCE,KIM YAM ROAD,09,Non-landed Properties,4,"4,800",150 - 160,"1,600 - 1,700",Nov 2021
OLEANAS RESIDENCE,KIM YAM ROAD,09,Non-landed Properties,3,"3,400",100 - 110,"1,100 - 1,200",Nov 2021
OLEANDER TOWERS,LORONG 1 TOA PAYOH,12,Non-landed Properties,3,"3,100",100 - 110,"1,100 - 1,200",Jan 2021
OLEANDER TOWERS,LORONG 1 TOA PAYOH,12,Non-landed Properties,3,"3,250",100 - 110,"1,100 - 1,200",Jan 2021
OLEANDER TOWERS,LORONG 1 TOA PAYOH,12,Non-landed Properties,3,"3,100",100 - 110,"1,100 - 1,200",Jan 2021
OLEANDER TOWERS,LORONG 1 TOA PAYOH,12,Non-landed Properties,2,"2,600",80 - 90,800 - 900,Jan 2021
OLEANDER TOWERS,LORONG 1 TOA PAYOH,12,Non-landed Properties,2,"2,850",80 - 90,800 - 900,Jan 2021
OLEANDER TOWERS,LORONG 1 TOA PAYOH,12,Non-landed Properties,2,"2,600",80 - 90,800 - 900,Feb 2021
OLEANDER TOWERS,LORONG 1 TOA PAYOH,12,Non-landed Properties,2,"2,500",80 - 90,800 - 900,Feb 2021
OLEANDER TOWERS,LORONG 1 TOA PAYOH,12,Non-landed Properties,4,"3,900",130 - 140,"1,400 - 1,500",Feb 2021
OLEANDER TOWERS,LORONG 1 TOA PAYOH,12,Non-landed Properties,4,"3,700",130 - 140,"1,400 - 1,500",Feb 2021
OLEANDER TOWERS,LORONG 1 TOA PAYOH,12,Non-landed Properties,3,"3,400",100 - 110,"1,100 - 1,200",Feb 2021
OLEANDER TOWERS,LORONG 1 TOA PAYOH,12,Non-landed Properties,3,"3,300",100 - 110,"1,100 - 1,200",Feb 2021
OLEANDER TOWERS,LORONG 1 TOA PAYOH,12,Non-landed Properties,4,"4,100",130 - 140,"1,400 - 1,500",Mar 2021
OLEANDER TOWERS,LORONG 1 TOA PAYOH,12,Non-landed Properties,2,"2,600",100 - 110,"1,100 - 1,200",Mar 2021
OLEANDER TOWERS,LORONG 1 TOA PAYOH,12,Non-landed Properties,3,"3,400",100 - 110,"1,100 - 1,200",Mar 2021
OLEANDER TOWERS,LORONG 1 TOA PAYOH,12,Non-landed Properties,2,"2,500",80 - 90,800 - 900,Mar 2021
OLEANDER TOWERS,LORONG 1 TOA PAYOH,12,Non-landed Properties,2,"2,600",80 - 90,800 - 900,Mar 2021
OLEANDER TOWERS,LORONG 1 TOA PAYOH,12,Non-landed Properties,4,"3,900",130 - 140,"1,400 - 1,500",Mar 2021
OLEANDER TOWERS,LORONG 1 TOA PAYOH,12,Non-landed Properties,2,"2,700",80 - 90,800 - 900,Mar 2021
OLEANDER TOWERS,LORONG 1 TOA PAYOH,12,Non-landed Properties,3,"3,300",100 - 110,"1,100 - 1,200",Apr 2021
OLEANDER TOWERS,LORONG 1 TOA PAYOH,12,Non-landed Properties,3,"3,100",100 - 110,"1,100 - 1,200",Apr 2021
OLEANDER TOWERS,LORONG 1 TOA PAYOH,12,Non-landed Properties,4,"3,400",130 - 140,"1,400 - 1,500",Apr 2021
OLEANDER TOWERS,LORONG 1 TOA PAYOH,12,Non-landed Properties,2,"2,850",80 - 90,800 - 900,Apr 2021
OLEANDER TOWERS,LORONG 1 TOA PAYOH,12,Non-landed Properties,2,"2,900",80 - 90,800 - 900,Apr 2021
OLEANDER TOWERS,LORONG 1 TOA PAYOH,12,Non-landed Properties,3,"3,400",100 - 110,"1,100 - 1,200",Apr 2021
OLEANDER TOWERS,LORONG 1 TOA PAYOH,12,Non-landed Properties,3,"3,300",100 - 110,"1,100 - 1,200",Mar 2021
OLEANDER TOWERS,LORONG 1 TOA PAYOH,12,Non-landed Properties,3,"3,950",120 - 130,"1,300 - 1,400",May 2021
OLEANDER TOWERS,LORONG 1 TOA PAYOH,12,Non-landed Properties,2,"3,100",80 - 90,800 - 900,May 2021
OLEANDER TOWERS,LORONG 1 TOA PAYOH,12,Non-landed Properties,3,"3,200",100 - 110,"1,100 - 1,200",May 2021
OLEANDER TOWERS,LORONG 1 TOA PAYOH,12,Non-landed Properties,2,"2,600",80 - 90,800 - 900,May 2021
OLEANDER TOWERS,LORONG 1 TOA PAYOH,12,Non-landed Properties,2,"2,900",80 - 90,800 - 900,May 2021
OLEANDER TOWERS,LORONG 1 TOA PAYOH,12,Non-landed Properties,3,"3,500",100 - 110,"1,100 - 1,200",May 2021
OLEANDER TOWERS,LORONG 1 TOA PAYOH,12,Non-landed Properties,2,"2,600",80 - 90,800 - 900,May 2021
OLEANDER TOWERS,LORONG 1 TOA PAYOH,12,Non-landed Properties,2,"2,850",80 - 90,800 - 900,May 2021
OLEANDER TOWERS,LORONG 1 TOA PAYOH,12,Non-landed Properties,2,"2,700",80 - 90,800 - 900,May 2021
OLEANDER TOWERS,LORONG 1 TOA PAYOH,12,Non-landed Properties,2,"2,700",80 - 90,800 - 900,May 2021
OLEANDER TOWERS,LORONG 1 TOA PAYOH,12,Non-landed Properties,4,"4,350",130 - 140,"1,400 - 1,500",Jun 2021
OLEANDER TOWERS,LORONG 1 TOA PAYOH,12,Non-landed Properties,2,"3,000",80 - 90,800 - 900,Jun 2021
OLEANDER TOWERS,LORONG 1 TOA PAYOH,12,Non-landed Properties,3,"3,100",100 - 110,"1,100 - 1,200",Jun 2021
OLEANDER TOWERS,LORONG 1 TOA PAYOH,12,Non-landed Properties,3,"3,400",100 - 110,"1,100 - 1,200",Jun 2021
OLEANDER TOWERS,LORONG 1 TOA PAYOH,12,Non-landed Properties,3,"3,200",100 - 110,"1,100 - 1,200",Jun 2021
OLEANDER TOWERS,LORONG 1 TOA PAYOH,12,Non-landed Properties,4,"4,100",130 - 140,"1,400 - 1,500",Jun 2021
OLEANDER TOWERS,LORONG 1 TOA PAYOH,12,Non-landed Properties,2,"2,350",80 - 90,800 - 900,Jun 2021
OLEANDER TOWERS,LORONG 1 TOA PAYOH,12,Non-landed Properties,3,"3,200",110 - 120,"1,200 - 1,300",Jul 2021
OLEANDER TOWERS,LORONG 1 TOA PAYOH,12,Non-landed Properties,3,"3,200",100 - 110,"1,100 - 1,200",Jul 2021
OLEANDER TOWERS,LORONG 1 TOA PAYOH,12,Non-landed Properties,3,"3,375",100 - 110,"1,100 - 1,200",Jul 2021
OLEANDER TOWERS,LORONG 1 TOA PAYOH,12,Non-landed Properties,3,"3,100",100 - 110,"1,100 - 1,200",Jul 2021
OLEANDER TOWERS,LORONG 1 TOA PAYOH,12,Non-landed Properties,4,"3,800",130 - 140,"1,400 - 1,500",Aug 2021
OLEANDER TOWERS,LORONG 1 TOA PAYOH,12,Non-landed Properties,2,"2,500",80 - 90,800 - 900,Aug 2021
OLEANDER TOWERS,LORONG 1 TOA PAYOH,12,Non-landed Properties,2,"2,700",80 - 90,800 - 900,Aug 2021
OLEANDER TOWERS,LORONG 1 TOA PAYOH,12,Non-landed Properties,3,"3,450",100 - 110,"1,100 - 1,200",Aug 2021
OLEANDER TOWERS,LORONG 1 TOA PAYOH,12,Non-landed Properties,2,"2,800",80 - 90,800 - 900,Sep 2021
OLEANDER TOWERS,LORONG 1 TOA PAYOH,12,Non-landed Properties,2,"2,900",80 - 90,800 - 900,Sep 2021
OLEANDER TOWERS,LORONG 1 TOA PAYOH,12,Non-landed Properties,2,"2,800",110 - 120,"1,200 - 1,300",Sep 2021
OLEANDER TOWERS,LORONG 1 TOA PAYOH,12,Non-landed Properties,3,"3,250",100 - 110,"1,100 - 1,200",Sep 2021
OLEANDER TOWERS,LORONG 1 TOA PAYOH,12,Non-landed Properties,2,"2,900",80 - 90,800 - 900,Oct 2021
OLEANDER TOWERS,LORONG 1 TOA PAYOH,12,Non-landed Properties,2,"2,850",80 - 90,800 - 900,Oct 2021
OLEANDER TOWERS,LORONG 1 TOA PAYOH,12,Non-landed Properties,3,"3,200",100 - 110,"1,100 - 1,200",Oct 2021
OLEANDER TOWERS,LORONG 1 TOA PAYOH,12,Non-landed Properties,2,"2,350",80 - 90,800 - 900,Nov 2021
OLEANDER TOWERS,LORONG 1 TOA PAYOH,12,Non-landed Properties,3,"3,450",100 - 110,"1,100 - 1,200",Nov 2021
ONAN COURT,ONAN ROAD,15,Non-landed Properties,NA,"4,800",160 - 170,"1,700 - 1,800",Aug 2021
ONAN COURT,ONAN ROAD,15,Non-landed Properties,NA,"2,800",160 - 170,"1,700 - 1,800",Sep 2021
ONAN SUITES,ONAN ROAD,15,Non-landed Properties,2,"2,200",60 - 70,600 - 700,Apr 2021
ONAN SUITES,ONAN ROAD,15,Non-landed Properties,3,"2,650",70 - 80,800 - 900,May 2021
ONAN SUITES,ONAN ROAD,15,Non-landed Properties,3,"2,600",90 - 100,"900 - 1,000",Aug 2021
ONAN SUITES,ONAN ROAD,15,Non-landed Properties,3,"3,400",120 - 130,"1,300 - 1,400",Sep 2021
ONE @ PULASAN,PULASAN ROAD,15,Non-landed Properties,1,"1,950",50 - 60,500 - 600,Jan 2021
ONE @ PULASAN,PULASAN ROAD,15,Non-landed Properties,3,"2,700",90 - 100,"1,000 - 1,100",May 2021
ONE @ PULASAN,PULASAN ROAD,15,Non-landed Properties,3,"3,000",90 - 100,"1,000 - 1,100",Jul 2021
ONE @ PULASAN,PULASAN ROAD,15,Non-landed Properties,2,"2,700",80 - 90,800 - 900,Oct 2021
ONE @ PULASAN,PULASAN ROAD,15,Non-landed Properties,1,"1,900",40 - 50,400 - 500,Nov 2021
ONE AKYAB,AKYAB ROAD,11,Non-landed Properties,4,"4,300",220 - 230,"2,300 - 2,400",Jun 2021
ONE AKYAB,AKYAB ROAD,11,Non-landed Properties,3,"3,000",170 - 180,"1,800 - 1,900",Sep 2021
ONE AMBER,AMBER GARDENS,15,Non-landed Properties,4,"5,000",150 - 160,"1,600 - 1,700",Jan 2021
ONE AMBER,AMBER GARDENS,15,Non-landed Properties,1,"2,200",50 - 60,500 - 600,Jan 2021
ONE AMBER,AMBER GARDENS,15,Non-landed Properties,1,"2,500",50 - 60,500 - 600,Jan 2021
ONE AMBER,AMBER GARDENS,15,Non-landed Properties,4,"5,500",150 - 160,"1,700 - 1,800",Jan 2021
ONE AMBER,AMBER GARDENS,15,Non-landed Properties,1,"2,350",50 - 60,500 - 600,Jan 2021
ONE AMBER,AMBER GARDENS,15,Non-landed Properties,3,"4,100",120 - 130,"1,300 - 1,400",Jan 2021
ONE AMBER,AMBER GARDENS,15,Non-landed Properties,4,"6,900",140 - 150,"1,500 - 1,600",Jan 2021
ONE AMBER,AMBER GARDENS,15,Non-landed Properties,2,"3,550",80 - 90,"900 - 1,000",Jan 2021
ONE AMBER,AMBER GARDENS,15,Non-landed Properties,4,"5,200",150 - 160,"1,700 - 1,800",Jan 2021
ONE AMBER,AMBER GARDENS,15,Non-landed Properties,3,"4,400",120 - 130,"1,300 - 1,400",Jan 2021
ONE AMBER,AMBER GARDENS,15,Non-landed Properties,3,"4,150",110 - 120,"1,200 - 1,300",Jan 2021
ONE AMBER,AMBER GARDENS,15,Non-landed Properties,3,"4,500",130 - 140,"1,400 - 1,500",Jan 2021
ONE AMBER,AMBER GARDENS,15,Non-landed Properties,4,"5,000",150 - 160,"1,600 - 1,700",Jan 2021
ONE AMBER,AMBER GARDENS,15,Non-landed Properties,3,"4,300",130 - 140,"1,400 - 1,500",Jan 2021
ONE AMBER,AMBER GARDENS,15,Non-landed Properties,4,"9,300",280 - 290,"3,000 - 3,100",Feb 2021
ONE AMBER,AMBER GARDENS,15,Non-landed Properties,4,"5,600",150 - 160,"1,600 - 1,700",Feb 2021
ONE AMBER,AMBER GARDENS,15,Non-landed Properties,3,"4,300",120 - 130,"1,300 - 1,400",Feb 2021
ONE AMBER,AMBER GARDENS,15,Non-landed Properties,3,"4,100",130 - 140,"1,400 - 1,500",Feb 2021
ONE AMBER,AMBER GARDENS,15,Non-landed Properties,2,"3,200",80 - 90,"900 - 1,000",Feb 2021
ONE AMBER,AMBER GARDENS,15,Non-landed Properties,2,"3,550",80 - 90,"900 - 1,000",Feb 2021
ONE AMBER,AMBER GARDENS,15,Non-landed Properties,4,"5,100",150 - 160,"1,600 - 1,700",Feb 2021
ONE AMBER,AMBER GARDENS,15,Non-landed Properties,1,"2,100",50 - 60,500 - 600,Feb 2021
ONE AMBER,AMBER GARDENS,15,Non-landed Properties,3,"4,000",110 - 120,"1,200 - 1,300",Feb 2021
ONE AMBER,AMBER GARDENS,15,Non-landed Properties,1,"2,600",90 - 100,"900 - 1,000",Feb 2021
ONE AMBER,AMBER GARDENS,15,Non-landed Properties,1,"2,450",50 - 60,500 - 600,Feb 2021
ONE AMBER,AMBER GARDENS,15,Non-landed Properties,3,"3,400",110 - 120,"1,200 - 1,300",Feb 2021
ONE AMBER,AMBER GARDENS,15,Non-landed Properties,3,"4,200",110 - 120,"1,200 - 1,300",Feb 2021
ONE AMBER,AMBER GARDENS,15,Non-landed Properties,2,"3,300",80 - 90,"900 - 1,000",Jan 2021
ONE AMBER,AMBER GARDENS,15,Non-landed Properties,3,"4,500",120 - 130,"1,300 - 1,400",Jan 2021
ONE AMBER,AMBER GARDENS,15,Non-landed Properties,3,"4,200",130 - 140,"1,400 - 1,500",Feb 2021
ONE AMBER,AMBER GARDENS,15,Non-landed Properties,2,"3,000",80 - 90,"900 - 1,000",Mar 2021
ONE AMBER,AMBER GARDENS,15,Non-landed Properties,2,"3,500",80 - 90,"900 - 1,000",Mar 2021
ONE AMBER,AMBER GARDENS,15,Non-landed Properties,3,"4,400",110 - 120,"1,200 - 1,300",Mar 2021
ONE AMBER,AMBER GARDENS,15,Non-landed Properties,1,"2,300",50 - 60,500 - 600,Mar 2021
ONE AMBER,AMBER GARDENS,15,Non-landed Properties,3,"4,300",120 - 130,"1,300 - 1,400",Mar 2021
ONE AMBER,AMBER GARDENS,15,Non-landed Properties,4,"5,600",150 - 160,"1,600 - 1,700",Mar 2021
ONE AMBER,AMBER GARDENS,15,Non-landed Properties,3,"4,600",120 - 130,"1,300 - 1,400",Mar 2021
ONE AMBER,AMBER GARDENS,15,Non-landed Properties,2,"3,300",80 - 90,"900 - 1,000",Mar 2021
ONE AMBER,AMBER GARDENS,15,Non-landed Properties,2,"3,300",80 - 90,"900 - 1,000",Mar 2021
ONE AMBER,AMBER GARDENS,15,Non-landed Properties,3,"4,000",120 - 130,"1,300 - 1,400",Mar 2021
ONE AMBER,AMBER GARDENS,15,Non-landed Properties,3,"4,500",120 - 130,"1,300 - 1,400",Mar 2021
ONE AMBER,AMBER GARDENS,15,Non-landed Properties,3,"4,500",120 - 130,"1,300 - 1,400",Mar 2021
ONE AMBER,AMBER GARDENS,15,Non-landed Properties,3,"4,380",120 - 130,"1,300 - 1,400",Mar 2021
ONE AMBER,AMBER GARDENS,15,Non-landed Properties,1,"2,400",50 - 60,500 - 600,Mar 2021
ONE AMBER,AMBER GARDENS,15,Non-landed Properties,3,"4,600",110 - 120,"1,200 - 1,300",Apr 2021
ONE AMBER,AMBER GARDENS,15,Non-landed Properties,4,"5,300",150 - 160,"1,600 - 1,700",Apr 2021
ONE AMBER,AMBER GARDENS,15,Non-landed Properties,2,"3,300",80 - 90,"900 - 1,000",Apr 2021
ONE AMBER,AMBER GARDENS,15,Non-landed Properties,3,"4,300",110 - 120,"1,200 - 1,300",Apr 2021
ONE AMBER,AMBER GARDENS,15,Non-landed Properties,3,"4,100",120 - 130,"1,300 - 1,400",Apr 2021
ONE AMBER,AMBER GARDENS,15,Non-landed Properties,3,"4,500",120 - 130,"1,300 - 1,400",Apr 2021
ONE AMBER,AMBER GARDENS,15,Non-landed Properties,3,"3,800",110 - 120,"1,200 - 1,300",Apr 2021
ONE AMBER,AMBER GARDENS,15,Non-landed Properties,2,"3,500",80 - 90,"900 - 1,000",Apr 2021
ONE AMBER,AMBER GARDENS,15,Non-landed Properties,3,"4,300",120 - 130,"1,300 - 1,400",Apr 2021
ONE AMBER,AMBER GARDENS,15,Non-landed Properties,4,"5,300",150 - 160,"1,600 - 1,700",Apr 2021
ONE AMBER,AMBER GARDENS,15,Non-landed Properties,3,"4,100",120 - 130,"1,300 - 1,400",Apr 2021
ONE AMBER,AMBER GARDENS,15,Non-landed Properties,3,"4,100",120 - 130,"1,300 - 1,400",Apr 2021
ONE AMBER,AMBER GARDENS,15,Non-landed Properties,3,"4,800",120 - 130,"1,300 - 1,400",Apr 2021
ONE AMBER,AMBER GARDENS,15,Non-landed Properties,3,"4,500",110 - 120,"1,200 - 1,300",Apr 2021
ONE AMBER,AMBER GARDENS,15,Non-landed Properties,3,"3,800",120 - 130,"1,300 - 1,400",Apr 2021
ONE AMBER,AMBER GARDENS,15,Non-landed Properties,1,"2,600",50 - 60,500 - 600,Apr 2021
ONE AMBER,AMBER GARDENS,15,Non-landed Properties,3,"4,400",110 - 120,"1,200 - 1,300",Apr 2021
ONE AMBER,AMBER GARDENS,15,Non-landed Properties,3,"3,950",120 - 130,"1,300 - 1,400",Apr 2021
ONE AMBER,AMBER GARDENS,15,Non-landed Properties,2,"3,200",80 - 90,"900 - 1,000",May 2021
ONE AMBER,AMBER GARDENS,15,Non-landed Properties,3,"4,800",130 - 140,"1,400 - 1,500",May 2021
ONE AMBER,AMBER GARDENS,15,Non-landed Properties,2,"3,050",80 - 90,"900 - 1,000",May 2021
ONE AMBER,AMBER GARDENS,15,Non-landed Properties,2,"3,300",80 - 90,"900 - 1,000",May 2021
ONE AMBER,AMBER GARDENS,15,Non-landed Properties,4,"5,000",150 - 160,"1,600 - 1,700",May 2021
ONE AMBER,AMBER GARDENS,15,Non-landed Properties,3,"4,300",110 - 120,"1,200 - 1,300",May 2021
ONE AMBER,AMBER GARDENS,15,Non-landed Properties,2,"3,400",80 - 90,"900 - 1,000",May 2021
ONE AMBER,AMBER GARDENS,15,Non-landed Properties,2,"3,300",80 - 90,"900 - 1,000",May 2021
ONE AMBER,AMBER GARDENS,15,Non-landed Properties,2,"3,050",80 - 90,"900 - 1,000",May 2021
ONE AMBER,AMBER GARDENS,15,Non-landed Properties,4,"5,300",140 - 150,"1,500 - 1,600",May 2021
ONE AMBER,AMBER GARDENS,15,Non-landed Properties,3,"3,400",110 - 120,"1,200 - 1,300",Jun 2021
ONE AMBER,AMBER GARDENS,15,Non-landed Properties,1,"2,350",50 - 60,500 - 600,Jun 2021
ONE AMBER,AMBER GARDENS,15,Non-landed Properties,3,"5,080",120 - 130,"1,300 - 1,400",Jun 2021
ONE AMBER,AMBER GARDENS,15,Non-landed Properties,2,"3,100",80 - 90,"900 - 1,000",Jun 2021
ONE AMBER,AMBER GARDENS,15,Non-landed Properties,2,"3,700",80 - 90,"900 - 1,000",Jun 2021
ONE AMBER,AMBER GARDENS,15,Non-landed Properties,2,"3,500",80 - 90,"900 - 1,000",Jun 2021
ONE AMBER,AMBER GARDENS,15,Non-landed Properties,3,"4,400",120 - 130,"1,300 - 1,400",Jun 2021
ONE AMBER,AMBER GARDENS,15,Non-landed Properties,1,"2,300",50 - 60,500 - 600,Jun 2021
ONE AMBER,AMBER GARDENS,15,Non-landed Properties,3,"4,300",120 - 130,"1,300 - 1,400",Jun 2021
ONE AMBER,AMBER GARDENS,15,Non-landed Properties,4,"6,600",140 - 150,"1,500 - 1,600",May 2021
ONE AMBER,AMBER GARDENS,15,Non-landed Properties,3,"4,300",130 - 140,"1,400 - 1,500",Jun 2021
ONE AMBER,AMBER GARDENS,15,Non-landed Properties,2,"3,650",80 - 90,"900 - 1,000",Jun 2021
ONE AMBER,AMBER GARDENS,15,Non-landed Properties,1,"2,500",100 - 110,"1,000 - 1,100",Jul 2021
ONE AMBER,AMBER GARDENS,15,Non-landed Properties,4,"5,100",150 - 160,"1,700 - 1,800",Jul 2021
ONE AMBER,AMBER GARDENS,15,Non-landed Properties,3,"4,500",120 - 130,"1,300 - 1,400",Jul 2021
ONE AMBER,AMBER GARDENS,15,Non-landed Properties,3,"4,550",120 - 130,"1,300 - 1,400",Jul 2021
ONE AMBER,AMBER GARDENS,15,Non-landed Properties,3,"4,500",120 - 130,"1,300 - 1,400",Jul 2021
ONE AMBER,AMBER GARDENS,15,Non-landed Properties,2,"3,800",80 - 90,"900 - 1,000",Jul 2021
ONE AMBER,AMBER GARDENS,15,Non-landed Properties,2,"3,700",80 - 90,"900 - 1,000",Jul 2021
ONE AMBER,AMBER GARDENS,15,Non-landed Properties,2,"3,800",80 - 90,"900 - 1,000",Jul 2021
ONE AMBER,AMBER GARDENS,15,Non-landed Properties,2,"3,300",80 - 90,"900 - 1,000",Jul 2021
ONE AMBER,AMBER GARDENS,15,Non-landed Properties,4,"6,200",150 - 160,"1,700 - 1,800",Jul 2021
ONE AMBER,AMBER GARDENS,15,Non-landed Properties,1,"2,300",50 - 60,500 - 600,Jul 2021
ONE AMBER,AMBER GARDENS,15,Non-landed Properties,2,"3,400",80 - 90,"900 - 1,000",Jul 2021
ONE AMBER,AMBER GARDENS,15,Non-landed Properties,2,"3,500",80 - 90,"900 - 1,000",Jun 2021
ONE AMBER,AMBER GARDENS,15,Non-landed Properties,4,"5,400",150 - 160,"1,600 - 1,700",Jul 2021
ONE AMBER,AMBER GARDENS,15,Non-landed Properties,1,"2,500",50 - 60,500 - 600,Jul 2021
ONE AMBER,AMBER GARDENS,15,Non-landed Properties,2,"3,600",80 - 90,"900 - 1,000",Jul 2021
ONE AMBER,AMBER GARDENS,15,Non-landed Properties,3,"4,000",110 - 120,"1,200 - 1,300",Aug 2021
ONE AMBER,AMBER GARDENS,15,Non-landed Properties,4,"7,500",280 - 290,"3,100 - 3,200",Aug 2021
ONE AMBER,AMBER GARDENS,15,Non-landed Properties,3,"4,000",120 - 130,"1,300 - 1,400",Aug 2021
ONE AMBER,AMBER GARDENS,15,Non-landed Properties,3,"4,500",120 - 130,"1,300 - 1,400",Aug 2021
ONE AMBER,AMBER GARDENS,15,Non-landed Properties,4,"5,150",150 - 160,"1,600 - 1,700",Aug 2021
ONE AMBER,AMBER GARDENS,15,Non-landed Properties,4,"5,300",150 - 160,"1,600 - 1,700",Aug 2021
ONE AMBER,AMBER GARDENS,15,Non-landed Properties,3,"4,200",120 - 130,"1,300 - 1,400",Aug 2021
ONE AMBER,AMBER GARDENS,15,Non-landed Properties,3,"4,400",110 - 120,"1,200 - 1,300",Aug 2021
ONE AMBER,AMBER GARDENS,15,Non-landed Properties,3,"4,800",110 - 120,"1,200 - 1,300",Aug 2021
ONE AMBER,AMBER GARDENS,15,Non-landed Properties,3,"4,000",120 - 130,"1,300 - 1,400",Aug 2021
ONE AMBER,AMBER GARDENS,15,Non-landed Properties,3,"4,200",120 - 130,"1,300 - 1,400",Aug 2021
ONE AMBER,AMBER GARDENS,15,Non-landed Properties,3,"5,000",110 - 120,"1,200 - 1,300",Aug 2021
ONE AMBER,AMBER GARDENS,15,Non-landed Properties,4,"6,500",150 - 160,"1,600 - 1,700",Aug 2021
ONE AMBER,AMBER GARDENS,15,Non-landed Properties,4,"5,700",150 - 160,"1,600 - 1,700",Aug 2021
ONE AMBER,AMBER GARDENS,15,Non-landed Properties,1,"2,500",50 - 60,500 - 600,Aug 2021
ONE AMBER,AMBER GARDENS,15,Non-landed Properties,4,"5,300",150 - 160,"1,700 - 1,800",Aug 2021
ONE AMBER,AMBER GARDENS,15,Non-landed Properties,2,"3,500",80 - 90,"900 - 1,000",Aug 2021
ONE AMBER,AMBER GARDENS,15,Non-landed Properties,2,"3,400",80 - 90,"900 - 1,000",Aug 2021
ONE AMBER,AMBER GARDENS,15,Non-landed Properties,1,"2,500",50 - 60,500 - 600,Aug 2021
ONE AMBER,AMBER GARDENS,15,Non-landed Properties,2,"3,600",80 - 90,"900 - 1,000",Aug 2021
ONE AMBER,AMBER GARDENS,15,Non-landed Properties,3,"4,600",120 - 130,"1,300 - 1,400",Sep 2021
ONE AMBER,AMBER GARDENS,15,Non-landed Properties,2,"3,700",80 - 90,"900 - 1,000",Sep 2021
ONE AMBER,AMBER GARDENS,15,Non-landed Properties,4,"5,500",150 - 160,"1,600 - 1,700",Sep 2021
ONE AMBER,AMBER GARDENS,15,Non-landed Properties,1,"2,300",50 - 60,500 - 600,Sep 2021
ONE AMBER,AMBER GARDENS,15,Non-landed Properties,4,"5,850",150 - 160,"1,700 - 1,800",Sep 2021
ONE AMBER,AMBER GARDENS,15,Non-landed Properties,3,"4,600",130 - 140,"1,400 - 1,500",Sep 2021
ONE AMBER,AMBER GARDENS,15,Non-landed Properties,3,"4,500",120 - 130,"1,300 - 1,400",Sep 2021
ONE AMBER,AMBER GARDENS,15,Non-landed Properties,4,"5,200",150 - 160,"1,700 - 1,800",Sep 2021
ONE AMBER,AMBER GARDENS,15,Non-landed Properties,3,"4,000",110 - 120,"1,200 - 1,300",Sep 2021
ONE AMBER,AMBER GARDENS,15,Non-landed Properties,4,"5,000",150 - 160,"1,600 - 1,700",Sep 2021
ONE AMBER,AMBER GARDENS,15,Non-landed Properties,3,"5,400",110 - 120,"1,200 - 1,300",Sep 2021
ONE AMBER,AMBER GARDENS,15,Non-landed Properties,3,"4,500",120 - 130,"1,300 - 1,400",Sep 2021
ONE AMBER,AMBER GARDENS,15,Non-landed Properties,3,"4,300",120 - 130,"1,300 - 1,400",Sep 2021
ONE AMBER,AMBER GARDENS,15,Non-landed Properties,3,"4,000",110 - 120,"1,200 - 1,300",Oct 2021
ONE AMBER,AMBER GARDENS,15,Non-landed Properties,3,"4,300",120 - 130,"1,300 - 1,400",Oct 2021
ONE AMBER,AMBER GARDENS,15,Non-landed Properties,3,"5,400",110 - 120,"1,200 - 1,300",Oct 2021
ONE AMBER,AMBER GARDENS,15,Non-landed Properties,1,"2,350",50 - 60,500 - 600,Oct 2021
ONE AMBER,AMBER GARDENS,15,Non-landed Properties,3,"4,600",120 - 130,"1,300 - 1,400",Oct 2021
ONE AMBER,AMBER GARDENS,15,Non-landed Properties,3,"4,000",120 - 130,"1,300 - 1,400",Oct 2021
ONE AMBER,AMBER GARDENS,15,Non-landed Properties,3,"4,350",110 - 120,"1,200 - 1,300",Oct 2021
ONE AMBER,AMBER GARDENS,15,Non-landed Properties,2,"3,080",80 - 90,"900 - 1,000",Oct 2021
ONE AMBER,AMBER GARDENS,15,Non-landed Properties,3,"4,600",120 - 130,"1,300 - 1,400",Oct 2021
ONE AMBER,AMBER GARDENS,15,Non-landed Properties,3,"5,000",120 - 130,"1,300 - 1,400",Oct 2021
ONE AMBER,AMBER GARDENS,15,Non-landed Properties,2,"3,700",80 - 90,"900 - 1,000",Oct 2021
ONE AMBER,AMBER GARDENS,15,Non-landed Properties,2,"3,400",80 - 90,"900 - 1,000",Nov 2021
ONE AMBER,AMBER GARDENS,15,Non-landed Properties,3,"4,300",130 - 140,"1,400 - 1,500",Nov 2021
ONE AMBER,AMBER GARDENS,15,Non-landed Properties,3,"4,500",120 - 130,"1,300 - 1,400",Nov 2021
ONE AMBER,AMBER GARDENS,15,Non-landed Properties,4,"6,300",150 - 160,"1,700 - 1,800",Nov 2021
ONE AMBER,AMBER GARDENS,15,Non-landed Properties,3,"4,200",110 - 120,"1,200 - 1,300",Nov 2021
ONE AMBER,AMBER GARDENS,15,Non-landed Properties,1,"2,500",50 - 60,500 - 600,Nov 2021
ONE AMBER,AMBER GARDENS,15,Non-landed Properties,2,"4,000",160 - 170,"1,700 - 1,800",Nov 2021
ONE AMBER,AMBER GARDENS,15,Non-landed Properties,4,"5,300",150 - 160,"1,600 - 1,700",Nov 2021
ONE AMBER,AMBER GARDENS,15,Non-landed Properties,1,"2,300",50 - 60,500 - 600,Nov 2021
ONE AMBER,AMBER GARDENS,15,Non-landed Properties,2,"3,700",80 - 90,"900 - 1,000",Nov 2021
ONE AMBER,AMBER GARDENS,15,Non-landed Properties,4,"6,000",150 - 160,"1,600 - 1,700",Nov 2021
ONE AMBER,AMBER GARDENS,15,Non-landed Properties,3,"5,300",120 - 130,"1,300 - 1,400",Nov 2021
ONE AMBER,AMBER GARDENS,15,Non-landed Properties,3,"5,000",120 - 130,"1,300 - 1,400",Oct 2021
ONE AMBER,AMBER GARDENS,15,Non-landed Properties,3,"4,400",120 - 130,"1,300 - 1,400",Oct 2021
ONE AMBER,AMBER GARDENS,15,Non-landed Properties,1,"2,500",50 - 60,500 - 600,Nov 2021
ONE AMBER,AMBER GARDENS,15,Non-landed Properties,2,"4,000",80 - 90,"900 - 1,000",Nov 2021
ONE AMBER,AMBER GARDENS,15,Non-landed Properties,3,"4,350",120 - 130,"1,300 - 1,400",Nov 2021
ONE AMBER,AMBER GARDENS,15,Non-landed Properties,2,"3,900",80 - 90,"900 - 1,000",Nov 2021
ONE AMBER,AMBER GARDENS,15,Non-landed Properties,2,"3,900",80 - 90,"900 - 1,000",Nov 2021
ONE AMBER,AMBER GARDENS,15,Non-landed Properties,1,"2,300",50 - 60,500 - 600,Nov 2021
ONE BALMORAL,BALMORAL ROAD,10,Non-landed Properties,1,"3,000",50 - 60,500 - 600,Jan 2021
ONE BALMORAL,BALMORAL ROAD,10,Non-landed Properties,1,"3,000",50 - 60,500 - 600,Jan 2021
ONE BALMORAL,BALMORAL ROAD,10,Non-landed Properties,1,"2,850",50 - 60,500 - 600,Jan 2021
ONE BALMORAL,BALMORAL ROAD,10,Non-landed Properties,3,"6,400",130 - 140,"1,400 - 1,500",Jan 2021
ONE BALMORAL,BALMORAL ROAD,10,Non-landed Properties,2,"4,500",90 - 100,"900 - 1,000",Feb 2021
ONE BALMORAL,BALMORAL ROAD,10,Non-landed Properties,2,"4,500",90 - 100,"900 - 1,000",Jan 2021
ONE BALMORAL,BALMORAL ROAD,10,Non-landed Properties,1,"3,000",50 - 60,500 - 600,Mar 2021
ONE BALMORAL,BALMORAL ROAD,10,Non-landed Properties,2,"3,800",90 - 100,"900 - 1,000",Mar 2021
ONE BALMORAL,BALMORAL ROAD,10,Non-landed Properties,2,"4,800",90 - 100,"900 - 1,000",Mar 2021
ONE BALMORAL,BALMORAL ROAD,10,Non-landed Properties,2,"4,500",90 - 100,"900 - 1,000",Apr 2021
ONE BALMORAL,BALMORAL ROAD,10,Non-landed Properties,2,"4,350",90 - 100,"900 - 1,000",Apr 2021
ONE BALMORAL,BALMORAL ROAD,10,Non-landed Properties,2,"5,000",110 - 120,"1,100 - 1,200",Apr 2021
ONE BALMORAL,BALMORAL ROAD,10,Non-landed Properties,3,"6,200",130 - 140,"1,400 - 1,500",Jul 2021
ONE BALMORAL,BALMORAL ROAD,10,Non-landed Properties,4,"6,800",150 - 160,"1,600 - 1,700",Jul 2021
ONE BALMORAL,BALMORAL ROAD,10,Non-landed Properties,3,"6,100",160 - 170,"1,700 - 1,800",Jul 2021
ONE BALMORAL,BALMORAL ROAD,10,Non-landed Properties,2,"4,400",90 - 100,"900 - 1,000",Jul 2021
ONE BALMORAL,BALMORAL ROAD,10,Non-landed Properties,2,"4,300",90 - 100,"900 - 1,000",Jul 2021
ONE BALMORAL,BALMORAL ROAD,10,Non-landed Properties,2,"4,500",90 - 100,"900 - 1,000",Aug 2021
ONE BALMORAL,BALMORAL ROAD,10,Non-landed Properties,2,"4,500",90 - 100,"900 - 1,000",Aug 2021
ONE BALMORAL,BALMORAL ROAD,10,Non-landed Properties,1,"2,900",50 - 60,500 - 600,Aug 2021
ONE BALMORAL,BALMORAL ROAD,10,Non-landed Properties,2,"4,700",90 - 100,"900 - 1,000",Aug 2021
ONE BALMORAL,BALMORAL ROAD,10,Non-landed Properties,2,"4,800",90 - 100,"900 - 1,000",Sep 2021
ONE BALMORAL,BALMORAL ROAD,10,Non-landed Properties,1,"3,300",50 - 60,500 - 600,Sep 2021
ONE BALMORAL,BALMORAL ROAD,10,Non-landed Properties,2,"4,400",90 - 100,"900 - 1,000",Oct 2021
ONE BALMORAL,BALMORAL ROAD,10,Non-landed Properties,1,"2,700",50 - 60,500 - 600,Sep 2021
ONE BALMORAL,BALMORAL ROAD,10,Non-landed Properties,2,"4,600",90 - 100,"900 - 1,000",Oct 2021
ONE BALMORAL,BALMORAL ROAD,10,Non-landed Properties,2,"4,500",90 - 100,"900 - 1,000",Nov 2021
ONE BALMORAL,BALMORAL ROAD,10,Non-landed Properties,2,"4,500",90 - 100,"900 - 1,000",Nov 2021
ONE CHATSWORTH,CHATSWORTH ROAD,10,Non-landed Properties,5,"10,000",300 - 310,"3,300 - 3,400",Jan 2021
ONE CHATSWORTH,CHATSWORTH ROAD,10,Non-landed Properties,5,"10,000",310 - 320,"3,400 - 3,500",Jan 2021
ONE CHATSWORTH,CHATSWORTH ROAD,10,Non-landed Properties,5,"11,000",300 - 310,"3,300 - 3,400",Jul 2021
ONE CHATSWORTH,CHATSWORTH ROAD,10,Non-landed Properties,5,"9,500",300 - 310,"3,300 - 3,400",Jul 2021
ONE CHATSWORTH,CHATSWORTH ROAD,10,Non-landed Properties,5,"10,000",300 - 310,"3,300 - 3,400",Jul 2021
ONE CHATSWORTH,CHATSWORTH ROAD,10,Non-landed Properties,5,"9,500",300 - 310,"3,300 - 3,400",Aug 2021
ONE CHATSWORTH,CHATSWORTH ROAD,10,Non-landed Properties,5,"11,500",300 - 310,"3,300 - 3,400",Aug 2021
ONE CHATSWORTH,CHATSWORTH ROAD,10,Non-landed Properties,5,"11,000",310 - 320,"3,400 - 3,500",Sep 2021
ONE CHATSWORTH,CHATSWORTH ROAD,10,Non-landed Properties,5,"10,000",310 - 320,"3,400 - 3,500",Sep 2021
ONE DEVONSHIRE,DEVONSHIRE ROAD,09,Non-landed Properties,3,"7,200",120 - 130,"1,300 - 1,400",Jan 2021
ONE DEVONSHIRE,DEVONSHIRE ROAD,09,Non-landed Properties,4,"7,900",140 - 150,"1,500 - 1,600",Jan 2021
ONE DEVONSHIRE,DEVONSHIRE ROAD,09,Non-landed Properties,4,"7,600",140 - 150,"1,500 - 1,600",Jan 2021
ONE DEVONSHIRE,DEVONSHIRE ROAD,09,Non-landed Properties,3,"6,950",130 - 140,"1,400 - 1,500",Jan 2021
ONE DEVONSHIRE,DEVONSHIRE ROAD,09,Non-landed Properties,4,"11,300",220 - 230,"2,400 - 2,500",Jan 2021
ONE DEVONSHIRE,DEVONSHIRE ROAD,09,Non-landed Properties,4,"11,800",220 - 230,"2,400 - 2,500",Jan 2021
ONE DEVONSHIRE,DEVONSHIRE ROAD,09,Non-landed Properties,4,"7,200",140 - 150,"1,500 - 1,600",Feb 2021
ONE DEVONSHIRE,DEVONSHIRE ROAD,09,Non-landed Properties,4,"11,000",220 - 230,"2,400 - 2,500",Feb 2021
ONE DEVONSHIRE,DEVONSHIRE ROAD,09,Non-landed Properties,4,"7,400",130 - 140,"1,400 - 1,500",Feb 2021
ONE DEVONSHIRE,DEVONSHIRE ROAD,09,Non-landed Properties,3,"7,400",120 - 130,"1,200 - 1,300",Feb 2021
ONE DEVONSHIRE,DEVONSHIRE ROAD,09,Non-landed Properties,2,"5,500",80 - 90,"900 - 1,000",Feb 2021
ONE DEVONSHIRE,DEVONSHIRE ROAD,09,Non-landed Properties,4,"7,400",130 - 140,"1,400 - 1,500",Mar 2021
ONE DEVONSHIRE,DEVONSHIRE ROAD,09,Non-landed Properties,2,"6,300",80 - 90,"900 - 1,000",Mar 2021
ONE DEVONSHIRE,DEVONSHIRE ROAD,09,Non-landed Properties,3,"8,200",110 - 120,"1,200 - 1,300",Mar 2021
ONE DEVONSHIRE,DEVONSHIRE ROAD,09,Non-landed Properties,4,"7,200",140 - 150,"1,500 - 1,600",Mar 2021
ONE DEVONSHIRE,DEVONSHIRE ROAD,09,Non-landed Properties,3,"7,300",110 - 120,"1,200 - 1,300",Feb 2021
ONE DEVONSHIRE,DEVONSHIRE ROAD,09,Non-landed Properties,3,"7,000",110 - 120,"1,200 - 1,300",Apr 2021
ONE DEVONSHIRE,DEVONSHIRE ROAD,09,Non-landed Properties,2,"6,500",80 - 90,"900 - 1,000",Apr 2021
ONE DEVONSHIRE,DEVONSHIRE ROAD,09,Non-landed Properties,3,"7,400",120 - 130,"1,300 - 1,400",Apr 2021
ONE DEVONSHIRE,DEVONSHIRE ROAD,09,Non-landed Properties,3,"6,800",120 - 130,"1,200 - 1,300",Apr 2021
ONE DEVONSHIRE,DEVONSHIRE ROAD,09,Non-landed Properties,3,"8,200",120 - 130,"1,300 - 1,400",Apr 2021
ONE DEVONSHIRE,DEVONSHIRE ROAD,09,Non-landed Properties,3,"7,000",110 - 120,"1,200 - 1,300",Apr 2021
ONE DEVONSHIRE,DEVONSHIRE ROAD,09,Non-landed Properties,3,"6,950",130 - 140,"1,400 - 1,500",Apr 2021
ONE DEVONSHIRE,DEVONSHIRE ROAD,09,Non-landed Properties,2,"5,800",80 - 90,"900 - 1,000",Apr 2021
ONE DEVONSHIRE,DEVONSHIRE ROAD,09,Non-landed Properties,3,"6,600",120 - 130,"1,300 - 1,400",Apr 2021
ONE DEVONSHIRE,DEVONSHIRE ROAD,09,Non-landed Properties,4,"8,100",130 - 140,"1,400 - 1,500",Apr 2021
ONE DEVONSHIRE,DEVONSHIRE ROAD,09,Non-landed Properties,2,"6,000",80 - 90,"900 - 1,000",Apr 2021
ONE DEVONSHIRE,DEVONSHIRE ROAD,09,Non-landed Properties,2,"6,360",80 - 90,"900 - 1,000",Apr 2021
ONE DEVONSHIRE,DEVONSHIRE ROAD,09,Non-landed Properties,3,"7,100",110 - 120,"1,200 - 1,300",May 2021
ONE DEVONSHIRE,DEVONSHIRE ROAD,09,Non-landed Properties,3,"7,600",110 - 120,"1,200 - 1,300",May 2021
ONE DEVONSHIRE,DEVONSHIRE ROAD,09,Non-landed Properties,4,"7,500",140 - 150,"1,500 - 1,600",Jun 2021
ONE DEVONSHIRE,DEVONSHIRE ROAD,09,Non-landed Properties,3,"7,800",120 - 130,"1,200 - 1,300",Jun 2021
ONE DEVONSHIRE,DEVONSHIRE ROAD,09,Non-landed Properties,3,"7,700",110 - 120,"1,200 - 1,300",Jun 2021
ONE DEVONSHIRE,DEVONSHIRE ROAD,09,Non-landed Properties,4,"7,700",140 - 150,"1,500 - 1,600",May 2021
ONE DEVONSHIRE,DEVONSHIRE ROAD,09,Non-landed Properties,3,"6,600",120 - 130,"1,300 - 1,400",Jun 2021
ONE DEVONSHIRE,DEVONSHIRE ROAD,09,Non-landed Properties,2,"7,200",80 - 90,"900 - 1,000",Jun 2021
ONE DEVONSHIRE,DEVONSHIRE ROAD,09,Non-landed Properties,3,"7,500",120 - 130,"1,300 - 1,400",Jun 2021
ONE DEVONSHIRE,DEVONSHIRE ROAD,09,Non-landed Properties,4,"6,900",130 - 140,"1,400 - 1,500",May 2021
ONE DEVONSHIRE,DEVONSHIRE ROAD,09,Non-landed Properties,4,"9,200",220 - 230,"2,400 - 2,500",Jul 2021
ONE DEVONSHIRE,DEVONSHIRE ROAD,09,Non-landed Properties,4,"11,500",220 - 230,"2,400 - 2,500",Jul 2021
ONE DEVONSHIRE,DEVONSHIRE ROAD,09,Non-landed Properties,2,"6,500",80 - 90,"900 - 1,000",Jul 2021
ONE DEVONSHIRE,DEVONSHIRE ROAD,09,Non-landed Properties,4,"7,810",140 - 150,"1,600 - 1,700",Jul 2021
ONE DEVONSHIRE,DEVONSHIRE ROAD,09,Non-landed Properties,3,"7,000",120 - 130,"1,200 - 1,300",Jul 2021
ONE DEVONSHIRE,DEVONSHIRE ROAD,09,Non-landed Properties,2,"6,000",80 - 90,"900 - 1,000",Jul 2021
ONE DEVONSHIRE,DEVONSHIRE ROAD,09,Non-landed Properties,3,"6,400",120 - 130,"1,200 - 1,300",Jul 2021
ONE DEVONSHIRE,DEVONSHIRE ROAD,09,Non-landed Properties,3,"7,200",120 - 130,"1,200 - 1,300",Jul 2021
ONE DEVONSHIRE,DEVONSHIRE ROAD,09,Non-landed Properties,3,"6,950",110 - 120,"1,100 - 1,200",Aug 2021
ONE DEVONSHIRE,DEVONSHIRE ROAD,09,Non-landed Properties,3,"7,100",120 - 130,"1,200 - 1,300",Aug 2021
ONE DEVONSHIRE,DEVONSHIRE ROAD,09,Non-landed Properties,3,"7,000",110 - 120,"1,200 - 1,300",Jun 2021
ONE DEVONSHIRE,DEVONSHIRE ROAD,09,Non-landed Properties,3,"6,800",110 - 120,"1,200 - 1,300",Aug 2021
ONE DEVONSHIRE,DEVONSHIRE ROAD,09,Non-landed Properties,4,"8,000",130 - 140,"1,400 - 1,500",Aug 2021
ONE DEVONSHIRE,DEVONSHIRE ROAD,09,Non-landed Properties,4,"7,500",140 - 150,"1,500 - 1,600",Sep 2021
ONE DEVONSHIRE,DEVONSHIRE ROAD,09,Non-landed Properties,4,"8,000",140 - 150,"1,500 - 1,600",Sep 2021
ONE DEVONSHIRE,DEVONSHIRE ROAD,09,Non-landed Properties,3,"7,200",110 - 120,"1,200 - 1,300",Sep 2021
ONE DEVONSHIRE,DEVONSHIRE ROAD,09,Non-landed Properties,4,"8,200",130 - 140,"1,400 - 1,500",Oct 2021
ONE DEVONSHIRE,DEVONSHIRE ROAD,09,Non-landed Properties,3,"7,000",120 - 130,"1,200 - 1,300",Oct 2021
ONE DEVONSHIRE,DEVONSHIRE ROAD,09,Non-landed Properties,3,"7,000",120 - 130,"1,300 - 1,400",Oct 2021
ONE DEVONSHIRE,DEVONSHIRE ROAD,09,Non-landed Properties,3,"6,800",110 - 120,"1,200 - 1,300",Oct 2021
ONE DEVONSHIRE,DEVONSHIRE ROAD,09,Non-landed Properties,3,"7,000",120 - 130,"1,300 - 1,400",Oct 2021
ONE DEVONSHIRE,DEVONSHIRE ROAD,09,Non-landed Properties,4,"8,000",140 - 150,"1,500 - 1,600",Nov 2021
ONE DEVONSHIRE,DEVONSHIRE ROAD,09,Non-landed Properties,3,"6,800",120 - 130,"1,300 - 1,400",Nov 2021
ONE DEVONSHIRE,DEVONSHIRE ROAD,09,Non-landed Properties,3,"7,000",110 - 120,"1,200 - 1,300",Nov 2021
ONE DEVONSHIRE,DEVONSHIRE ROAD,09,Non-landed Properties,3,"6,800",110 - 120,"1,200 - 1,300",Nov 2021
ONE DEVONSHIRE,DEVONSHIRE ROAD,09,Non-landed Properties,3,"7,000",110 - 120,"1,200 - 1,300",Nov 2021
ONE DEVONSHIRE,DEVONSHIRE ROAD,09,Non-landed Properties,3,"7,200",110 - 120,"1,200 - 1,300",Nov 2021
ONE DEVONSHIRE,DEVONSHIRE ROAD,09,Non-landed Properties,3,"7,400",110 - 120,"1,200 - 1,300",Nov 2021
ONE DEVONSHIRE,DEVONSHIRE ROAD,09,Non-landed Properties,4,"7,200",140 - 150,"1,500 - 1,600",Oct 2021
ONE DEVONSHIRE,DEVONSHIRE ROAD,09,Non-landed Properties,2,"5,500",80 - 90,"900 - 1,000",Nov 2021
ONE DEVONSHIRE,DEVONSHIRE ROAD,09,Non-landed Properties,2,"5,500",80 - 90,"900 - 1,000",Nov 2021
ONE DUCHESS,DUCHESS ROAD,10,Non-landed Properties,1,"1,750",40 - 50,400 - 500,Jan 2021
ONE DUCHESS,DUCHESS ROAD,10,Non-landed Properties,2,"1,700",70 - 80,700 - 800,Jan 2021
ONE DUCHESS,DUCHESS ROAD,10,Non-landed Properties,2,"2,690",80 - 90,"900 - 1,000",Feb 2021
ONE DUCHESS,DUCHESS ROAD,10,Non-landed Properties,2,"2,641",70 - 80,700 - 800,May 2021
ONE DUCHESS,DUCHESS ROAD,10,Non-landed Properties,1,"2,450",40 - 50,400 - 500,Jun 2021
ONE DUCHESS,DUCHESS ROAD,10,Non-landed Properties,2,"3,800",80 - 90,800 - 900,Jul 2021
ONE DUCHESS,DUCHESS ROAD,10,Non-landed Properties,4,"6,000",120 - 130,"1,300 - 1,400",Nov 2021
ONE DUSUN RESIDENCES,JALAN DUSUN,12,Non-landed Properties,2,"2,400",60 - 70,600 - 700,Jan 2021
ONE DUSUN RESIDENCES,JALAN DUSUN,12,Non-landed Properties,2,"2,000",40 - 50,500 - 600,Jan 2021
ONE DUSUN RESIDENCES,JALAN DUSUN,12,Non-landed Properties,2,"2,100",40 - 50,500 - 600,Jan 2021
ONE DUSUN RESIDENCES,JALAN DUSUN,12,Non-landed Properties,2,"1,850",40 - 50,400 - 500,Jan 2021
ONE DUSUN RESIDENCES,JALAN DUSUN,12,Non-landed Properties,2,"2,200",40 - 50,400 - 500,Jan 2021
ONE DUSUN RESIDENCES,JALAN DUSUN,12,Non-landed Properties,2,"2,050",40 - 50,500 - 600,Jan 2021
ONE DUSUN RESIDENCES,JALAN DUSUN,12,Non-landed Properties,2,"2,050",40 - 50,400 - 500,Jan 2021
ONE DUSUN RESIDENCES,JALAN DUSUN,12,Non-landed Properties,2,"2,200",40 - 50,400 - 500,Feb 2021
ONE DUSUN RESIDENCES,JALAN DUSUN,12,Non-landed Properties,2,"2,100",40 - 50,400 - 500,Feb 2021
ONE DUSUN RESIDENCES,JALAN DUSUN,12,Non-landed Properties,2,"2,650",60 - 70,600 - 700,Feb 2021
ONE DUSUN RESIDENCES,JALAN DUSUN,12,Non-landed Properties,2,"2,200",40 - 50,500 - 600,Feb 2021
ONE DUSUN RESIDENCES,JALAN DUSUN,12,Non-landed Properties,2,"2,000",40 - 50,400 - 500,Feb 2021
ONE DUSUN RESIDENCES,JALAN DUSUN,12,Non-landed Properties,2,"2,100",40 - 50,400 - 500,Jan 2021
ONE DUSUN RESIDENCES,JALAN DUSUN,12,Non-landed Properties,2,"2,300",40 - 50,500 - 600,Jan 2021
ONE DUSUN RESIDENCES,JALAN DUSUN,12,Non-landed Properties,2,"2,300",50 - 60,500 - 600,Jan 2021
ONE DUSUN RESIDENCES,JALAN DUSUN,12,Non-landed Properties,2,"2,600",60 - 70,600 - 700,Feb 2021
ONE DUSUN RESIDENCES,JALAN DUSUN,12,Non-landed Properties,2,"2,100",40 - 50,400 - 500,Mar 2021
ONE DUSUN RESIDENCES,JALAN DUSUN,12,Non-landed Properties,2,"2,700",60 - 70,600 - 700,Mar 2021
ONE DUSUN RESIDENCES,JALAN DUSUN,12,Non-landed Properties,2,"2,800",60 - 70,600 - 700,Mar 2021
ONE DUSUN RESIDENCES,JALAN DUSUN,12,Non-landed Properties,2,"2,100",40 - 50,500 - 600,Mar 2021
ONE DUSUN RESIDENCES,JALAN DUSUN,12,Non-landed Properties,2,"2,300",40 - 50,500 - 600,Feb 2021
ONE DUSUN RESIDENCES,JALAN DUSUN,12,Non-landed Properties,2,"2,300",60 - 70,600 - 700,Mar 2021
ONE DUSUN RESIDENCES,JALAN DUSUN,12,Non-landed Properties,2,"2,100",40 - 50,400 - 500,Mar 2021
ONE DUSUN RESIDENCES,JALAN DUSUN,12,Non-landed Properties,2,"2,200",40 - 50,500 - 600,Mar 2021
ONE DUSUN RESIDENCES,JALAN DUSUN,12,Non-landed Properties,2,"2,200",40 - 50,400 - 500,Feb 2021
ONE DUSUN RESIDENCES,JALAN DUSUN,12,Non-landed Properties,2,"2,100",40 - 50,400 - 500,Feb 2021
ONE DUSUN RESIDENCES,JALAN DUSUN,12,Non-landed Properties,2,"2,100",40 - 50,400 - 500,Mar 2021
ONE DUSUN RESIDENCES,JALAN DUSUN,12,Non-landed Properties,2,"2,000",40 - 50,400 - 500,Feb 2021
ONE DUSUN RESIDENCES,JALAN DUSUN,12,Non-landed Properties,2,"2,000",40 - 50,400 - 500,Apr 2021
ONE DUSUN RESIDENCES,JALAN DUSUN,12,Non-landed Properties,2,"2,500",60 - 70,600 - 700,Apr 2021
ONE DUSUN RESIDENCES,JALAN DUSUN,12,Non-landed Properties,2,"2,400",60 - 70,600 - 700,May 2021
ONE DUSUN RESIDENCES,JALAN DUSUN,12,Non-landed Properties,2,"2,550",60 - 70,600 - 700,May 2021
ONE DUSUN RESIDENCES,JALAN DUSUN,12,Non-landed Properties,2,"2,400",60 - 70,600 - 700,May 2021
ONE DUSUN RESIDENCES,JALAN DUSUN,12,Non-landed Properties,2,"2,250",40 - 50,400 - 500,May 2021
ONE DUSUN RESIDENCES,JALAN DUSUN,12,Non-landed Properties,2,"1,950",40 - 50,400 - 500,May 2021
ONE DUSUN RESIDENCES,JALAN DUSUN,12,Non-landed Properties,2,"2,200",40 - 50,500 - 600,May 2021
ONE DUSUN RESIDENCES,JALAN DUSUN,12,Non-landed Properties,2,"2,100",40 - 50,400 - 500,May 2021
ONE DUSUN RESIDENCES,JALAN DUSUN,12,Non-landed Properties,2,"2,400",40 - 50,400 - 500,May 2021
ONE DUSUN RESIDENCES,JALAN DUSUN,12,Non-landed Properties,2,"2,650",60 - 70,600 - 700,May 2021
ONE DUSUN RESIDENCES,JALAN DUSUN,12,Non-landed Properties,2,"2,100",40 - 50,400 - 500,Jun 2021
ONE DUSUN RESIDENCES,JALAN DUSUN,12,Non-landed Properties,2,"2,100",40 - 50,400 - 500,Jun 2021
ONE DUSUN RESIDENCES,JALAN DUSUN,12,Non-landed Properties,2,"2,300",60 - 70,600 - 700,Jun 2021
ONE DUSUN RESIDENCES,JALAN DUSUN,12,Non-landed Properties,NA,"2,350",90 - 100,"1,000 - 1,100",Jun 2021
ONE DUSUN RESIDENCES,JALAN DUSUN,12,Non-landed Properties,2,"2,200",40 - 50,400 - 500,Jun 2021
ONE DUSUN RESIDENCES,JALAN DUSUN,12,Non-landed Properties,2,"2,300",40 - 50,400 - 500,Jun 2021
ONE DUSUN RESIDENCES,JALAN DUSUN,12,Non-landed Properties,2,"2,350",60 - 70,600 - 700,Jul 2021
ONE DUSUN RESIDENCES,JALAN DUSUN,12,Non-landed Properties,2,"2,300",40 - 50,400 - 500,Jul 2021
ONE DUSUN RESIDENCES,JALAN DUSUN,12,Non-landed Properties,2,"2,050",40 - 50,500 - 600,Jul 2021
ONE DUSUN RESIDENCES,JALAN DUSUN,12,Non-landed Properties,2,"2,100",40 - 50,400 - 500,Jul 2021
ONE DUSUN RESIDENCES,JALAN DUSUN,12,Non-landed Properties,2,"2,000",40 - 50,400 - 500,Jul 2021
ONE DUSUN RESIDENCES,JALAN DUSUN,12,Non-landed Properties,2,"2,100",40 - 50,400 - 500,Jul 2021
ONE DUSUN RESIDENCES,JALAN DUSUN,12,Non-landed Properties,2,"3,000",80 - 90,"900 - 1,000",Jul 2021
ONE DUSUN RESIDENCES,JALAN DUSUN,12,Non-landed Properties,2,"2,600",60 - 70,600 - 700,Jul 2021
ONE DUSUN RESIDENCES,JALAN DUSUN,12,Non-landed Properties,2,"2,000",40 - 50,400 - 500,Jul 2021
ONE DUSUN RESIDENCES,JALAN DUSUN,12,Non-landed Properties,2,"2,800",60 - 70,600 - 700,Jul 2021
ONE DUSUN RESIDENCES,JALAN DUSUN,12,Non-landed Properties,2,"2,600",60 - 70,600 - 700,Jul 2021
ONE DUSUN RESIDENCES,JALAN DUSUN,12,Non-landed Properties,2,"3,000",80 - 90,"900 - 1,000",Jul 2021
ONE DUSUN RESIDENCES,JALAN DUSUN,12,Non-landed Properties,2,"2,800",80 - 90,800 - 900,Aug 2021
ONE DUSUN RESIDENCES,JALAN DUSUN,12,Non-landed Properties,2,"2,500",40 - 50,400 - 500,Aug 2021
ONE DUSUN RESIDENCES,JALAN DUSUN,12,Non-landed Properties,2,"2,200",40 - 50,400 - 500,Aug 2021
ONE DUSUN RESIDENCES,JALAN DUSUN,12,Non-landed Properties,2,"2,300",60 - 70,600 - 700,Aug 2021
ONE DUSUN RESIDENCES,JALAN DUSUN,12,Non-landed Properties,2,"1,800",40 - 50,400 - 500,Aug 2021
ONE DUSUN RESIDENCES,JALAN DUSUN,12,Non-landed Properties,2,"2,300",40 - 50,500 - 600,Aug 2021
ONE DUSUN RESIDENCES,JALAN DUSUN,12,Non-landed Properties,2,"3,100",70 - 80,700 - 800,Jul 2021
ONE DUSUN RESIDENCES,JALAN DUSUN,12,Non-landed Properties,2,"2,250",40 - 50,500 - 600,Aug 2021
ONE DUSUN RESIDENCES,JALAN DUSUN,12,Non-landed Properties,2,"2,150",40 - 50,400 - 500,Aug 2021
ONE DUSUN RESIDENCES,JALAN DUSUN,12,Non-landed Properties,2,"2,200",40 - 50,500 - 600,Aug 2021
ONE DUSUN RESIDENCES,JALAN DUSUN,12,Non-landed Properties,2,"2,000",40 - 50,500 - 600,Aug 2021
ONE DUSUN RESIDENCES,JALAN DUSUN,12,Non-landed Properties,2,"2,100",40 - 50,500 - 600,Sep 2021
ONE DUSUN RESIDENCES,JALAN DUSUN,12,Non-landed Properties,2,"2,200",40 - 50,500 - 600,Sep 2021
ONE DUSUN RESIDENCES,JALAN DUSUN,12,Non-landed Properties,2,"2,250",40 - 50,400 - 500,Sep 2021
ONE DUSUN RESIDENCES,JALAN DUSUN,12,Non-landed Properties,2,"2,150",40 - 50,400 - 500,Sep 2021
ONE DUSUN RESIDENCES,JALAN DUSUN,12,Non-landed Properties,2,"2,100",40 - 50,500 - 600,Sep 2021
ONE DUSUN RESIDENCES,JALAN DUSUN,12,Non-landed Properties,2,"1,700",40 - 50,500 - 600,Sep 2021
ONE DUSUN RESIDENCES,JALAN DUSUN,12,Non-landed Properties,2,"2,300",60 - 70,600 - 700,Aug 2021
ONE DUSUN RESIDENCES,JALAN DUSUN,12,Non-landed Properties,2,"2,700",60 - 70,600 - 700,Sep 2021
ONE DUSUN RESIDENCES,JALAN DUSUN,12,Non-landed Properties,2,"2,100",60 - 70,600 - 700,Sep 2021
ONE DUSUN RESIDENCES,JALAN DUSUN,12,Non-landed Properties,2,"2,050",40 - 50,500 - 600,Oct 2021
ONE DUSUN RESIDENCES,JALAN DUSUN,12,Non-landed Properties,2,"2,200",40 - 50,500 - 600,Nov 2021
ONE DUSUN RESIDENCES,JALAN DUSUN,12,Non-landed Properties,3,"3,200",100 - 110,"1,000 - 1,100",Nov 2021
ONE DUSUN RESIDENCES,JALAN DUSUN,12,Non-landed Properties,2,"2,700",60 - 70,600 - 700,Nov 2021
ONE DUSUN RESIDENCES,JALAN DUSUN,12,Non-landed Properties,2,"2,050",40 - 50,500 - 600,Nov 2021
ONE DUSUN RESIDENCES,JALAN DUSUN,12,Non-landed Properties,2,"2,000",40 - 50,500 - 600,Nov 2021
ONE DUSUN RESIDENCES,JALAN DUSUN,12,Non-landed Properties,2,"2,300",40 - 50,500 - 600,Nov 2021
ONE DUSUN RESIDENCES,JALAN DUSUN,12,Non-landed Properties,2,"2,200",40 - 50,500 - 600,Oct 2021
ONE DUSUN RESIDENCES,JALAN DUSUN,12,Non-landed Properties,2,"2,500",40 - 50,500 - 600,Nov 2021
ONE DUSUN RESIDENCES,JALAN DUSUN,12,Non-landed Properties,2,"2,700",40 - 50,400 - 500,Nov 2021
ONE DUSUN RESIDENCES,JALAN DUSUN,12,Non-landed Properties,2,"2,000",40 - 50,500 - 600,Nov 2021
ONE DUSUN RESIDENCES,JALAN DUSUN,12,Non-landed Properties,2,"2,300",40 - 50,500 - 600,Nov 2021
ONE EIGHTIES RESIDENCES,JOO CHIAT TERRACE,15,Non-landed Properties,1,"1,900",50 - 60,500 - 600,Jan 2021
ONE EIGHTIES RESIDENCES,JOO CHIAT TERRACE,15,Non-landed Properties,1,"2,200",50 - 60,600 - 700,Jan 2021
ONE EIGHTIES RESIDENCES,JOO CHIAT TERRACE,15,Non-landed Properties,2,"2,500",60 - 70,600 - 700,Mar 2021
ONE EIGHTIES RESIDENCES,JOO CHIAT TERRACE,15,Non-landed Properties,3,"2,490",90 - 100,"1,000 - 1,100",Mar 2021
ONE EIGHTIES RESIDENCES,JOO CHIAT TERRACE,15,Non-landed Properties,1,"2,000",50 - 60,600 - 700,Apr 2021
ONE EIGHTIES RESIDENCES,JOO CHIAT TERRACE,15,Non-landed Properties,1,"1,950",50 - 60,500 - 600,May 2021
ONE EIGHTIES RESIDENCES,JOO CHIAT TERRACE,15,Non-landed Properties,2,"2,400",50 - 60,600 - 700,May 2021
ONE EIGHTIES RESIDENCES,JOO CHIAT TERRACE,15,Non-landed Properties,1,"2,050",50 - 60,600 - 700,Aug 2021
ONE EIGHTIES RESIDENCES,JOO CHIAT TERRACE,15,Non-landed Properties,3,"4,100",110 - 120,"1,200 - 1,300",Aug 2021
ONE EIGHTIES RESIDENCES,JOO CHIAT TERRACE,15,Non-landed Properties,2,"2,300",60 - 70,600 - 700,Sep 2021
ONE EIGHTIES RESIDENCES,JOO CHIAT TERRACE,15,Non-landed Properties,2,"2,700",60 - 70,600 - 700,Sep 2021
ONE EIGHTIES RESIDENCES,JOO CHIAT TERRACE,15,Non-landed Properties,2,"2,000",50 - 60,600 - 700,Oct 2021
ONE EIGHTIES RESIDENCES,JOO CHIAT TERRACE,15,Non-landed Properties,2,"2,800",60 - 70,600 - 700,Nov 2021
ONE FORT,FORT ROAD,15,Non-landed Properties,2,"2,700",90 - 100,"1,000 - 1,100",Jan 2021
ONE FORT,FORT ROAD,15,Non-landed Properties,3,"4,000",110 - 120,"1,200 - 1,300",Jan 2021
ONE FORT,FORT ROAD,15,Non-landed Properties,3,"3,100",100 - 110,"1,100 - 1,200",Jan 2021
ONE FORT,FORT ROAD,15,Non-landed Properties,3,"3,500",110 - 120,"1,200 - 1,300",Feb 2021
ONE FORT,FORT ROAD,15,Non-landed Properties,3,"4,700",110 - 120,"1,200 - 1,300",Mar 2021
ONE FORT,FORT ROAD,15,Non-landed Properties,3,"3,500",110 - 120,"1,200 - 1,300",Mar 2021
ONE FORT,FORT ROAD,15,Non-landed Properties,3,"3,500",110 - 120,"1,200 - 1,300",Mar 2021
ONE FORT,FORT ROAD,15,Non-landed Properties,3,"3,300",110 - 120,"1,200 - 1,300",Jun 2021
ONE FORT,FORT ROAD,15,Non-landed Properties,3,"3,250",110 - 120,"1,200 - 1,300",Jun 2021
ONE FORT,FORT ROAD,15,Non-landed Properties,3,"3,500",110 - 120,"1,200 - 1,300",Jul 2021
ONE FORT,FORT ROAD,15,Non-landed Properties,3,"3,500",110 - 120,"1,200 - 1,300",Sep 2021
ONE FORT,FORT ROAD,15,Non-landed Properties,3,"3,450",110 - 120,"1,200 - 1,300",Sep 2021
ONE FORT,FORT ROAD,15,Non-landed Properties,3,"3,200",110 - 120,"1,200 - 1,300",Sep 2021
ONE FORT,FORT ROAD,15,Non-landed Properties,2,"3,300",90 - 100,"1,000 - 1,100",Oct 2021
ONE FORT,FORT ROAD,15,Non-landed Properties,3,"3,500",110 - 120,"1,200 - 1,300",Sep 2021
ONE FORT,FORT ROAD,15,Non-landed Properties,3,"3,400",110 - 120,"1,200 - 1,300",Nov 2021
ONE JERVOIS,JERVOIS CLOSE,10,Non-landed Properties,2,"3,650",90 - 100,"900 - 1,000",Jan 2021
ONE JERVOIS,JERVOIS CLOSE,10,Non-landed Properties,2,"3,950",100 - 110,"1,000 - 1,100",Jan 2021
ONE JERVOIS,JERVOIS CLOSE,10,Non-landed Properties,2,"4,000",90 - 100,"1,000 - 1,100",Jan 2021
ONE JERVOIS,JERVOIS CLOSE,10,Non-landed Properties,2,"3,700",90 - 100,"900 - 1,000",Jan 2021
ONE JERVOIS,JERVOIS CLOSE,10,Non-landed Properties,2,"3,800",90 - 100,"900 - 1,000",Jan 2021
ONE JERVOIS,JERVOIS CLOSE,10,Non-landed Properties,2,"3,500",90 - 100,"900 - 1,000",Jan 2021
ONE JERVOIS,JERVOIS CLOSE,10,Non-landed Properties,3,"5,200",130 - 140,"1,400 - 1,500",Jan 2021
ONE JERVOIS,JERVOIS CLOSE,10,Non-landed Properties,3,"5,300",120 - 130,"1,300 - 1,400",Jan 2021
ONE JERVOIS,JERVOIS CLOSE,10,Non-landed Properties,2,"4,100",90 - 100,"900 - 1,000",Jan 2021
ONE JERVOIS,JERVOIS CLOSE,10,Non-landed Properties,3,"6,100",120 - 130,"1,300 - 1,400",Feb 2021
ONE JERVOIS,JERVOIS CLOSE,10,Non-landed Properties,2,"4,500",90 - 100,"1,000 - 1,100",Feb 2021
ONE JERVOIS,JERVOIS CLOSE,10,Non-landed Properties,2,"4,350",90 - 100,"1,000 - 1,100",Feb 2021
ONE JERVOIS,JERVOIS CLOSE,10,Non-landed Properties,2,"3,800",90 - 100,"900 - 1,000",Feb 2021
ONE JERVOIS,JERVOIS CLOSE,10,Non-landed Properties,3,"6,000",130 - 140,"1,400 - 1,500",Feb 2021
ONE JERVOIS,JERVOIS CLOSE,10,Non-landed Properties,2,"4,000",90 - 100,"900 - 1,000",Mar 2021
ONE JERVOIS,JERVOIS CLOSE,10,Non-landed Properties,3,"5,000",130 - 140,"1,400 - 1,500",Mar 2021
ONE JERVOIS,JERVOIS CLOSE,10,Non-landed Properties,2,"3,900",90 - 100,"900 - 1,000",Mar 2021
ONE JERVOIS,JERVOIS CLOSE,10,Non-landed Properties,3,"5,000",120 - 130,"1,200 - 1,300",Mar 2021
ONE JERVOIS,JERVOIS CLOSE,10,Non-landed Properties,3,"7,000",200 - 210,"2,100 - 2,200",Mar 2021
ONE JERVOIS,JERVOIS CLOSE,10,Non-landed Properties,2,"3,700",90 - 100,"900 - 1,000",Feb 2021
ONE JERVOIS,JERVOIS CLOSE,10,Non-landed Properties,2,"3,800",90 - 100,"900 - 1,000",Mar 2021
ONE JERVOIS,JERVOIS CLOSE,10,Non-landed Properties,4,"6,300",160 - 170,"1,700 - 1,800",Apr 2021
ONE JERVOIS,JERVOIS CLOSE,10,Non-landed Properties,2,"3,500",90 - 100,"1,000 - 1,100",Apr 2021
ONE JERVOIS,JERVOIS CLOSE,10,Non-landed Properties,2,"3,600",90 - 100,"900 - 1,000",Apr 2021
ONE JERVOIS,JERVOIS CLOSE,10,Non-landed Properties,2,"3,900",100 - 110,"1,000 - 1,100",Apr 2021
ONE JERVOIS,JERVOIS CLOSE,10,Non-landed Properties,3,"6,090",120 - 130,"1,200 - 1,300",Apr 2021
ONE JERVOIS,JERVOIS CLOSE,10,Non-landed Properties,2,"4,100",90 - 100,"1,000 - 1,100",Apr 2021
ONE JERVOIS,JERVOIS CLOSE,10,Non-landed Properties,4,"6,100",160 - 170,"1,700 - 1,800",Mar 2021
ONE JERVOIS,JERVOIS CLOSE,10,Non-landed Properties,4,"6,800",170 - 180,"1,800 - 1,900",Apr 2021
ONE JERVOIS,JERVOIS CLOSE,10,Non-landed Properties,4,"6,400",150 - 160,"1,700 - 1,800",Apr 2021
ONE JERVOIS,JERVOIS CLOSE,10,Non-landed Properties,3,"5,100",120 - 130,"1,300 - 1,400",Apr 2021
ONE JERVOIS,JERVOIS CLOSE,10,Non-landed Properties,3,"5,100",110 - 120,"1,200 - 1,300",Apr 2021
ONE JERVOIS,JERVOIS CLOSE,10,Non-landed Properties,3,"6,500",130 - 140,"1,400 - 1,500",Apr 2021
ONE JERVOIS,JERVOIS CLOSE,10,Non-landed Properties,2,"3,900",90 - 100,"1,000 - 1,100",May 2021
ONE JERVOIS,JERVOIS CLOSE,10,Non-landed Properties,3,"5,500",110 - 120,"1,200 - 1,300",May 2021
ONE JERVOIS,JERVOIS CLOSE,10,Non-landed Properties,2,"4,100",90 - 100,"1,000 - 1,100",May 2021
ONE JERVOIS,JERVOIS CLOSE,10,Non-landed Properties,3,"5,500",120 - 130,"1,300 - 1,400",May 2021
ONE JERVOIS,JERVOIS CLOSE,10,Non-landed Properties,3,"4,850",110 - 120,"1,200 - 1,300",May 2021
ONE JERVOIS,JERVOIS CLOSE,10,Non-landed Properties,2,"4,200",90 - 100,"1,000 - 1,100",May 2021
ONE JERVOIS,JERVOIS CLOSE,10,Non-landed Properties,3,"5,400",120 - 130,"1,300 - 1,400",May 2021
ONE JERVOIS,JERVOIS CLOSE,10,Non-landed Properties,3,"5,800",120 - 130,"1,200 - 1,300",May 2021
ONE JERVOIS,JERVOIS CLOSE,10,Non-landed Properties,2,"3,800",100 - 110,"1,000 - 1,100",Apr 2021
ONE JERVOIS,JERVOIS CLOSE,10,Non-landed Properties,2,"4,100",90 - 100,"1,000 - 1,100",May 2021
ONE JERVOIS,JERVOIS CLOSE,10,Non-landed Properties,2,"3,900",90 - 100,"1,000 - 1,100",Jun 2021
ONE JERVOIS,JERVOIS CLOSE,10,Non-landed Properties,2,"4,000",90 - 100,"900 - 1,000",Jun 2021
ONE JERVOIS,JERVOIS CLOSE,10,Non-landed Properties,2,"3,900",90 - 100,"1,000 - 1,100",Jun 2021
ONE JERVOIS,JERVOIS CLOSE,10,Non-landed Properties,2,"4,000",90 - 100,"1,000 - 1,100",Jun 2021
ONE JERVOIS,JERVOIS CLOSE,10,Non-landed Properties,3,"5,250",120 - 130,"1,200 - 1,300",Jun 2021
ONE JERVOIS,JERVOIS CLOSE,10,Non-landed Properties,3,"6,000",130 - 140,"1,400 - 1,500",Jul 2021
ONE JERVOIS,JERVOIS CLOSE,10,Non-landed Properties,4,"6,700",170 - 180,"1,800 - 1,900",Jul 2021
ONE JERVOIS,JERVOIS CLOSE,10,Non-landed Properties,3,"5,900",130 - 140,"1,400 - 1,500",Jul 2021
ONE JERVOIS,JERVOIS CLOSE,10,Non-landed Properties,3,"5,200",110 - 120,"1,200 - 1,300",Jul 2021
ONE JERVOIS,JERVOIS CLOSE,10,Non-landed Properties,2,"5,100",90 - 100,"1,000 - 1,100",Jul 2021
ONE JERVOIS,JERVOIS CLOSE,10,Non-landed Properties,2,"3,500",90 - 100,"900 - 1,000",Jul 2021
ONE JERVOIS,JERVOIS CLOSE,10,Non-landed Properties,4,"6,600",150 - 160,"1,700 - 1,800",Jun 2021
ONE JERVOIS,JERVOIS CLOSE,10,Non-landed Properties,2,"4,000",90 - 100,"900 - 1,000",Jul 2021
ONE JERVOIS,JERVOIS CLOSE,10,Non-landed Properties,2,"4,000",90 - 100,"900 - 1,000",Jul 2021
ONE JERVOIS,JERVOIS CLOSE,10,Non-landed Properties,4,"10,400",270 - 280,"2,900 - 3,000",Jul 2021
ONE JERVOIS,JERVOIS CLOSE,10,Non-landed Properties,2,"4,200",90 - 100,"1,000 - 1,100",Aug 2021
ONE JERVOIS,JERVOIS CLOSE,10,Non-landed Properties,5,"12,750",420 - 430,"4,500 - 4,600",Aug 2021
ONE JERVOIS,JERVOIS CLOSE,10,Non-landed Properties,3,"5,200",120 - 130,"1,300 - 1,400",Aug 2021
ONE JERVOIS,JERVOIS CLOSE,10,Non-landed Properties,3,"6,000",180 - 190,"1,900 - 2,000",Aug 2021
ONE JERVOIS,JERVOIS CLOSE,10,Non-landed Properties,2,"5,400",120 - 130,"1,300 - 1,400",Aug 2021
ONE JERVOIS,JERVOIS CLOSE,10,Non-landed Properties,2,"3,900",90 - 100,"1,000 - 1,100",Aug 2021
ONE JERVOIS,JERVOIS CLOSE,10,Non-landed Properties,2,"3,750",90 - 100,"900 - 1,000",Aug 2021
ONE JERVOIS,JERVOIS CLOSE,10,Non-landed Properties,2,"4,400",100 - 110,"1,000 - 1,100",Aug 2021
ONE JERVOIS,JERVOIS CLOSE,10,Non-landed Properties,3,"6,200",130 - 140,"1,400 - 1,500",Aug 2021
ONE JERVOIS,JERVOIS CLOSE,10,Non-landed Properties,1,"3,150",50 - 60,600 - 700,Aug 2021
ONE JERVOIS,JERVOIS CLOSE,10,Non-landed Properties,2,"4,200",100 - 110,"1,000 - 1,100",Aug 2021
ONE JERVOIS,JERVOIS CLOSE,10,Non-landed Properties,3,"5,300",110 - 120,"1,200 - 1,300",Aug 2021
ONE JERVOIS,JERVOIS CLOSE,10,Non-landed Properties,2,"3,900",90 - 100,"900 - 1,000",Aug 2021
ONE JERVOIS,JERVOIS CLOSE,10,Non-landed Properties,2,"4,300",100 - 110,"1,000 - 1,100",Sep 2021
ONE JERVOIS,JERVOIS CLOSE,10,Non-landed Properties,2,"4,000",100 - 110,"1,000 - 1,100",Sep 2021
ONE JERVOIS,JERVOIS CLOSE,10,Non-landed Properties,2,"4,000",90 - 100,"900 - 1,000",Sep 2021
ONE JERVOIS,JERVOIS CLOSE,10,Non-landed Properties,3,"5,200",120 - 130,"1,300 - 1,400",Sep 2021
ONE JERVOIS,JERVOIS CLOSE,10,Non-landed Properties,3,"5,500",120 - 130,"1,300 - 1,400",Sep 2021
ONE JERVOIS,JERVOIS CLOSE,10,Non-landed Properties,3,"6,200",130 - 140,"1,400 - 1,500",Sep 2021
ONE JERVOIS,JERVOIS CLOSE,10,Non-landed Properties,1,"3,200",50 - 60,600 - 700,Sep 2021
ONE JERVOIS,JERVOIS CLOSE,10,Non-landed Properties,2,"3,700",90 - 100,"900 - 1,000",Aug 2021
ONE JERVOIS,JERVOIS CLOSE,10,Non-landed Properties,3,"6,300",180 - 190,"1,900 - 2,000",Sep 2021
ONE JERVOIS,JERVOIS CLOSE,10,Non-landed Properties,4,"7,200",170 - 180,"1,800 - 1,900",Sep 2021
ONE JERVOIS,JERVOIS CLOSE,10,Non-landed Properties,3,"5,200",120 - 130,"1,300 - 1,400",Oct 2021
ONE JERVOIS,JERVOIS CLOSE,10,Non-landed Properties,3,"5,200",120 - 130,"1,300 - 1,400",Oct 2021
ONE JERVOIS,JERVOIS CLOSE,10,Non-landed Properties,3,"5,000",110 - 120,"1,200 - 1,300",Oct 2021
ONE JERVOIS,JERVOIS CLOSE,10,Non-landed Properties,2,"4,000",90 - 100,"1,000 - 1,100",Oct 2021
ONE JERVOIS,JERVOIS CLOSE,10,Non-landed Properties,2,"4,000",90 - 100,"900 - 1,000",Oct 2021
ONE JERVOIS,JERVOIS CLOSE,10,Non-landed Properties,4,"6,500",150 - 160,"1,700 - 1,800",Nov 2021
ONE JERVOIS,JERVOIS CLOSE,10,Non-landed Properties,3,"5,200",130 - 140,"1,400 - 1,500",Nov 2021
ONE JERVOIS,JERVOIS CLOSE,10,Non-landed Properties,3,"4,600",120 - 130,"1,200 - 1,300",Nov 2021
ONE JERVOIS,JERVOIS CLOSE,10,Non-landed Properties,3,"5,500",120 - 130,"1,200 - 1,300",Nov 2021
ONE K GREENLANE,GREEN LANE,15,Non-landed Properties,1,"1,700",60 - 70,600 - 700,Feb 2021
ONE K GREENLANE,GREEN LANE,15,Non-landed Properties,2,"2,800",80 - 90,800 - 900,Mar 2021
ONE K GREENLANE,GREEN LANE,15,Non-landed Properties,2,"2,800",80 - 90,800 - 900,Sep 2021
ONE K GREENLANE,GREEN LANE,15,Non-landed Properties,2,"3,100",80 - 90,800 - 900,Nov 2021
ONE LEICESTER,LEICESTER ROAD,13,Non-landed Properties,3,"3,400",110 - 120,"1,200 - 1,300",Jan 2021
ONE LEICESTER,LEICESTER ROAD,13,Non-landed Properties,3,"3,400",110 - 120,"1,200 - 1,300",Jan 2021
ONE LEICESTER,LEICESTER ROAD,13,Non-landed Properties,3,"3,300",100 - 110,"1,100 - 1,200",Jan 2021
ONE LEICESTER,LEICESTER ROAD,13,Non-landed Properties,2,"2,650",80 - 90,"900 - 1,000",Jan 2021
ONE LEICESTER,LEICESTER ROAD,13,Non-landed Properties,2,"2,800",80 - 90,"900 - 1,000",Feb 2021
ONE LEICESTER,LEICESTER ROAD,13,Non-landed Properties,2,"2,650",80 - 90,"900 - 1,000",Feb 2021
ONE LEICESTER,LEICESTER ROAD,13,Non-landed Properties,2,"3,100",90 - 100,"1,000 - 1,100",Mar 2021
ONE LEICESTER,LEICESTER ROAD,13,Non-landed Properties,3,"3,400",120 - 130,"1,200 - 1,300",Mar 2021
ONE LEICESTER,LEICESTER ROAD,13,Non-landed Properties,4,"4,600",120 - 130,"1,300 - 1,400",Mar 2021
ONE LEICESTER,LEICESTER ROAD,13,Non-landed Properties,2,"3,300",80 - 90,"900 - 1,000",Apr 2021
ONE LEICESTER,LEICESTER ROAD,13,Non-landed Properties,3,"3,550",110 - 120,"1,200 - 1,300",May 2021
ONE LEICESTER,LEICESTER ROAD,13,Non-landed Properties,2,"2,800",80 - 90,"900 - 1,000",May 2021
ONE LEICESTER,LEICESTER ROAD,13,Non-landed Properties,2,"2,700",80 - 90,"900 - 1,000",May 2021
ONE LEICESTER,LEICESTER ROAD,13,Non-landed Properties,3,"3,600",100 - 110,"1,100 - 1,200",May 2021
ONE LEICESTER,LEICESTER ROAD,13,Non-landed Properties,2,"3,150",90 - 100,"1,000 - 1,100",May 2021
ONE LEICESTER,LEICESTER ROAD,13,Non-landed Properties,2,"2,850",90 - 100,"1,000 - 1,100",Jun 2021
ONE LEICESTER,LEICESTER ROAD,13,Non-landed Properties,2,"3,000",90 - 100,"1,000 - 1,100",Jun 2021
ONE LEICESTER,LEICESTER ROAD,13,Non-landed Properties,3,"3,600",110 - 120,"1,200 - 1,300",Jun 2021
ONE LEICESTER,LEICESTER ROAD,13,Non-landed Properties,2,"2,650",80 - 90,"900 - 1,000",Jun 2021
ONE LEICESTER,LEICESTER ROAD,13,Non-landed Properties,2,"2,800",80 - 90,"900 - 1,000",Jul 2021
ONE LEICESTER,LEICESTER ROAD,13,Non-landed Properties,3,"3,400",110 - 120,"1,200 - 1,300",Jul 2021
ONE LEICESTER,LEICESTER ROAD,13,Non-landed Properties,2,"2,800",80 - 90,"900 - 1,000",Jul 2021
ONE LEICESTER,LEICESTER ROAD,13,Non-landed Properties,3,"3,400",110 - 120,"1,200 - 1,300",Jul 2021
ONE LEICESTER,LEICESTER ROAD,13,Non-landed Properties,2,"2,650",80 - 90,"900 - 1,000",Jul 2021
ONE LEICESTER,LEICESTER ROAD,13,Non-landed Properties,3,"2,800",100 - 110,"1,100 - 1,200",Aug 2021
ONE LEICESTER,LEICESTER ROAD,13,Non-landed Properties,2,"3,200",80 - 90,"900 - 1,000",Aug 2021
ONE LEICESTER,LEICESTER ROAD,13,Non-landed Properties,2,"3,200",80 - 90,"900 - 1,000",Aug 2021
ONE LEICESTER,LEICESTER ROAD,13,Non-landed Properties,2,"3,300",90 - 100,"1,000 - 1,100",Sep 2021
ONE LEICESTER,LEICESTER ROAD,13,Non-landed Properties,2,"2,700",90 - 100,"1,000 - 1,100",Sep 2021
ONE LEICESTER,LEICESTER ROAD,13,Non-landed Properties,3,"3,800",110 - 120,"1,200 - 1,300",Sep 2021
ONE LEICESTER,LEICESTER ROAD,13,Non-landed Properties,2,"2,750",80 - 90,"900 - 1,000",Sep 2021
ONE LEICESTER,LEICESTER ROAD,13,Non-landed Properties,2,"2,900",90 - 100,"1,000 - 1,100",Oct 2021
ONE LEICESTER,LEICESTER ROAD,13,Non-landed Properties,2,"3,150",80 - 90,"900 - 1,000",Oct 2021
ONE LEICESTER,LEICESTER ROAD,13,Non-landed Properties,2,"3,000",90 - 100,"1,000 - 1,100",Oct 2021
ONE LEICESTER,LEICESTER ROAD,13,Non-landed Properties,2,"2,600",80 - 90,"900 - 1,000",Nov 2021
ONE LEICESTER,LEICESTER ROAD,13,Non-landed Properties,3,"4,000",140 - 150,"1,500 - 1,600",Nov 2021
ONE LEICESTER,LEICESTER ROAD,13,Non-landed Properties,2,"3,000",80 - 90,"900 - 1,000",Nov 2021
ONE LEICESTER,LEICESTER ROAD,13,Non-landed Properties,2,"2,600",80 - 90,"900 - 1,000",Nov 2021
ONE LYNWOOD,LYNWOOD GROVE,13,Detached House,NA,"9,800",450 - 460,"4,800 - 4,900",Jul 2021
ONE OXLEY RISE,OXLEY RISE,09,Non-landed Properties,2,"2,700",70 - 80,700 - 800,Jan 2021
ONE OXLEY RISE,OXLEY RISE,09,Non-landed Properties,2,"2,800",60 - 70,700 - 800,Jan 2021
ONE OXLEY RISE,OXLEY RISE,09,Non-landed Properties,2,"3,000",60 - 70,700 - 800,Feb 2021
ONE OXLEY RISE,OXLEY RISE,09,Non-landed Properties,2,"3,250",60 - 70,700 - 800,Feb 2021
ONE OXLEY RISE,OXLEY RISE,09,Non-landed Properties,3,"4,000",90 - 100,"1,000 - 1,100",Feb 2021
ONE OXLEY RISE,OXLEY RISE,09,Non-landed Properties,2,"4,200",90 - 100,"1,000 - 1,100",Mar 2021
ONE OXLEY RISE,OXLEY RISE,09,Non-landed Properties,2,"2,750",60 - 70,700 - 800,Mar 2021
ONE OXLEY RISE,OXLEY RISE,09,Non-landed Properties,2,"2,800",60 - 70,700 - 800,Feb 2021
ONE OXLEY RISE,OXLEY RISE,09,Non-landed Properties,3,"4,800",90 - 100,"1,000 - 1,100",Mar 2021
ONE OXLEY RISE,OXLEY RISE,09,Non-landed Properties,3,"4,000",100 - 110,"1,100 - 1,200",Mar 2021
ONE OXLEY RISE,OXLEY RISE,09,Non-landed Properties,2,"4,000",100 - 110,"1,100 - 1,200",Mar 2021
ONE OXLEY RISE,OXLEY RISE,09,Non-landed Properties,3,"3,500",80 - 90,"900 - 1,000",Mar 2021
ONE OXLEY RISE,OXLEY RISE,09,Non-landed Properties,2,"2,900",70 - 80,700 - 800,Apr 2021
ONE OXLEY RISE,OXLEY RISE,09,Non-landed Properties,1,"3,700",70 - 80,700 - 800,Apr 2021
ONE OXLEY RISE,OXLEY RISE,09,Non-landed Properties,2,"4,800",100 - 110,"1,100 - 1,200",Apr 2021
ONE OXLEY RISE,OXLEY RISE,09,Non-landed Properties,3,"4,200",90 - 100,"1,000 - 1,100",Apr 2021
ONE OXLEY RISE,OXLEY RISE,09,Non-landed Properties,3,"4,500",100 - 110,"1,000 - 1,100",Apr 2021
ONE OXLEY RISE,OXLEY RISE,09,Non-landed Properties,2,"3,000",60 - 70,700 - 800,May 2021
ONE OXLEY RISE,OXLEY RISE,09,Non-landed Properties,2,"3,000",60 - 70,700 - 800,May 2021
ONE OXLEY RISE,OXLEY RISE,09,Non-landed Properties,2,"3,100",70 - 80,700 - 800,May 2021
ONE OXLEY RISE,OXLEY RISE,09,Non-landed Properties,1,"3,000",70 - 80,700 - 800,May 2021
ONE OXLEY RISE,OXLEY RISE,09,Non-landed Properties,2,"2,300",60 - 70,700 - 800,May 2021
ONE OXLEY RISE,OXLEY RISE,09,Non-landed Properties,2,"4,500",90 - 100,"1,000 - 1,100",May 2021
ONE OXLEY RISE,OXLEY RISE,09,Non-landed Properties,2,"4,200",100 - 110,"1,100 - 1,200",May 2021
ONE OXLEY RISE,OXLEY RISE,09,Non-landed Properties,3,"4,000",90 - 100,"1,000 - 1,100",May 2021
ONE OXLEY RISE,OXLEY RISE,09,Non-landed Properties,2,"3,300",60 - 70,700 - 800,May 2021
ONE OXLEY RISE,OXLEY RISE,09,Non-landed Properties,1,"3,000",70 - 80,700 - 800,May 2021
ONE OXLEY RISE,OXLEY RISE,09,Non-landed Properties,3,"4,000",90 - 100,"1,000 - 1,100",May 2021
ONE OXLEY RISE,OXLEY RISE,09,Non-landed Properties,2,"3,000",70 - 80,800 - 900,Jun 2021
ONE OXLEY RISE,OXLEY RISE,09,Non-landed Properties,2,"3,050",60 - 70,700 - 800,Jun 2021
ONE OXLEY RISE,OXLEY RISE,09,Non-landed Properties,2,"4,380",90 - 100,"1,000 - 1,100",Jun 2021
ONE OXLEY RISE,OXLEY RISE,09,Non-landed Properties,3,"3,500",90 - 100,"1,000 - 1,100",Jun 2021
ONE OXLEY RISE,OXLEY RISE,09,Non-landed Properties,3,"3,900",90 - 100,"1,000 - 1,100",Jun 2021
ONE OXLEY RISE,OXLEY RISE,09,Non-landed Properties,2,"3,100",60 - 70,700 - 800,Jul 2021
ONE OXLEY RISE,OXLEY RISE,09,Non-landed Properties,2,"3,800",100 - 110,"1,100 - 1,200",Jul 2021
ONE OXLEY RISE,OXLEY RISE,09,Non-landed Properties,2,"3,850",100 - 110,"1,100 - 1,200",Jul 2021
ONE OXLEY RISE,OXLEY RISE,09,Non-landed Properties,3,"5,000",140 - 150,"1,500 - 1,600",Jul 2021
ONE OXLEY RISE,OXLEY RISE,09,Non-landed Properties,2,"3,530",60 - 70,700 - 800,Jul 2021
ONE OXLEY RISE,OXLEY RISE,09,Non-landed Properties,3,"4,300",90 - 100,"1,000 - 1,100",Jul 2021
ONE OXLEY RISE,OXLEY RISE,09,Non-landed Properties,2,"3,050",60 - 70,700 - 800,Aug 2021
ONE OXLEY RISE,OXLEY RISE,09,Non-landed Properties,3,"3,200",80 - 90,"900 - 1,000",Aug 2021
ONE OXLEY RISE,OXLEY RISE,09,Non-landed Properties,2,"2,900",60 - 70,700 - 800,Aug 2021
ONE OXLEY RISE,OXLEY RISE,09,Non-landed Properties,3,"4,000",100 - 110,"1,000 - 1,100",Sep 2021
ONE OXLEY RISE,OXLEY RISE,09,Non-landed Properties,2,"3,100",60 - 70,700 - 800,Sep 2021
ONE OXLEY RISE,OXLEY RISE,09,Non-landed Properties,2,"4,000",100 - 110,"1,100 - 1,200",Sep 2021
ONE OXLEY RISE,OXLEY RISE,09,Non-landed Properties,2,"2,900",60 - 70,700 - 800,Sep 2021
ONE OXLEY RISE,OXLEY RISE,09,Non-landed Properties,2,"3,100",60 - 70,700 - 800,Sep 2021
ONE OXLEY RISE,OXLEY RISE,09,Non-landed Properties,2,"3,000",60 - 70,700 - 800,Oct 2021
ONE OXLEY RISE,OXLEY RISE,09,Non-landed Properties,1,"3,100",70 - 80,700 - 800,Oct 2021
ONE OXLEY RISE,OXLEY RISE,09,Non-landed Properties,2,"2,800",60 - 70,700 - 800,Oct 2021
ONE OXLEY RISE,OXLEY RISE,09,Non-landed Properties,2,"3,100",60 - 70,700 - 800,Oct 2021
ONE OXLEY RISE,OXLEY RISE,09,Non-landed Properties,1,"3,100",70 - 80,700 - 800,Nov 2021
ONE OXLEY RISE,OXLEY RISE,09,Non-landed Properties,2,"3,200",60 - 70,700 - 800,Nov 2021
ONE OXLEY RISE,OXLEY RISE,09,Non-landed Properties,2,"3,000",60 - 70,700 - 800,Nov 2021
ONE OXLEY RISE,OXLEY RISE,09,Non-landed Properties,2,"4,300",100 - 110,"1,100 - 1,200",Nov 2021
ONE OXLEY RISE,OXLEY RISE,09,Non-landed Properties,2,"3,000",60 - 70,700 - 800,Nov 2021
ONE SHENTON,SHENTON WAY,01,Non-landed Properties,2,"4,800",100 - 110,"1,000 - 1,100",Jan 2021
ONE SHENTON,SHENTON WAY,01,Non-landed Properties,1,"3,000",50 - 60,500 - 600,Jan 2021
ONE SHENTON,SHENTON WAY,01,Non-landed Properties,2,"4,500",100 - 110,"1,000 - 1,100",Jan 2021
ONE SHENTON,SHENTON WAY,01,Non-landed Properties,1,"3,900",70 - 80,800 - 900,Jan 2021
ONE SHENTON,SHENTON WAY,01,Non-landed Properties,1,"3,800",50 - 60,500 - 600,Jan 2021
ONE SHENTON,SHENTON WAY,01,Non-landed Properties,2,"4,000",100 - 110,"1,100 - 1,200",Jan 2021
ONE SHENTON,SHENTON WAY,01,Non-landed Properties,1,"3,788",80 - 90,"900 - 1,000",Jan 2021
ONE SHENTON,SHENTON WAY,01,Non-landed Properties,1,"2,900",50 - 60,500 - 600,Jan 2021
ONE SHENTON,SHENTON WAY,01,Non-landed Properties,1,"3,000",50 - 60,500 - 600,Jan 2021
ONE SHENTON,SHENTON WAY,01,Non-landed Properties,2,"4,600",100 - 110,"1,100 - 1,200",Jan 2021
ONE SHENTON,SHENTON WAY,01,Non-landed Properties,1,"3,000",50 - 60,500 - 600,Jan 2021
ONE SHENTON,SHENTON WAY,01,Non-landed Properties,3,"5,700",140 - 150,"1,500 - 1,600",Jan 2021
ONE SHENTON,SHENTON WAY,01,Non-landed Properties,4,"6,800",170 - 180,"1,800 - 1,900",Jan 2021
ONE SHENTON,SHENTON WAY,01,Non-landed Properties,1,"3,700",50 - 60,500 - 600,Jan 2021
ONE SHENTON,SHENTON WAY,01,Non-landed Properties,3,"6,000",140 - 150,"1,500 - 1,600",Jan 2021
ONE SHENTON,SHENTON WAY,01,Non-landed Properties,1,"3,128",50 - 60,500 - 600,Jan 2021
ONE SHENTON,SHENTON WAY,01,Non-landed Properties,3,"6,100",140 - 150,"1,600 - 1,700",Feb 2021
ONE SHENTON,SHENTON WAY,01,Non-landed Properties,3,"6,500",140 - 150,"1,500 - 1,600",Feb 2021
ONE SHENTON,SHENTON WAY,01,Non-landed Properties,4,"14,700",480 - 490,"5,200 - 5,300",Feb 2021
ONE SHENTON,SHENTON WAY,01,Non-landed Properties,1,"3,800",90 - 100,"1,000 - 1,100",Feb 2021
ONE SHENTON,SHENTON WAY,01,Non-landed Properties,2,"4,700",100 - 110,"1,100 - 1,200",Feb 2021
ONE SHENTON,SHENTON WAY,01,Non-landed Properties,1,"3,000",50 - 60,600 - 700,Feb 2021
ONE SHENTON,SHENTON WAY,01,Non-landed Properties,3,"6,200",140 - 150,"1,600 - 1,700",Feb 2021
ONE SHENTON,SHENTON WAY,01,Non-landed Properties,1,"3,700",90 - 100,"900 - 1,000",Feb 2021
ONE SHENTON,SHENTON WAY,01,Non-landed Properties,1,"2,600",50 - 60,500 - 600,Feb 2021
ONE SHENTON,SHENTON WAY,01,Non-landed Properties,1,"3,600",70 - 80,800 - 900,Feb 2021
ONE SHENTON,SHENTON WAY,01,Non-landed Properties,1,"2,800",50 - 60,600 - 700,Feb 2021
ONE SHENTON,SHENTON WAY,01,Non-landed Properties,1,"2,800",50 - 60,500 - 600,Feb 2021
ONE SHENTON,SHENTON WAY,01,Non-landed Properties,2,"5,000",110 - 120,"1,200 - 1,300",Feb 2021
ONE SHENTON,SHENTON WAY,01,Non-landed Properties,2,"4,700",100 - 110,"1,100 - 1,200",Feb 2021
ONE SHENTON,SHENTON WAY,01,Non-landed Properties,1,"2,800",50 - 60,500 - 600,Feb 2021
ONE SHENTON,SHENTON WAY,01,Non-landed Properties,1,"3,000",50 - 60,500 - 600,Jan 2021
ONE SHENTON,SHENTON WAY,01,Non-landed Properties,2,"4,200",100 - 110,"1,000 - 1,100",Mar 2021
ONE SHENTON,SHENTON WAY,01,Non-landed Properties,1,"3,400",80 - 90,"900 - 1,000",Mar 2021
ONE SHENTON,SHENTON WAY,01,Non-landed Properties,2,"4,600",100 - 110,"1,100 - 1,200",Mar 2021
ONE SHENTON,SHENTON WAY,01,Non-landed Properties,1,"2,900",50 - 60,500 - 600,Mar 2021
ONE SHENTON,SHENTON WAY,01,Non-landed Properties,4,"17,100",500 - 510,"5,400 - 5,500",Mar 2021
ONE SHENTON,SHENTON WAY,01,Non-landed Properties,2,"4,500",90 - 100,"1,000 - 1,100",Mar 2021
ONE SHENTON,SHENTON WAY,01,Non-landed Properties,2,"5,000",100 - 110,"1,100 - 1,200",Mar 2021
ONE SHENTON,SHENTON WAY,01,Non-landed Properties,1,"3,100",50 - 60,600 - 700,Mar 2021
ONE SHENTON,SHENTON WAY,01,Non-landed Properties,4,"7,500",160 - 170,"1,800 - 1,900",Mar 2021
ONE SHENTON,SHENTON WAY,01,Non-landed Properties,2,"4,200",90 - 100,"1,000 - 1,100",Jan 2021
ONE SHENTON,SHENTON WAY,01,Non-landed Properties,1,"3,750",70 - 80,800 - 900,Mar 2021
ONE SHENTON,SHENTON WAY,01,Non-landed Properties,2,"4,700",100 - 110,"1,000 - 1,100",Mar 2021
ONE SHENTON,SHENTON WAY,01,Non-landed Properties,2,"5,050",110 - 120,"1,200 - 1,300",Mar 2021
ONE SHENTON,SHENTON WAY,01,Non-landed Properties,4,"6,400",170 - 180,"1,800 - 1,900",Apr 2021
ONE SHENTON,SHENTON WAY,01,Non-landed Properties,2,"4,550",100 - 110,"1,100 - 1,200",Apr 2021
ONE SHENTON,SHENTON WAY,01,Non-landed Properties,2,"5,000",100 - 110,"1,100 - 1,200",Apr 2021
ONE SHENTON,SHENTON WAY,01,Non-landed Properties,1,"2,600",40 - 50,500 - 600,Apr 2021
ONE SHENTON,SHENTON WAY,01,Non-landed Properties,1,"2,750",50 - 60,600 - 700,Apr 2021
ONE SHENTON,SHENTON WAY,01,Non-landed Properties,2,"4,100",80 - 90,"900 - 1,000",Apr 2021
ONE SHENTON,SHENTON WAY,01,Non-landed Properties,1,"2,700",50 - 60,500 - 600,Apr 2021
ONE SHENTON,SHENTON WAY,01,Non-landed Properties,4,"6,700",170 - 180,"1,800 - 1,900",Apr 2021
ONE SHENTON,SHENTON WAY,01,Non-landed Properties,1,"3,300",50 - 60,500 - 600,Apr 2021
ONE SHENTON,SHENTON WAY,01,Non-landed Properties,2,"4,450",100 - 110,"1,100 - 1,200",Apr 2021
ONE SHENTON,SHENTON WAY,01,Non-landed Properties,1,"3,000",50 - 60,500 - 600,Apr 2021
ONE SHENTON,SHENTON WAY,01,Non-landed Properties,1,"4,000",80 - 90,"900 - 1,000",Apr 2021
ONE SHENTON,SHENTON WAY,01,Non-landed Properties,2,"4,800",100 - 110,"1,100 - 1,200",Apr 2021
ONE SHENTON,SHENTON WAY,01,Non-landed Properties,1,"3,500",50 - 60,500 - 600,Apr 2021
ONE SHENTON,SHENTON WAY,01,Non-landed Properties,1,"4,000",90 - 100,"1,000 - 1,100",Apr 2021
ONE SHENTON,SHENTON WAY,01,Non-landed Properties,1,"3,100",50 - 60,500 - 600,Apr 2021
ONE SHENTON,SHENTON WAY,01,Non-landed Properties,1,"2,800",50 - 60,500 - 600,Apr 2021
ONE SHENTON,SHENTON WAY,01,Non-landed Properties,1,"2,900",50 - 60,500 - 600,Apr 2021
ONE SHENTON,SHENTON WAY,01,Non-landed Properties,1,"2,800",50 - 60,500 - 600,Apr 2021
ONE SHENTON,SHENTON WAY,01,Non-landed Properties,2,"5,000",100 - 110,"1,000 - 1,100",Apr 2021
ONE SHENTON,SHENTON WAY,01,Non-landed Properties,1,"3,300",50 - 60,500 - 600,Apr 2021
ONE SHENTON,SHENTON WAY,01,Non-landed Properties,1,"4,000",90 - 100,"1,000 - 1,100",Apr 2021
ONE SHENTON,SHENTON WAY,01,Non-landed Properties,4,"21,000",500 - 510,"5,400 - 5,500",Apr 2021
ONE SHENTON,SHENTON WAY,01,Non-landed Properties,2,"5,500",100 - 110,"1,100 - 1,200",May 2021
ONE SHENTON,SHENTON WAY,01,Non-landed Properties,2,"4,500",100 - 110,"1,100 - 1,200",May 2021
ONE SHENTON,SHENTON WAY,01,Non-landed Properties,1,"3,500",50 - 60,500 - 600,May 2021
ONE SHENTON,SHENTON WAY,01,Non-landed Properties,3,"6,000",140 - 150,"1,500 - 1,600",May 2021
ONE SHENTON,SHENTON WAY,01,Non-landed Properties,3,"6,500",140 - 150,"1,600 - 1,700",May 2021
ONE SHENTON,SHENTON WAY,01,Non-landed Properties,1,"3,650",70 - 80,800 - 900,May 2021
ONE SHENTON,SHENTON WAY,01,Non-landed Properties,1,"2,900",50 - 60,500 - 600,May 2021
ONE SHENTON,SHENTON WAY,01,Non-landed Properties,3,"6,100",140 - 150,"1,500 - 1,600",May 2021
ONE SHENTON,SHENTON WAY,01,Non-landed Properties,1,"3,350",50 - 60,500 - 600,May 2021
ONE SHENTON,SHENTON WAY,01,Non-landed Properties,1,"2,850",50 - 60,500 - 600,May 2021
ONE SHENTON,SHENTON WAY,01,Non-landed Properties,1,"2,900",50 - 60,500 - 600,May 2021
ONE SHENTON,SHENTON WAY,01,Non-landed Properties,1,"3,150",50 - 60,500 - 600,May 2021
ONE SHENTON,SHENTON WAY,01,Non-landed Properties,1,"4,500",80 - 90,"900 - 1,000",May 2021
ONE SHENTON,SHENTON WAY,01,Non-landed Properties,2,"6,000",100 - 110,"1,100 - 1,200",Apr 2021
ONE SHENTON,SHENTON WAY,01,Non-landed Properties,4,"7,700",170 - 180,"1,800 - 1,900",May 2021
ONE SHENTON,SHENTON WAY,01,Non-landed Properties,1,"3,000",50 - 60,500 - 600,May 2021
ONE SHENTON,SHENTON WAY,01,Non-landed Properties,1,"3,000",50 - 60,600 - 700,May 2021
ONE SHENTON,SHENTON WAY,01,Non-landed Properties,1,"2,900",50 - 60,500 - 600,May 2021
ONE SHENTON,SHENTON WAY,01,Non-landed Properties,2,"5,000",110 - 120,"1,100 - 1,200",Jun 2021
ONE SHENTON,SHENTON WAY,01,Non-landed Properties,3,"6,500",140 - 150,"1,500 - 1,600",Jun 2021
ONE SHENTON,SHENTON WAY,01,Non-landed Properties,2,"5,300",110 - 120,"1,100 - 1,200",Jun 2021
ONE SHENTON,SHENTON WAY,01,Non-landed Properties,2,"5,000",100 - 110,"1,100 - 1,200",Jun 2021
ONE SHENTON,SHENTON WAY,01,Non-landed Properties,1,"3,100",50 - 60,600 - 700,Jun 2021
ONE SHENTON,SHENTON WAY,01,Non-landed Properties,2,"4,600",110 - 120,"1,200 - 1,300",Jun 2021
ONE SHENTON,SHENTON WAY,01,Non-landed Properties,2,"4,750",80 - 90,"900 - 1,000",Jun 2021
ONE SHENTON,SHENTON WAY,01,Non-landed Properties,3,"5,750",140 - 150,"1,500 - 1,600",Jun 2021
ONE SHENTON,SHENTON WAY,01,Non-landed Properties,2,"4,800",110 - 120,"1,200 - 1,300",Jun 2021
ONE SHENTON,SHENTON WAY,01,Non-landed Properties,2,"4,600",80 - 90,"900 - 1,000",Jun 2021
ONE SHENTON,SHENTON WAY,01,Non-landed Properties,2,"4,300",100 - 110,"1,000 - 1,100",Jun 2021
ONE SHENTON,SHENTON WAY,01,Non-landed Properties,2,"4,900",100 - 110,"1,100 - 1,200",Jun 2021
ONE SHENTON,SHENTON WAY,01,Non-landed Properties,3,"6,000",140 - 150,"1,500 - 1,600",Jun 2021
ONE SHENTON,SHENTON WAY,01,Non-landed Properties,2,"4,800",100 - 110,"1,100 - 1,200",Jun 2021
ONE SHENTON,SHENTON WAY,01,Non-landed Properties,2,"5,100",110 - 120,"1,200 - 1,300",May 2021
ONE SHENTON,SHENTON WAY,01,Non-landed Properties,2,"4,700",100 - 110,"1,000 - 1,100",May 2021
ONE SHENTON,SHENTON WAY,01,Non-landed Properties,1,"3,600",50 - 60,500 - 600,Jun 2021
ONE SHENTON,SHENTON WAY,01,Non-landed Properties,1,"3,200",50 - 60,500 - 600,Jun 2021
ONE SHENTON,SHENTON WAY,01,Non-landed Properties,3,"6,568",140 - 150,"1,500 - 1,600",Jun 2021
ONE SHENTON,SHENTON WAY,01,Non-landed Properties,3,"7,200",140 - 150,"1,600 - 1,700",Jun 2021
ONE SHENTON,SHENTON WAY,01,Non-landed Properties,2,"5,400",100 - 110,"1,000 - 1,100",May 2021
ONE SHENTON,SHENTON WAY,01,Non-landed Properties,1,"3,000",50 - 60,500 - 600,Jun 2021
ONE SHENTON,SHENTON WAY,01,Non-landed Properties,1,"3,000",50 - 60,500 - 600,Jun 2021
ONE SHENTON,SHENTON WAY,01,Non-landed Properties,1,"2,900",50 - 60,500 - 600,Jun 2021
ONE SHENTON,SHENTON WAY,01,Non-landed Properties,3,"6,250",140 - 150,"1,600 - 1,700",Jul 2021
ONE SHENTON,SHENTON WAY,01,Non-landed Properties,1,"4,000",80 - 90,"900 - 1,000",Jul 2021
ONE SHENTON,SHENTON WAY,01,Non-landed Properties,2,"4,750",110 - 120,"1,200 - 1,300",Jul 2021
ONE SHENTON,SHENTON WAY,01,Non-landed Properties,2,"4,800",100 - 110,"1,100 - 1,200",Jul 2021
ONE SHENTON,SHENTON WAY,01,Non-landed Properties,1,"3,500",50 - 60,600 - 700,Jul 2021
ONE SHENTON,SHENTON WAY,01,Non-landed Properties,3,"6,556",140 - 150,"1,500 - 1,600",Jul 2021
ONE SHENTON,SHENTON WAY,01,Non-landed Properties,2,"5,000",100 - 110,"1,100 - 1,200",Jul 2021
ONE SHENTON,SHENTON WAY,01,Non-landed Properties,1,"4,500",80 - 90,"900 - 1,000",Jul 2021
ONE SHENTON,SHENTON WAY,01,Non-landed Properties,1,"3,400",50 - 60,500 - 600,Jul 2021
ONE SHENTON,SHENTON WAY,01,Non-landed Properties,2,"4,800",110 - 120,"1,100 - 1,200",Jul 2021
ONE SHENTON,SHENTON WAY,01,Non-landed Properties,1,"2,900",50 - 60,500 - 600,Jul 2021
ONE SHENTON,SHENTON WAY,01,Non-landed Properties,1,"3,000",50 - 60,500 - 600,Jul 2021
ONE SHENTON,SHENTON WAY,01,Non-landed Properties,2,"4,800",110 - 120,"1,200 - 1,300",Aug 2021
ONE SHENTON,SHENTON WAY,01,Non-landed Properties,3,"6,300",140 - 150,"1,500 - 1,600",Aug 2021
ONE SHENTON,SHENTON WAY,01,Non-landed Properties,2,"4,800",100 - 110,"1,000 - 1,100",Aug 2021
ONE SHENTON,SHENTON WAY,01,Non-landed Properties,3,"6,400",140 - 150,"1,500 - 1,600",Aug 2021
ONE SHENTON,SHENTON WAY,01,Non-landed Properties,3,"6,000",140 - 150,"1,500 - 1,600",Aug 2021
ONE SHENTON,SHENTON WAY,01,Non-landed Properties,1,"3,700",70 - 80,800 - 900,Aug 2021
ONE SHENTON,SHENTON WAY,01,Non-landed Properties,1,"3,000",50 - 60,500 - 600,Aug 2021
ONE SHENTON,SHENTON WAY,01,Non-landed Properties,1,"3,100",50 - 60,500 - 600,Aug 2021
ONE SHENTON,SHENTON WAY,01,Non-landed Properties,1,"3,700",70 - 80,800 - 900,Aug 2021
ONE SHENTON,SHENTON WAY,01,Non-landed Properties,2,"5,100",110 - 120,"1,100 - 1,200",Aug 2021
ONE SHENTON,SHENTON WAY,01,Non-landed Properties,1,"3,000",50 - 60,600 - 700,Jul 2021
ONE SHENTON,SHENTON WAY,01,Non-landed Properties,1,"3,100",50 - 60,500 - 600,Aug 2021
ONE SHENTON,SHENTON WAY,01,Non-landed Properties,1,"3,000",50 - 60,600 - 700,Aug 2021
ONE SHENTON,SHENTON WAY,01,Non-landed Properties,1,"3,000",50 - 60,500 - 600,Aug 2021
ONE SHENTON,SHENTON WAY,01,Non-landed Properties,2,"5,100",100 - 110,"1,000 - 1,100",Aug 2021
ONE SHENTON,SHENTON WAY,01,Non-landed Properties,1,"3,200",80 - 90,"900 - 1,000",Aug 2021
ONE SHENTON,SHENTON WAY,01,Non-landed Properties,3,"5,800",140 - 150,"1,500 - 1,600",Aug 2021
ONE SHENTON,SHENTON WAY,01,Non-landed Properties,2,"5,000",100 - 110,"1,000 - 1,100",Sep 2021
ONE SHENTON,SHENTON WAY,01,Non-landed Properties,4,"9,000",200 - 210,"2,200 - 2,300",Sep 2021
ONE SHENTON,SHENTON WAY,01,Non-landed Properties,2,"5,000",110 - 120,"1,100 - 1,200",Sep 2021
ONE SHENTON,SHENTON WAY,01,Non-landed Properties,3,"6,523",140 - 150,"1,500 - 1,600",Sep 2021
ONE SHENTON,SHENTON WAY,01,Non-landed Properties,2,"4,800",100 - 110,"1,100 - 1,200",Sep 2021
ONE SHENTON,SHENTON WAY,01,Non-landed Properties,2,"4,900",110 - 120,"1,200 - 1,300",Sep 2021
ONE SHENTON,SHENTON WAY,01,Non-landed Properties,3,"6,500",140 - 150,"1,500 - 1,600",Sep 2021
ONE SHENTON,SHENTON WAY,01,Non-landed Properties,4,"7,000",170 - 180,"1,800 - 1,900",Sep 2021
ONE SHENTON,SHENTON WAY,01,Non-landed Properties,1,"3,500",70 - 80,800 - 900,Sep 2021
ONE SHENTON,SHENTON WAY,01,Non-landed Properties,2,"5,300",110 - 120,"1,200 - 1,300",Sep 2021
ONE SHENTON,SHENTON WAY,01,Non-landed Properties,2,"4,600",100 - 110,"1,100 - 1,200",Sep 2021
ONE SHENTON,SHENTON WAY,01,Non-landed Properties,1,"3,200",50 - 60,600 - 700,Sep 2021
ONE SHENTON,SHENTON WAY,01,Non-landed Properties,2,"5,400",100 - 110,"1,100 - 1,200",Sep 2021
ONE SHENTON,SHENTON WAY,01,Non-landed Properties,1,"3,150",50 - 60,500 - 600,Sep 2021
ONE SHENTON,SHENTON WAY,01,Non-landed Properties,1,"3,100",50 - 60,500 - 600,Aug 2021
ONE SHENTON,SHENTON WAY,01,Non-landed Properties,2,"4,950",100 - 110,"1,100 - 1,200",Sep 2021
ONE SHENTON,SHENTON WAY,01,Non-landed Properties,1,"3,200",50 - 60,500 - 600,Sep 2021
ONE SHENTON,SHENTON WAY,01,Non-landed Properties,2,"5,100",100 - 110,"1,100 - 1,200",Sep 2021
ONE SHENTON,SHENTON WAY,01,Non-landed Properties,1,"3,300",50 - 60,500 - 600,Oct 2021
ONE SHENTON,SHENTON WAY,01,Non-landed Properties,4,"8,000",200 - 210,"2,200 - 2,300",Oct 2021
ONE SHENTON,SHENTON WAY,01,Non-landed Properties,4,"7,900",170 - 180,"1,800 - 1,900",Oct 2021
ONE SHENTON,SHENTON WAY,01,Non-landed Properties,3,"6,200",140 - 150,"1,600 - 1,700",Oct 2021
ONE SHENTON,SHENTON WAY,01,Non-landed Properties,1,"2,900",50 - 60,500 - 600,Oct 2021
ONE SHENTON,SHENTON WAY,01,Non-landed Properties,2,"5,300",100 - 110,"1,100 - 1,200",Oct 2021
ONE SHENTON,SHENTON WAY,01,Non-landed Properties,2,"4,800",100 - 110,"1,100 - 1,200",Oct 2021
ONE SHENTON,SHENTON WAY,01,Non-landed Properties,1,"3,000",50 - 60,500 - 600,Oct 2021
ONE SHENTON,SHENTON WAY,01,Non-landed Properties,1,"2,800",50 - 60,500 - 600,Oct 2021
ONE SHENTON,SHENTON WAY,01,Non-landed Properties,1,"3,100",50 - 60,500 - 600,Oct 2021
ONE SHENTON,SHENTON WAY,01,Non-landed Properties,1,"3,400",70 - 80,800 - 900,Oct 2021
ONE SHENTON,SHENTON WAY,01,Non-landed Properties,1,"4,100",90 - 100,"900 - 1,000",Oct 2021
ONE SHENTON,SHENTON WAY,01,Non-landed Properties,1,"3,000",50 - 60,600 - 700,Oct 2021
ONE SHENTON,SHENTON WAY,01,Non-landed Properties,1,"3,200",50 - 60,500 - 600,Oct 2021
ONE SHENTON,SHENTON WAY,01,Non-landed Properties,3,"7,400",140 - 150,"1,500 - 1,600",Oct 2021
ONE SHENTON,SHENTON WAY,01,Non-landed Properties,1,"3,300",50 - 60,500 - 600,Oct 2021
ONE SHENTON,SHENTON WAY,01,Non-landed Properties,3,"5,700",140 - 150,"1,500 - 1,600",Oct 2021
ONE SHENTON,SHENTON WAY,01,Non-landed Properties,1,"3,200",50 - 60,500 - 600,Oct 2021
ONE SHENTON,SHENTON WAY,01,Non-landed Properties,1,"3,600",70 - 80,800 - 900,Oct 2021
ONE SHENTON,SHENTON WAY,01,Non-landed Properties,1,"4,000",80 - 90,"900 - 1,000",Oct 2021
ONE SHENTON,SHENTON WAY,01,Non-landed Properties,1,"4,200",90 - 100,"900 - 1,000",Nov 2021
ONE SHENTON,SHENTON WAY,01,Non-landed Properties,2,"5,000",110 - 120,"1,200 - 1,300",Nov 2021
ONE SHENTON,SHENTON WAY,01,Non-landed Properties,2,"4,800",100 - 110,"1,000 - 1,100",Nov 2021
ONE SHENTON,SHENTON WAY,01,Non-landed Properties,2,"5,000",110 - 120,"1,100 - 1,200",Nov 2021
ONE SHENTON,SHENTON WAY,01,Non-landed Properties,1,"3,600",70 - 80,800 - 900,Nov 2021
ONE SHENTON,SHENTON WAY,01,Non-landed Properties,1,"3,000",50 - 60,500 - 600,Nov 2021
ONE SHENTON,SHENTON WAY,01,Non-landed Properties,1,"4,500",80 - 90,"900 - 1,000",Nov 2021
ONE SHENTON,SHENTON WAY,01,Non-landed Properties,2,"5,000",100 - 110,"1,000 - 1,100",Nov 2021
ONE SHENTON,SHENTON WAY,01,Non-landed Properties,1,"4,500",90 - 100,"1,000 - 1,100",Nov 2021
ONE SHENTON,SHENTON WAY,01,Non-landed Properties,1,"3,200",50 - 60,500 - 600,Nov 2021
ONE SHENTON,SHENTON WAY,01,Non-landed Properties,2,"4,800",100 - 110,"1,100 - 1,200",Nov 2021
ONE SHENTON,SHENTON WAY,01,Non-landed Properties,3,"6,300",140 - 150,"1,500 - 1,600",Nov 2021
ONE SHENTON,SHENTON WAY,01,Non-landed Properties,1,"4,800",90 - 100,"1,000 - 1,100",Nov 2021
ONE SHENTON,SHENTON WAY,01,Non-landed Properties,1,"3,700",50 - 60,500 - 600,Nov 2021
ONE SHENTON,SHENTON WAY,01,Non-landed Properties,1,"3,000",50 - 60,500 - 600,Nov 2021
ONE SHENTON,SHENTON WAY,01,Non-landed Properties,4,"6,800",170 - 180,"1,800 - 1,900",Oct 2021
ONE SHENTON,SHENTON WAY,01,Non-landed Properties,1,"3,500",70 - 80,800 - 900,Nov 2021
ONE SHENTON,SHENTON WAY,01,Non-landed Properties,2,"4,300",80 - 90,"900 - 1,000",Nov 2021
ONE SHENTON,SHENTON WAY,01,Non-landed Properties,3,"6,350",140 - 150,"1,500 - 1,600",Nov 2021
ONE ST MICHAEL'S,ST. MICHAEL'S ROAD,12,Non-landed Properties,2,"2,700",80 - 90,"900 - 1,000",Jan 2021
ONE ST MICHAEL'S,ST. MICHAEL'S ROAD,12,Non-landed Properties,3,"3,450",110 - 120,"1,200 - 1,300",Feb 2021
ONE ST MICHAEL'S,ST. MICHAEL'S ROAD,12,Non-landed Properties,4,"3,800",120 - 130,"1,300 - 1,400",Mar 2021
ONE ST MICHAEL'S,ST. MICHAEL'S ROAD,12,Non-landed Properties,3,"3,000",110 - 120,"1,200 - 1,300",Mar 2021
ONE ST MICHAEL'S,ST. MICHAEL'S ROAD,12,Non-landed Properties,3,"3,600",110 - 120,"1,200 - 1,300",Mar 2021
ONE ST MICHAEL'S,ST. MICHAEL'S ROAD,12,Non-landed Properties,2,"2,700",100 - 110,"1,100 - 1,200",Feb 2021
ONE ST MICHAEL'S,ST. MICHAEL'S ROAD,12,Non-landed Properties,3,"3,500",110 - 120,"1,100 - 1,200",Mar 2021
ONE ST MICHAEL'S,ST. MICHAEL'S ROAD,12,Non-landed Properties,2,"2,700",100 - 110,"1,100 - 1,200",Apr 2021
ONE ST MICHAEL'S,ST. MICHAEL'S ROAD,12,Non-landed Properties,3,"3,400",110 - 120,"1,100 - 1,200",Apr 2021
ONE ST MICHAEL'S,ST. MICHAEL'S ROAD,12,Non-landed Properties,3,"3,300",110 - 120,"1,100 - 1,200",Apr 2021
ONE ST MICHAEL'S,ST. MICHAEL'S ROAD,12,Non-landed Properties,3,"3,500",110 - 120,"1,200 - 1,300",Apr 2021
ONE ST MICHAEL'S,ST. MICHAEL'S ROAD,12,Non-landed Properties,3,"3,300",110 - 120,"1,200 - 1,300",May 2021
ONE ST MICHAEL'S,ST. MICHAEL'S ROAD,12,Non-landed Properties,4,"4,300",120 - 130,"1,300 - 1,400",May 2021
ONE ST MICHAEL'S,ST. MICHAEL'S ROAD,12,Non-landed Properties,3,"3,700",110 - 120,"1,200 - 1,300",Apr 2021
ONE ST MICHAEL'S,ST. MICHAEL'S ROAD,12,Non-landed Properties,2,"3,100",100 - 110,"1,100 - 1,200",Jun 2021
ONE ST MICHAEL'S,ST. MICHAEL'S ROAD,12,Non-landed Properties,3,"3,700",110 - 120,"1,100 - 1,200",Jun 2021
ONE ST MICHAEL'S,ST. MICHAEL'S ROAD,12,Non-landed Properties,2,"2,700",80 - 90,"900 - 1,000",May 2021
ONE ST MICHAEL'S,ST. MICHAEL'S ROAD,12,Non-landed Properties,4,"4,500",120 - 130,"1,300 - 1,400",Jul 2021
ONE ST MICHAEL'S,ST. MICHAEL'S ROAD,12,Non-landed Properties,3,"3,000",110 - 120,"1,200 - 1,300",Jul 2021
ONE ST MICHAEL'S,ST. MICHAEL'S ROAD,12,Non-landed Properties,2,"3,200",100 - 110,"1,100 - 1,200",Sep 2021
ONE ST MICHAEL'S,ST. MICHAEL'S ROAD,12,Non-landed Properties,2,"2,700",80 - 90,"900 - 1,000",Sep 2021
ONE ST MICHAEL'S,ST. MICHAEL'S ROAD,12,Non-landed Properties,3,"3,500",110 - 120,"1,100 - 1,200",Sep 2021
ONE ST MICHAEL'S,ST. MICHAEL'S ROAD,12,Non-landed Properties,3,"4,000",110 - 120,"1,200 - 1,300",Oct 2021
ONE ST MICHAEL'S,ST. MICHAEL'S ROAD,12,Non-landed Properties,3,"3,800",110 - 120,"1,100 - 1,200",Oct 2021
ONE ST MICHAEL'S,ST. MICHAEL'S ROAD,12,Non-landed Properties,3,"3,300",110 - 120,"1,200 - 1,300",Nov 2021
ONE TREE HILL COLLECTION,JALAN ARNAP,10,Semi-Detached House,NA,"18,000",210 - 220,"2,300 - 2,400",Nov 2021
ONE TREE HILL MANSIONS,ONE TREE HILL,10,Non-landed Properties,NA,"4,400",150 - 160,"1,600 - 1,700",Apr 2021
ONE TREE HILL MANSIONS,ONE TREE HILL,10,Non-landed Properties,NA,"4,800",150 - 160,"1,600 - 1,700",Oct 2021
ONE TREE HILL MANSIONS,ONE TREE HILL,10,Non-landed Properties,NA,"3,700",150 - 160,"1,600 - 1,700",Nov 2021
ONE TREE HILL MANSIONS,ONE TREE HILL,10,Non-landed Properties,NA,"4,300",140 - 150,"1,500 - 1,600",Nov 2021
ONE TREE HILL MANSIONS,ONE TREE HILL,10,Non-landed Properties,NA,"3,700",150 - 160,"1,600 - 1,700",Nov 2021
ONE TREE HILL RESIDENCE,ONE TREE HILL,10,Non-landed Properties,2,"3,500",90 - 100,"1,000 - 1,100",Jan 2021
ONE TREE HILL RESIDENCE,ONE TREE HILL,10,Non-landed Properties,4,"7,800",200 - 210,"2,200 - 2,300",Feb 2021
ONE TREE HILL RESIDENCE,ONE TREE HILL,10,Non-landed Properties,3,"4,400",130 - 140,"1,400 - 1,500",Mar 2021
ONE TREE HILL RESIDENCE,ONE TREE HILL,10,Non-landed Properties,3,"4,600",110 - 120,"1,200 - 1,300",Apr 2021
ONE TREE HILL RESIDENCE,ONE TREE HILL,10,Non-landed Properties,2,"4,200",90 - 100,"1,000 - 1,100",Apr 2021
ONE TREE HILL RESIDENCE,ONE TREE HILL,10,Non-landed Properties,3,"5,000",110 - 120,"1,200 - 1,300",May 2021
ONE TREE HILL RESIDENCE,ONE TREE HILL,10,Non-landed Properties,4,"7,400",200 - 210,"2,200 - 2,300",May 2021
ONE TREE HILL RESIDENCE,ONE TREE HILL,10,Non-landed Properties,2,"3,600",90 - 100,"1,000 - 1,100",Jul 2021
ONE TREE HILL RESIDENCE,ONE TREE HILL,10,Non-landed Properties,3,"4,500",110 - 120,"1,200 - 1,300",Aug 2021
ONE TREE HILL RESIDENCE,ONE TREE HILL,10,Non-landed Properties,3,"4,700",110 - 120,"1,200 - 1,300",Aug 2021
ONE TREE HILL RESIDENCE,ONE TREE HILL,10,Non-landed Properties,3,"4,800",110 - 120,"1,200 - 1,300",Oct 2021
ONE TREE HILL RESIDENCE,ONE TREE HILL,10,Non-landed Properties,3,"5,000",100 - 110,"1,100 - 1,200",Oct 2021
ONE TREE HILL RESIDENCE,ONE TREE HILL,10,Non-landed Properties,3,"5,300",110 - 120,"1,200 - 1,300",Oct 2021
ONE TREE HILL RESIDENCE,ONE TREE HILL,10,Non-landed Properties,2,"4,350",90 - 100,"1,000 - 1,100",Oct 2021
ONE TREE HILL RESIDENCE,ONE TREE HILL,10,Non-landed Properties,3,"5,000",100 - 110,"1,100 - 1,200",Nov 2021
ONE TREE HILL RESIDENCE,ONE TREE HILL,10,Non-landed Properties,4,"10,000",420 - 430,"4,600 - 4,700",Sep 2021
ONE-NORTH RESIDENCES,ONE-NORTH GATEWAY,05,Non-landed Properties,2,"4,500",100 - 110,"1,100 - 1,200",Jan 2021
ONE-NORTH RESIDENCES,ONE-NORTH GATEWAY,05,Non-landed Properties,1,"2,750",50 - 60,600 - 700,Jan 2021
ONE-NORTH RESIDENCES,ONE-NORTH GATEWAY,05,Non-landed Properties,2,"3,800",90 - 100,"900 - 1,000",Jan 2021
ONE-NORTH RESIDENCES,ONE-NORTH GATEWAY,05,Non-landed Properties,1,"2,800",50 - 60,500 - 600,Jan 2021
ONE-NORTH RESIDENCES,ONE-NORTH GATEWAY,05,Non-landed Properties,2,"4,500",90 - 100,"900 - 1,000",Jan 2021
ONE-NORTH RESIDENCES,ONE-NORTH GATEWAY,05,Non-landed Properties,4,"8,500",250 - 260,"2,600 - 2,700",Jan 2021
ONE-NORTH RESIDENCES,ONE-NORTH GATEWAY,05,Non-landed Properties,2,"3,600",90 - 100,"900 - 1,000",Jan 2021
ONE-NORTH RESIDENCES,ONE-NORTH GATEWAY,05,Non-landed Properties,2,"4,100",100 - 110,"1,100 - 1,200",Jan 2021
ONE-NORTH RESIDENCES,ONE-NORTH GATEWAY,05,Non-landed Properties,1,"3,300",50 - 60,500 - 600,Jan 2021
ONE-NORTH RESIDENCES,ONE-NORTH GATEWAY,05,Non-landed Properties,1,"2,600",50 - 60,500 - 600,Jan 2021
ONE-NORTH RESIDENCES,ONE-NORTH GATEWAY,05,Non-landed Properties,2,"4,200",90 - 100,"900 - 1,000",Jan 2021
ONE-NORTH RESIDENCES,ONE-NORTH GATEWAY,05,Non-landed Properties,1,"2,450",50 - 60,500 - 600,Jan 2021
ONE-NORTH RESIDENCES,ONE-NORTH GATEWAY,05,Non-landed Properties,1,"2,900",100 - 110,"1,100 - 1,200",Jan 2021
ONE-NORTH RESIDENCES,ONE-NORTH GATEWAY,05,Non-landed Properties,3,"5,700",120 - 130,"1,300 - 1,400",Jan 2021
ONE-NORTH RESIDENCES,ONE-NORTH GATEWAY,05,Non-landed Properties,1,"2,400",50 - 60,500 - 600,Jan 2021
ONE-NORTH RESIDENCES,ONE-NORTH GATEWAY,05,Non-landed Properties,1,"3,550",80 - 90,"900 - 1,000",Jan 2021
ONE-NORTH RESIDENCES,ONE-NORTH GATEWAY,05,Non-landed Properties,1,"2,800",50 - 60,500 - 600,Jan 2021
ONE-NORTH RESIDENCES,ONE-NORTH GATEWAY,05,Non-landed Properties,1,"2,700",50 - 60,500 - 600,Jan 2021
ONE-NORTH RESIDENCES,ONE-NORTH GATEWAY,05,Non-landed Properties,1,"3,200",70 - 80,800 - 900,Jan 2021
ONE-NORTH RESIDENCES,ONE-NORTH GATEWAY,05,Non-landed Properties,4,"6,500",140 - 150,"1,500 - 1,600",Jan 2021
ONE-NORTH RESIDENCES,ONE-NORTH GATEWAY,05,Non-landed Properties,1,"2,800",50 - 60,500 - 600,Jan 2021
ONE-NORTH RESIDENCES,ONE-NORTH GATEWAY,05,Non-landed Properties,2,"4,000",90 - 100,"900 - 1,000",Jan 2021
ONE-NORTH RESIDENCES,ONE-NORTH GATEWAY,05,Non-landed Properties,3,"5,600",130 - 140,"1,400 - 1,500",Jan 2021
ONE-NORTH RESIDENCES,ONE-NORTH GATEWAY,05,Non-landed Properties,2,"4,100",90 - 100,"900 - 1,000",Jan 2021
ONE-NORTH RESIDENCES,ONE-NORTH GATEWAY,05,Non-landed Properties,1,"2,600",50 - 60,500 - 600,Jan 2021
ONE-NORTH RESIDENCES,ONE-NORTH GATEWAY,05,Non-landed Properties,1,"2,500",50 - 60,600 - 700,Jan 2021
ONE-NORTH RESIDENCES,ONE-NORTH GATEWAY,05,Non-landed Properties,1,"2,700",50 - 60,500 - 600,Jan 2021
ONE-NORTH RESIDENCES,ONE-NORTH GATEWAY,05,Non-landed Properties,1,"2,900",50 - 60,500 - 600,Feb 2021
ONE-NORTH RESIDENCES,ONE-NORTH GATEWAY,05,Non-landed Properties,3,"5,200",120 - 130,"1,300 - 1,400",Feb 2021
ONE-NORTH RESIDENCES,ONE-NORTH GATEWAY,05,Non-landed Properties,1,"2,600",50 - 60,500 - 600,Feb 2021
ONE-NORTH RESIDENCES,ONE-NORTH GATEWAY,05,Non-landed Properties,1,"3,300",90 - 100,"1,000 - 1,100",Feb 2021
ONE-NORTH RESIDENCES,ONE-NORTH GATEWAY,05,Non-landed Properties,3,"5,500",120 - 130,"1,300 - 1,400",Feb 2021
ONE-NORTH RESIDENCES,ONE-NORTH GATEWAY,05,Non-landed Properties,1,"2,600",50 - 60,500 - 600,Feb 2021
ONE-NORTH RESIDENCES,ONE-NORTH GATEWAY,05,Non-landed Properties,1,"2,900",50 - 60,500 - 600,Feb 2021
ONE-NORTH RESIDENCES,ONE-NORTH GATEWAY,05,Non-landed Properties,1,"2,300",50 - 60,500 - 600,Jan 2021
ONE-NORTH RESIDENCES,ONE-NORTH GATEWAY,05,Non-landed Properties,2,"4,200",90 - 100,"900 - 1,000",Feb 2021
ONE-NORTH RESIDENCES,ONE-NORTH GATEWAY,05,Non-landed Properties,1,"2,800",40 - 50,500 - 600,Feb 2021
ONE-NORTH RESIDENCES,ONE-NORTH GATEWAY,05,Non-landed Properties,1,"2,600",50 - 60,500 - 600,Feb 2021
ONE-NORTH RESIDENCES,ONE-NORTH GATEWAY,05,Non-landed Properties,2,"3,800",90 - 100,"900 - 1,000",Feb 2021
ONE-NORTH RESIDENCES,ONE-NORTH GATEWAY,05,Non-landed Properties,2,"3,600",90 - 100,"900 - 1,000",Mar 2021
ONE-NORTH RESIDENCES,ONE-NORTH GATEWAY,05,Non-landed Properties,1,"3,500",80 - 90,"900 - 1,000",Mar 2021
ONE-NORTH RESIDENCES,ONE-NORTH GATEWAY,05,Non-landed Properties,2,"4,000",100 - 110,"1,100 - 1,200",Mar 2021
ONE-NORTH RESIDENCES,ONE-NORTH GATEWAY,05,Non-landed Properties,1,"2,700",50 - 60,500 - 600,Mar 2021
ONE-NORTH RESIDENCES,ONE-NORTH GATEWAY,05,Non-landed Properties,3,"5,200",120 - 130,"1,300 - 1,400",Mar 2021
ONE-NORTH RESIDENCES,ONE-NORTH GATEWAY,05,Non-landed Properties,1,"2,600",50 - 60,500 - 600,Mar 2021
ONE-NORTH RESIDENCES,ONE-NORTH GATEWAY,05,Non-landed Properties,2,"4,000",90 - 100,"1,000 - 1,100",Mar 2021
ONE-NORTH RESIDENCES,ONE-NORTH GATEWAY,05,Non-landed Properties,4,"5,900",140 - 150,"1,500 - 1,600",Mar 2021
ONE-NORTH RESIDENCES,ONE-NORTH GATEWAY,05,Non-landed Properties,2,"4,200",90 - 100,"900 - 1,000",Feb 2021
ONE-NORTH RESIDENCES,ONE-NORTH GATEWAY,05,Non-landed Properties,1,"2,900",40 - 50,500 - 600,Mar 2021
ONE-NORTH RESIDENCES,ONE-NORTH GATEWAY,05,Non-landed Properties,1,"2,650",50 - 60,500 - 600,Mar 2021
ONE-NORTH RESIDENCES,ONE-NORTH GATEWAY,05,Non-landed Properties,1,"2,500",50 - 60,500 - 600,Mar 2021
ONE-NORTH RESIDENCES,ONE-NORTH GATEWAY,05,Non-landed Properties,1,"3,300",80 - 90,"900 - 1,000",Mar 2021
ONE-NORTH RESIDENCES,ONE-NORTH GATEWAY,05,Non-landed Properties,3,"5,300",120 - 130,"1,300 - 1,400",Mar 2021
ONE-NORTH RESIDENCES,ONE-NORTH GATEWAY,05,Non-landed Properties,1,"3,300",100 - 110,"1,000 - 1,100",Apr 2021
ONE-NORTH RESIDENCES,ONE-NORTH GATEWAY,05,Non-landed Properties,1,"2,500",50 - 60,500 - 600,Apr 2021
ONE-NORTH RESIDENCES,ONE-NORTH GATEWAY,05,Non-landed Properties,2,"5,195",110 - 120,"1,200 - 1,300",Apr 2021
ONE-NORTH RESIDENCES,ONE-NORTH GATEWAY,05,Non-landed Properties,1,"2,900",50 - 60,500 - 600,Apr 2021
ONE-NORTH RESIDENCES,ONE-NORTH GATEWAY,05,Non-landed Properties,2,"4,000",100 - 110,"1,100 - 1,200",Apr 2021
ONE-NORTH RESIDENCES,ONE-NORTH GATEWAY,05,Non-landed Properties,2,"3,600",90 - 100,"900 - 1,000",Apr 2021
ONE-NORTH RESIDENCES,ONE-NORTH GATEWAY,05,Non-landed Properties,1,"2,700",50 - 60,500 - 600,Apr 2021
ONE-NORTH RESIDENCES,ONE-NORTH GATEWAY,05,Non-landed Properties,1,"2,500",50 - 60,500 - 600,Apr 2021
ONE-NORTH RESIDENCES,ONE-NORTH GATEWAY,05,Non-landed Properties,3,"5,000",120 - 130,"1,300 - 1,400",Apr 2021
ONE-NORTH RESIDENCES,ONE-NORTH GATEWAY,05,Non-landed Properties,1,"3,300",80 - 90,"900 - 1,000",Apr 2021
ONE-NORTH RESIDENCES,ONE-NORTH GATEWAY,05,Non-landed Properties,2,"4,400",130 - 140,"1,400 - 1,500",Mar 2021
ONE-NORTH RESIDENCES,ONE-NORTH GATEWAY,05,Non-landed Properties,1,"3,000",50 - 60,500 - 600,Apr 2021
ONE-NORTH RESIDENCES,ONE-NORTH GATEWAY,05,Non-landed Properties,2,"4,450",90 - 100,"900 - 1,000",Apr 2021
ONE-NORTH RESIDENCES,ONE-NORTH GATEWAY,05,Non-landed Properties,1,"2,600",50 - 60,500 - 600,Apr 2021
ONE-NORTH RESIDENCES,ONE-NORTH GATEWAY,05,Non-landed Properties,1,"3,000",100 - 110,"1,100 - 1,200",May 2021
ONE-NORTH RESIDENCES,ONE-NORTH GATEWAY,05,Non-landed Properties,3,"5,500",120 - 130,"1,300 - 1,400",May 2021
ONE-NORTH RESIDENCES,ONE-NORTH GATEWAY,05,Non-landed Properties,2,"4,600",100 - 110,"1,100 - 1,200",May 2021
ONE-NORTH RESIDENCES,ONE-NORTH GATEWAY,05,Non-landed Properties,1,"3,045",50 - 60,500 - 600,May 2021
ONE-NORTH RESIDENCES,ONE-NORTH GATEWAY,05,Non-landed Properties,2,"4,000",90 - 100,"1,000 - 1,100",May 2021
ONE-NORTH RESIDENCES,ONE-NORTH GATEWAY,05,Non-landed Properties,1,"2,600",50 - 60,500 - 600,May 2021
ONE-NORTH RESIDENCES,ONE-NORTH GATEWAY,05,Non-landed Properties,3,"5,500",120 - 130,"1,300 - 1,400",May 2021
ONE-NORTH RESIDENCES,ONE-NORTH GATEWAY,05,Non-landed Properties,3,"5,600",120 - 130,"1,300 - 1,400",May 2021
ONE-NORTH RESIDENCES,ONE-NORTH GATEWAY,05,Non-landed Properties,3,"5,300",120 - 130,"1,300 - 1,400",May 2021
ONE-NORTH RESIDENCES,ONE-NORTH GATEWAY,05,Non-landed Properties,1,"2,800",50 - 60,500 - 600,Apr 2021
ONE-NORTH RESIDENCES,ONE-NORTH GATEWAY,05,Non-landed Properties,3,"5,900",120 - 130,"1,300 - 1,400",Apr 2021
ONE-NORTH RESIDENCES,ONE-NORTH GATEWAY,05,Non-landed Properties,3,"6,800",130 - 140,"1,400 - 1,500",May 2021
ONE-NORTH RESIDENCES,ONE-NORTH GATEWAY,05,Non-landed Properties,2,"4,350",130 - 140,"1,400 - 1,500",May 2021
ONE-NORTH RESIDENCES,ONE-NORTH GATEWAY,05,Non-landed Properties,2,"4,000",100 - 110,"1,100 - 1,200",May 2021
ONE-NORTH RESIDENCES,ONE-NORTH GATEWAY,05,Non-landed Properties,1,"2,650",50 - 60,500 - 600,May 2021
ONE-NORTH RESIDENCES,ONE-NORTH GATEWAY,05,Non-landed Properties,1,"3,200",100 - 110,"1,100 - 1,200",May 2021
ONE-NORTH RESIDENCES,ONE-NORTH GATEWAY,05,Non-landed Properties,1,"3,000",50 - 60,500 - 600,Jun 2021
ONE-NORTH RESIDENCES,ONE-NORTH GATEWAY,05,Non-landed Properties,1,"2,700",70 - 80,800 - 900,Jun 2021
ONE-NORTH RESIDENCES,ONE-NORTH GATEWAY,05,Non-landed Properties,1,"2,600",50 - 60,500 - 600,Jun 2021
ONE-NORTH RESIDENCES,ONE-NORTH GATEWAY,05,Non-landed Properties,3,"5,250",120 - 130,"1,300 - 1,400",Jun 2021
ONE-NORTH RESIDENCES,ONE-NORTH GATEWAY,05,Non-landed Properties,3,"5,600",130 - 140,"1,400 - 1,500",Jun 2021
ONE-NORTH RESIDENCES,ONE-NORTH GATEWAY,05,Non-landed Properties,3,"5,400",120 - 130,"1,300 - 1,400",Jun 2021
ONE-NORTH RESIDENCES,ONE-NORTH GATEWAY,05,Non-landed Properties,1,"3,300",90 - 100,"900 - 1,000",Jun 2021
ONE-NORTH RESIDENCES,ONE-NORTH GATEWAY,05,Non-landed Properties,1,"3,800",100 - 110,"1,000 - 1,100",Jun 2021
ONE-NORTH RESIDENCES,ONE-NORTH GATEWAY,05,Non-landed Properties,3,"5,500",120 - 130,"1,300 - 1,400",Jun 2021
ONE-NORTH RESIDENCES,ONE-NORTH GATEWAY,05,Non-landed Properties,2,"4,800",100 - 110,"1,100 - 1,200",Jun 2021
ONE-NORTH RESIDENCES,ONE-NORTH GATEWAY,05,Non-landed Properties,1,"2,750",50 - 60,500 - 600,May 2021
ONE-NORTH RESIDENCES,ONE-NORTH GATEWAY,05,Non-landed Properties,1,"2,599",50 - 60,500 - 600,Apr 2021
ONE-NORTH RESIDENCES,ONE-NORTH GATEWAY,05,Non-landed Properties,1,"3,400",80 - 90,"900 - 1,000",Jun 2021
ONE-NORTH RESIDENCES,ONE-NORTH GATEWAY,05,Non-landed Properties,1,"2,599",50 - 60,500 - 600,Apr 2021
ONE-NORTH RESIDENCES,ONE-NORTH GATEWAY,05,Non-landed Properties,1,"2,600",50 - 60,500 - 600,Jun 2021
ONE-NORTH RESIDENCES,ONE-NORTH GATEWAY,05,Non-landed Properties,2,"5,000",100 - 110,"1,100 - 1,200",Jun 2021
ONE-NORTH RESIDENCES,ONE-NORTH GATEWAY,05,Non-landed Properties,1,"2,800",40 - 50,500 - 600,Jun 2021
ONE-NORTH RESIDENCES,ONE-NORTH GATEWAY,05,Non-landed Properties,2,"4,000",90 - 100,"900 - 1,000",Jun 2021
ONE-NORTH RESIDENCES,ONE-NORTH GATEWAY,05,Non-landed Properties,1,"3,700",80 - 90,"900 - 1,000",Jun 2021
ONE-NORTH RESIDENCES,ONE-NORTH GATEWAY,05,Non-landed Properties,1,"2,400",50 - 60,500 - 600,Jul 2021
ONE-NORTH RESIDENCES,ONE-NORTH GATEWAY,05,Non-landed Properties,2,"4,000",90 - 100,"1,000 - 1,100",Jul 2021
ONE-NORTH RESIDENCES,ONE-NORTH GATEWAY,05,Non-landed Properties,1,"3,100",100 - 110,"1,100 - 1,200",Jul 2021
ONE-NORTH RESIDENCES,ONE-NORTH GATEWAY,05,Non-landed Properties,2,"3,600",90 - 100,"900 - 1,000",Jul 2021
ONE-NORTH RESIDENCES,ONE-NORTH GATEWAY,05,Non-landed Properties,1,"3,400",80 - 90,"900 - 1,000",Jul 2021
ONE-NORTH RESIDENCES,ONE-NORTH GATEWAY,05,Non-landed Properties,3,"5,200",120 - 130,"1,300 - 1,400",Jul 2021
ONE-NORTH RESIDENCES,ONE-NORTH GATEWAY,05,Non-landed Properties,3,"5,900",120 - 130,"1,300 - 1,400",Jul 2021
ONE-NORTH RESIDENCES,ONE-NORTH GATEWAY,05,Non-landed Properties,1,"2,800",40 - 50,500 - 600,Jul 2021
ONE-NORTH RESIDENCES,ONE-NORTH GATEWAY,05,Non-landed Properties,1,"2,800",50 - 60,500 - 600,Jul 2021
ONE-NORTH RESIDENCES,ONE-NORTH GATEWAY,05,Non-landed Properties,1,"2,800",60 - 70,700 - 800,Jul 2021
ONE-NORTH RESIDENCES,ONE-NORTH GATEWAY,05,Non-landed Properties,1,"2,900",50 - 60,500 - 600,Jul 2021
ONE-NORTH RESIDENCES,ONE-NORTH GATEWAY,05,Non-landed Properties,2,"5,202",110 - 120,"1,200 - 1,300",Jul 2021
ONE-NORTH RESIDENCES,ONE-NORTH GATEWAY,05,Non-landed Properties,2,"3,800",90 - 100,"900 - 1,000",Jul 2021
ONE-NORTH RESIDENCES,ONE-NORTH GATEWAY,05,Non-landed Properties,3,"6,000",120 - 130,"1,300 - 1,400",Jul 2021
ONE-NORTH RESIDENCES,ONE-NORTH GATEWAY,05,Non-landed Properties,2,"4,200",90 - 100,"1,000 - 1,100",Jul 2021
ONE-NORTH RESIDENCES,ONE-NORTH GATEWAY,05,Non-landed Properties,1,"3,100",80 - 90,"900 - 1,000",Jul 2021
ONE-NORTH RESIDENCES,ONE-NORTH GATEWAY,05,Non-landed Properties,1,"2,900",50 - 60,500 - 600,Jul 2021
ONE-NORTH RESIDENCES,ONE-NORTH GATEWAY,05,Non-landed Properties,2,"4,300",90 - 100,"1,000 - 1,100",Jul 2021
ONE-NORTH RESIDENCES,ONE-NORTH GATEWAY,05,Non-landed Properties,1,"2,500",50 - 60,500 - 600,Jul 2021
ONE-NORTH RESIDENCES,ONE-NORTH GATEWAY,05,Non-landed Properties,1,"2,850",50 - 60,500 - 600,Jul 2021
ONE-NORTH RESIDENCES,ONE-NORTH GATEWAY,05,Non-landed Properties,3,"5,200",120 - 130,"1,300 - 1,400",Jul 2021
ONE-NORTH RESIDENCES,ONE-NORTH GATEWAY,05,Non-landed Properties,1,"2,600",50 - 60,500 - 600,Jul 2021
ONE-NORTH RESIDENCES,ONE-NORTH GATEWAY,05,Non-landed Properties,3,"5,800",130 - 140,"1,400 - 1,500",Jul 2021
ONE-NORTH RESIDENCES,ONE-NORTH GATEWAY,05,Non-landed Properties,2,"3,700",90 - 100,"900 - 1,000",Jul 2021
ONE-NORTH RESIDENCES,ONE-NORTH GATEWAY,05,Non-landed Properties,1,"2,600",50 - 60,500 - 600,Jul 2021
ONE-NORTH RESIDENCES,ONE-NORTH GATEWAY,05,Non-landed Properties,1,"2,750",50 - 60,500 - 600,Jul 2021
ONE-NORTH RESIDENCES,ONE-NORTH GATEWAY,05,Non-landed Properties,1,"2,900",50 - 60,500 - 600,Jul 2021
ONE-NORTH RESIDENCES,ONE-NORTH GATEWAY,05,Non-landed Properties,1,"3,428",50 - 60,500 - 600,Jul 2021
ONE-NORTH RESIDENCES,ONE-NORTH GATEWAY,05,Non-landed Properties,1,"2,600",50 - 60,500 - 600,Jul 2021
ONE-NORTH RESIDENCES,ONE-NORTH GATEWAY,05,Non-landed Properties,4,"6,800",150 - 160,"1,600 - 1,700",Aug 2021
ONE-NORTH RESIDENCES,ONE-NORTH GATEWAY,05,Non-landed Properties,4,"6,500",150 - 160,"1,600 - 1,700",Aug 2021
ONE-NORTH RESIDENCES,ONE-NORTH GATEWAY,05,Non-landed Properties,3,"5,300",120 - 130,"1,300 - 1,400",Aug 2021
ONE-NORTH RESIDENCES,ONE-NORTH GATEWAY,05,Non-landed Properties,1,"3,318",50 - 60,600 - 700,Aug 2021
ONE-NORTH RESIDENCES,ONE-NORTH GATEWAY,05,Non-landed Properties,2,"4,100",90 - 100,"900 - 1,000",Aug 2021
ONE-NORTH RESIDENCES,ONE-NORTH GATEWAY,05,Non-landed Properties,2,"3,900",90 - 100,"1,000 - 1,100",Aug 2021
ONE-NORTH RESIDENCES,ONE-NORTH GATEWAY,05,Non-landed Properties,3,"5,600",130 - 140,"1,400 - 1,500",Aug 2021
ONE-NORTH RESIDENCES,ONE-NORTH GATEWAY,05,Non-landed Properties,4,"6,600",140 - 150,"1,500 - 1,600",Aug 2021
ONE-NORTH RESIDENCES,ONE-NORTH GATEWAY,05,Non-landed Properties,3,"6,100",120 - 130,"1,300 - 1,400",Aug 2021
ONE-NORTH RESIDENCES,ONE-NORTH GATEWAY,05,Non-landed Properties,1,"2,800",50 - 60,500 - 600,Aug 2021
ONE-NORTH RESIDENCES,ONE-NORTH GATEWAY,05,Non-landed Properties,2,"4,050",90 - 100,"900 - 1,000",Aug 2021
ONE-NORTH RESIDENCES,ONE-NORTH GATEWAY,05,Non-landed Properties,2,"4,300",90 - 100,"900 - 1,000",Aug 2021
ONE-NORTH RESIDENCES,ONE-NORTH GATEWAY,05,Non-landed Properties,2,"4,150",90 - 100,"1,000 - 1,100",Aug 2021
ONE-NORTH RESIDENCES,ONE-NORTH GATEWAY,05,Non-landed Properties,2,"5,000",90 - 100,"900 - 1,000",Aug 2021
ONE-NORTH RESIDENCES,ONE-NORTH GATEWAY,05,Non-landed Properties,1,"2,850",50 - 60,500 - 600,Jul 2021
ONE-NORTH RESIDENCES,ONE-NORTH GATEWAY,05,Non-landed Properties,1,"3,500",70 - 80,800 - 900,Aug 2021
ONE-NORTH RESIDENCES,ONE-NORTH GATEWAY,05,Non-landed Properties,1,"2,500",50 - 60,500 - 600,Aug 2021
ONE-NORTH RESIDENCES,ONE-NORTH GATEWAY,05,Non-landed Properties,1,"2,500",50 - 60,600 - 700,Aug 2021
ONE-NORTH RESIDENCES,ONE-NORTH GATEWAY,05,Non-landed Properties,1,"2,900",40 - 50,500 - 600,Aug 2021
ONE-NORTH RESIDENCES,ONE-NORTH GATEWAY,05,Non-landed Properties,1,"2,700",50 - 60,600 - 700,Aug 2021
ONE-NORTH RESIDENCES,ONE-NORTH GATEWAY,05,Non-landed Properties,3,"5,700",130 - 140,"1,400 - 1,500",Aug 2021
ONE-NORTH RESIDENCES,ONE-NORTH GATEWAY,05,Non-landed Properties,1,"2,450",50 - 60,500 - 600,Aug 2021
ONE-NORTH RESIDENCES,ONE-NORTH GATEWAY,05,Non-landed Properties,1,"2,912",50 - 60,500 - 600,Aug 2021
ONE-NORTH RESIDENCES,ONE-NORTH GATEWAY,05,Non-landed Properties,5,"9,000",280 - 290,"3,000 - 3,100",Sep 2021
ONE-NORTH RESIDENCES,ONE-NORTH GATEWAY,05,Non-landed Properties,1,"3,400",100 - 110,"1,100 - 1,200",Sep 2021
ONE-NORTH RESIDENCES,ONE-NORTH GATEWAY,05,Non-landed Properties,2,"4,000",100 - 110,"1,100 - 1,200",Sep 2021
ONE-NORTH RESIDENCES,ONE-NORTH GATEWAY,05,Non-landed Properties,2,"3,700",90 - 100,"900 - 1,000",Sep 2021
ONE-NORTH RESIDENCES,ONE-NORTH GATEWAY,05,Non-landed Properties,2,"4,000",90 - 100,"900 - 1,000",Sep 2021
ONE-NORTH RESIDENCES,ONE-NORTH GATEWAY,05,Non-landed Properties,4,"8,000",250 - 260,"2,700 - 2,800",Sep 2021
ONE-NORTH RESIDENCES,ONE-NORTH GATEWAY,05,Non-landed Properties,1,"2,500",50 - 60,600 - 700,Sep 2021
ONE-NORTH RESIDENCES,ONE-NORTH GATEWAY,05,Non-landed Properties,1,"3,450",100 - 110,"1,000 - 1,100",Sep 2021
ONE-NORTH RESIDENCES,ONE-NORTH GATEWAY,05,Non-landed Properties,1,"2,650",50 - 60,500 - 600,Sep 2021
ONE-NORTH RESIDENCES,ONE-NORTH GATEWAY,05,Non-landed Properties,1,"2,600",50 - 60,600 - 700,Sep 2021
ONE-NORTH RESIDENCES,ONE-NORTH GATEWAY,05,Non-landed Properties,2,"4,000",100 - 110,"1,100 - 1,200",Sep 2021
ONE-NORTH RESIDENCES,ONE-NORTH GATEWAY,05,Non-landed Properties,3,"6,000",120 - 130,"1,300 - 1,400",Sep 2021
ONE-NORTH RESIDENCES,ONE-NORTH GATEWAY,05,Non-landed Properties,1,"2,550",50 - 60,500 - 600,Sep 2021
ONE-NORTH RESIDENCES,ONE-NORTH GATEWAY,05,Non-landed Properties,2,"4,300",90 - 100,"900 - 1,000",Sep 2021
ONE-NORTH RESIDENCES,ONE-NORTH GATEWAY,05,Non-landed Properties,1,"2,700",50 - 60,600 - 700,Aug 2021
ONE-NORTH RESIDENCES,ONE-NORTH GATEWAY,05,Non-landed Properties,1,"2,800",50 - 60,500 - 600,Sep 2021
ONE-NORTH RESIDENCES,ONE-NORTH GATEWAY,05,Non-landed Properties,1,"2,800",50 - 60,500 - 600,Sep 2021
ONE-NORTH RESIDENCES,ONE-NORTH GATEWAY,05,Non-landed Properties,1,"3,200",50 - 60,600 - 700,Sep 2021
ONE-NORTH RESIDENCES,ONE-NORTH GATEWAY,05,Non-landed Properties,2,"5,000",130 - 140,"1,400 - 1,500",Sep 2021
ONE-NORTH RESIDENCES,ONE-NORTH GATEWAY,05,Non-landed Properties,2,"4,200",90 - 100,"900 - 1,000",Sep 2021
ONE-NORTH RESIDENCES,ONE-NORTH GATEWAY,05,Non-landed Properties,1,"3,700",100 - 110,"1,100 - 1,200",Sep 2021
ONE-NORTH RESIDENCES,ONE-NORTH GATEWAY,05,Non-landed Properties,1,"4,000",100 - 110,"1,100 - 1,200",Sep 2021
ONE-NORTH RESIDENCES,ONE-NORTH GATEWAY,05,Non-landed Properties,1,"2,750",50 - 60,500 - 600,Oct 2021
ONE-NORTH RESIDENCES,ONE-NORTH GATEWAY,05,Non-landed Properties,3,"6,200",120 - 130,"1,300 - 1,400",Oct 2021
ONE-NORTH RESIDENCES,ONE-NORTH GATEWAY,05,Non-landed Properties,1,"2,600",50 - 60,600 - 700,Oct 2021
ONE-NORTH RESIDENCES,ONE-NORTH GATEWAY,05,Non-landed Properties,2,"4,300",90 - 100,"900 - 1,000",Oct 2021
ONE-NORTH RESIDENCES,ONE-NORTH GATEWAY,05,Non-landed Properties,3,"5,500",140 - 150,"1,600 - 1,700",Oct 2021
ONE-NORTH RESIDENCES,ONE-NORTH GATEWAY,05,Non-landed Properties,4,"6,900",140 - 150,"1,500 - 1,600",Oct 2021
ONE-NORTH RESIDENCES,ONE-NORTH GATEWAY,05,Non-landed Properties,1,"2,550",50 - 60,500 - 600,Oct 2021
ONE-NORTH RESIDENCES,ONE-NORTH GATEWAY,05,Non-landed Properties,2,"3,800",90 - 100,"1,000 - 1,100",Oct 2021
ONE-NORTH RESIDENCES,ONE-NORTH GATEWAY,05,Non-landed Properties,2,"4,200",90 - 100,"900 - 1,000",Oct 2021
ONE-NORTH RESIDENCES,ONE-NORTH GATEWAY,05,Non-landed Properties,2,"4,300",110 - 120,"1,200 - 1,300",Oct 2021
ONE-NORTH RESIDENCES,ONE-NORTH GATEWAY,05,Non-landed Properties,1,"2,650",50 - 60,500 - 600,Oct 2021
ONE-NORTH RESIDENCES,ONE-NORTH GATEWAY,05,Non-landed Properties,2,"5,120",110 - 120,"1,200 - 1,300",Oct 2021
ONE-NORTH RESIDENCES,ONE-NORTH GATEWAY,05,Non-landed Properties,2,"4,400",90 - 100,"1,000 - 1,100",Oct 2021
ONE-NORTH RESIDENCES,ONE-NORTH GATEWAY,05,Non-landed Properties,2,"5,100",100 - 110,"1,100 - 1,200",Oct 2021
ONE-NORTH RESIDENCES,ONE-NORTH GATEWAY,05,Non-landed Properties,2,"4,500",110 - 120,"1,200 - 1,300",Oct 2021
ONE-NORTH RESIDENCES,ONE-NORTH GATEWAY,05,Non-landed Properties,3,"5,200",120 - 130,"1,300 - 1,400",Sep 2021
ONE-NORTH RESIDENCES,ONE-NORTH GATEWAY,05,Non-landed Properties,1,"2,500",50 - 60,500 - 600,Oct 2021
ONE-NORTH RESIDENCES,ONE-NORTH GATEWAY,05,Non-landed Properties,1,"2,800",50 - 60,600 - 700,Oct 2021
ONE-NORTH RESIDENCES,ONE-NORTH GATEWAY,05,Non-landed Properties,2,"3,700",90 - 100,"900 - 1,000",Oct 2021
ONE-NORTH RESIDENCES,ONE-NORTH GATEWAY,05,Non-landed Properties,2,"4,000",90 - 100,"900 - 1,000",Oct 2021
ONE-NORTH RESIDENCES,ONE-NORTH GATEWAY,05,Non-landed Properties,1,"2,700",50 - 60,500 - 600,Oct 2021
ONE-NORTH RESIDENCES,ONE-NORTH GATEWAY,05,Non-landed Properties,2,"4,500",100 - 110,"1,100 - 1,200",Nov 2021
ONE-NORTH RESIDENCES,ONE-NORTH GATEWAY,05,Non-landed Properties,1,"2,500",50 - 60,500 - 600,Nov 2021
ONE-NORTH RESIDENCES,ONE-NORTH GATEWAY,05,Non-landed Properties,2,"6,000",90 - 100,"900 - 1,000",Nov 2021
ONE-NORTH RESIDENCES,ONE-NORTH GATEWAY,05,Non-landed Properties,1,"3,200",110 - 120,"1,200 - 1,300",Nov 2021
ONE-NORTH RESIDENCES,ONE-NORTH GATEWAY,05,Non-landed Properties,1,"2,912",50 - 60,500 - 600,Nov 2021
ONE-NORTH RESIDENCES,ONE-NORTH GATEWAY,05,Non-landed Properties,1,"3,400",80 - 90,"900 - 1,000",Nov 2021
ONE-NORTH RESIDENCES,ONE-NORTH GATEWAY,05,Non-landed Properties,1,"2,600",50 - 60,500 - 600,Nov 2021
ONE-NORTH RESIDENCES,ONE-NORTH GATEWAY,05,Non-landed Properties,1,"2,600",50 - 60,500 - 600,Nov 2021
ONE-NORTH RESIDENCES,ONE-NORTH GATEWAY,05,Non-landed Properties,1,"2,600",50 - 60,500 - 600,Nov 2021
ONE-NORTH RESIDENCES,ONE-NORTH GATEWAY,05,Non-landed Properties,3,"5,900",120 - 130,"1,300 - 1,400",Nov 2021
ONE-NORTH RESIDENCES,ONE-NORTH GATEWAY,05,Non-landed Properties,2,"4,200",90 - 100,"1,000 - 1,100",Nov 2021
ONE-NORTH RESIDENCES,ONE-NORTH GATEWAY,05,Non-landed Properties,1,"2,800",50 - 60,500 - 600,Nov 2021
ONE-NORTH RESIDENCES,ONE-NORTH GATEWAY,05,Non-landed Properties,1,"2,850",50 - 60,500 - 600,Nov 2021
ONE-NORTH RESIDENCES,ONE-NORTH GATEWAY,05,Non-landed Properties,1,"2,800",50 - 60,500 - 600,Nov 2021
ONE-NORTH RESIDENCES,ONE-NORTH GATEWAY,05,Non-landed Properties,2,"4,100",110 - 120,"1,200 - 1,300",Nov 2021
ONE-NORTH RESIDENCES,ONE-NORTH GATEWAY,05,Non-landed Properties,1,"3,500",80 - 90,"900 - 1,000",Nov 2021
ONE-NORTH RESIDENCES,ONE-NORTH GATEWAY,05,Non-landed Properties,2,"4,300",90 - 100,"1,000 - 1,100",Nov 2021
ONEROBEY,ROBEY CRESCENT,19,Non-landed Properties,2,"2,000",50 - 60,500 - 600,Jan 2021
ONEROBEY,ROBEY CRESCENT,19,Non-landed Properties,3,"1,400",70 - 80,700 - 800,Mar 2021
ONEROBEY,ROBEY CRESCENT,19,Non-landed Properties,2,"1,800",50 - 60,500 - 600,Mar 2021
ONEROBEY,ROBEY CRESCENT,19,Non-landed Properties,3,"1,900",70 - 80,800 - 900,Sep 2021
ONEROBEY,ROBEY CRESCENT,19,Non-landed Properties,2,"1,950",50 - 60,500 - 600,Nov 2021
ONZE @ TANJONG PAGAR,KEE SENG STREET,02,Non-landed Properties,1,"3,000",50 - 60,500 - 600,Jan 2021
ONZE @ TANJONG PAGAR,KEE SENG STREET,02,Non-landed Properties,1,"3,000",50 - 60,500 - 600,Feb 2021
ONZE @ TANJONG PAGAR,KEE SENG STREET,02,Non-landed Properties,1,"2,900",50 - 60,500 - 600,Feb 2021
ONZE @ TANJONG PAGAR,KEE SENG STREET,02,Non-landed Properties,1,"2,500",50 - 60,500 - 600,Jan 2021
ONZE @ TANJONG PAGAR,KEE SENG STREET,02,Non-landed Properties,1,"2,600",50 - 60,500 - 600,Feb 2021
ONZE @ TANJONG PAGAR,KEE SENG STREET,02,Non-landed Properties,1,"2,600",50 - 60,500 - 600,Mar 2021
ONZE @ TANJONG PAGAR,KEE SENG STREET,02,Non-landed Properties,1,"2,750",50 - 60,500 - 600,Mar 2021
ONZE @ TANJONG PAGAR,KEE SENG STREET,02,Non-landed Properties,3,"5,250",90 - 100,"1,000 - 1,100",Apr 2021
ONZE @ TANJONG PAGAR,KEE SENG STREET,02,Non-landed Properties,1,"2,700",50 - 60,500 - 600,Jun 2021
ONZE @ TANJONG PAGAR,KEE SENG STREET,02,Non-landed Properties,3,"4,400",90 - 100,"1,000 - 1,100",Jun 2021
ONZE @ TANJONG PAGAR,KEE SENG STREET,02,Non-landed Properties,1,"3,000",50 - 60,500 - 600,May 2021
ONZE @ TANJONG PAGAR,KEE SENG STREET,02,Non-landed Properties,3,"4,200",100 - 110,"1,100 - 1,200",May 2021
ONZE @ TANJONG PAGAR,KEE SENG STREET,02,Non-landed Properties,1,"2,900",50 - 60,500 - 600,Jul 2021
ONZE @ TANJONG PAGAR,KEE SENG STREET,02,Non-landed Properties,1,"2,650",50 - 60,500 - 600,Aug 2021
ONZE @ TANJONG PAGAR,KEE SENG STREET,02,Non-landed Properties,3,"5,050",90 - 100,"1,000 - 1,100",Aug 2021
ONZE @ TANJONG PAGAR,KEE SENG STREET,02,Non-landed Properties,1,"2,700",50 - 60,500 - 600,Aug 2021
ONZE @ TANJONG PAGAR,KEE SENG STREET,02,Non-landed Properties,1,"2,700",40 - 50,500 - 600,Sep 2021
ONZE @ TANJONG PAGAR,KEE SENG STREET,02,Non-landed Properties,3,"5,000",100 - 110,"1,100 - 1,200",Sep 2021
ONZE @ TANJONG PAGAR,KEE SENG STREET,02,Non-landed Properties,1,"2,700",40 - 50,500 - 600,Sep 2021
ONZE @ TANJONG PAGAR,KEE SENG STREET,02,Non-landed Properties,3,"3,700",100 - 110,"1,100 - 1,200",Sep 2021
ONZE @ TANJONG PAGAR,KEE SENG STREET,02,Non-landed Properties,3,"5,100",100 - 110,"1,100 - 1,200",Sep 2021
ONZE @ TANJONG PAGAR,KEE SENG STREET,02,Non-landed Properties,1,"3,100",40 - 50,500 - 600,Oct 2021
ONZE @ TANJONG PAGAR,KEE SENG STREET,02,Non-landed Properties,1,"3,300",40 - 50,500 - 600,Oct 2021
ONZE @ TANJONG PAGAR,KEE SENG STREET,02,Non-landed Properties,1,"2,900",50 - 60,500 - 600,Oct 2021
ONZE @ TANJONG PAGAR,KEE SENG STREET,02,Non-landed Properties,1,"2,800",50 - 60,500 - 600,Oct 2021
ONZE @ TANJONG PAGAR,KEE SENG STREET,02,Non-landed Properties,1,"3,000",50 - 60,500 - 600,Oct 2021
ONZE @ TANJONG PAGAR,KEE SENG STREET,02,Non-landed Properties,3,"4,800",90 - 100,"1,000 - 1,100",Oct 2021
ONZE @ TANJONG PAGAR,KEE SENG STREET,02,Non-landed Properties,1,"2,600",40 - 50,500 - 600,Oct 2021
ONZE @ TANJONG PAGAR,KEE SENG STREET,02,Non-landed Properties,3,"5,000",90 - 100,"1,000 - 1,100",Oct 2021
OPAL SUITES,OPAL CRESCENT,12,Non-landed Properties,1,"1,800",40 - 50,400 - 500,Jan 2021
OPAL SUITES,OPAL CRESCENT,12,Non-landed Properties,1,"2,000",30 - 40,400 - 500,Jan 2021
OPAL SUITES,OPAL CRESCENT,12,Non-landed Properties,1,"1,700",30 - 40,300 - 400,Feb 2021
OPAL SUITES,OPAL CRESCENT,12,Non-landed Properties,1,"1,720",30 - 40,300 - 400,Jun 2021
OPAL SUITES,OPAL CRESCENT,12,Non-landed Properties,2,"1,500",60 - 70,700 - 800,Jul 2021
OPAL SUITES,OPAL CRESCENT,12,Non-landed Properties,1,"2,150",30 - 40,400 - 500,Jul 2021
OPAL SUITES,OPAL CRESCENT,12,Non-landed Properties,1,"2,200",40 - 50,400 - 500,Nov 2021
OPAL SUITES,OPAL CRESCENT,12,Non-landed Properties,1,"2,300",30 - 40,400 - 500,Nov 2021
OPERA ESTATE,DAFNE STREET,15,Terrace House,NA,"3,700",120 - 130,"1,300 - 1,400",Jan 2021
OPERA ESTATE,DAFNE STREET,15,Terrace House,NA,"2,350",120 - 130,"1,300 - 1,400",Jan 2021
OPERA ESTATE,TERANG BULAN AVENUE,15,Terrace House,NA,"3,700",300 - 310,"3,200 - 3,300",Jan 2021
OPERA ESTATE,CARMEN TERRACE,15,Terrace House,NA,"5,300",200 - 210,"2,200 - 2,300",Jan 2021
OPERA ESTATE,FIGARO STREET,15,Terrace House,NA,"2,500",130 - 140,"1,400 - 1,500",Jan 2021
OPERA ESTATE,FIDELIO STREET,15,Terrace House,NA,"3,300",180 - 190,"1,900 - 2,000",Jan 2021
OPERA ESTATE,FIDELIO STREET,15,Semi-Detached House,NA,"3,300",90 - 100,"1,000 - 1,100",Feb 2021
OPERA ESTATE,FIGARO STREET,15,Terrace House,NA,"2,900",90 - 100,"900 - 1,000",Feb 2021
OPERA ESTATE,TERANG BULAN AVENUE,15,Detached House,NA,"4,600",300 - 310,"3,200 - 3,300",Feb 2021
OPERA ESTATE,TOSCA TERRACE,15,Terrace House,NA,"2,500",150 - 160,"1,600 - 1,700",Feb 2021
OPERA ESTATE,METROPOLE DRIVE,15,Terrace House,NA,"5,650",160 - 170,"1,700 - 1,800",Mar 2021
OPERA ESTATE,TERANG BULAN AVENUE,15,Terrace House,NA,"4,800",170 - 180,"1,800 - 1,900",Mar 2021
OPERA ESTATE,AIDA STREET,15,Detached House,NA,"2,500",150 - 160,"1,600 - 1,700",Mar 2021
OPERA ESTATE,ERNANI STREET,15,Terrace House,NA,"3,200",120 - 130,"1,300 - 1,400",Mar 2021
OPERA ESTATE,AIDA STREET,15,Semi-Detached House,NA,"4,900",250 - 260,"2,700 - 2,800",Mar 2021
OPERA ESTATE,FIGARO STREET,15,Non-landed Properties,NA,"2,400",80 - 90,"900 - 1,000",Mar 2021
OPERA ESTATE,LAKME STREET,15,Detached House,NA,"7,000",580 - 590,"6,200 - 6,300",Apr 2021
OPERA ESTATE,CARMEN TERRACE,15,Terrace House,NA,"5,850",200 - 210,"2,200 - 2,300",Apr 2021
OPERA ESTATE,ERNANI STREET,15,Terrace House,NA,"4,000",120 - 130,"1,300 - 1,400",Apr 2021
OPERA ESTATE,JALAN TERANG BULAN,15,Terrace House,NA,"3,000",150 - 160,"1,600 - 1,700",Apr 2021
OPERA ESTATE,TOSCA TERRACE,15,Terrace House,NA,"3,900",150 - 160,"1,600 - 1,700",May 2021
OPERA ESTATE,METROPOLE DRIVE,15,Terrace House,NA,"3,300",140 - 150,"1,500 - 1,600",May 2021
OPERA ESTATE,JALAN KHAIRUDDIN,15,Semi-Detached House,NA,"8,900",260 - 270,"2,800 - 2,900",May 2021
OPERA ESTATE,NORMA TERRACE,15,Terrace House,NA,"2,400",120 - 130,"1,300 - 1,400",May 2021
OPERA ESTATE,JALAN TERANG BULAN,15,Terrace House,NA,"4,000",150 - 160,"1,600 - 1,700",May 2021
OPERA ESTATE,RIENZI STREET,15,Terrace House,NA,"1,400",120 - 130,"1,300 - 1,400",May 2021
OPERA ESTATE,CARMEN STREET,15,Terrace House,NA,"3,500",170 - 180,"1,800 - 1,900",Jun 2021
OPERA ESTATE,ERNANI STREET,15,Terrace House,NA,"2,700",120 - 130,"1,300 - 1,400",Jun 2021
OPERA ESTATE,DAFNE STREET,15,Terrace House,NA,"3,100",120 - 130,"1,300 - 1,400",Jun 2021
OPERA ESTATE,TOSCA STREET,15,Detached House,NA,"7,500",550 - 560,"5,900 - 6,000",Jul 2021
OPERA ESTATE,SIGLAP ROAD,15,Detached House,NA,"10,000",210 - 220,"2,300 - 2,400",Jul 2021
OPERA ESTATE,CARMEN TERRACE,15,Terrace House,NA,"2,350",150 - 160,"1,600 - 1,700",Jul 2021
OPERA ESTATE,AIDA STREET,15,Detached House,NA,"8,000",400 - 410,"4,400 - 4,500",Jul 2021
OPERA ESTATE,CARMEN TERRACE,15,Terrace House,NA,"2,650",150 - 160,"1,600 - 1,700",Jul 2021
OPERA ESTATE,SWAN LAKE AVENUE,15,Terrace House,NA,"4,050",140 - 150,"1,500 - 1,600",Jul 2021
OPERA ESTATE,TOSCA STREET,15,Semi-Detached House,NA,"6,800",370 - 380,"4,000 - 4,100",Aug 2021
OPERA ESTATE,DAFNE STREET,15,Terrace House,NA,"2,800",120 - 130,"1,300 - 1,400",Aug 2021
OPERA ESTATE,JALAN KHAIRUDDIN,15,Semi-Detached House,NA,"3,000",260 - 270,"2,800 - 2,900",Aug 2021
OPERA ESTATE,JALAN KHAIRUDDIN,15,Semi-Detached House,NA,"3,600",260 - 270,"2,700 - 2,800",Aug 2021
OPERA ESTATE,DAFNE STREET,15,Terrace House,NA,"2,300",110 - 120,"1,200 - 1,300",Sep 2021
OPERA ESTATE,CARMEN STREET,15,Terrace House,NA,"4,300",240 - 250,"2,600 - 2,700",Sep 2021
OPERA ESTATE,FIDELIO STREET,15,Terrace House,NA,"2,500",170 - 180,"1,800 - 1,900",Aug 2021
OPERA ESTATE,SWAN LAKE AVENUE,15,Non-landed Properties,NA,"3,500",70 - 80,800 - 900,Sep 2021
OPERA ESTATE,MARIA AVENUE,15,Terrace House,NA,"4,000",160 - 170,"1,800 - 1,900",Oct 2021
OPERA ESTATE,FIGARO STREET,15,Non-landed Properties,NA,"2,600",80 - 90,"900 - 1,000",Oct 2021
OPERA ESTATE,JALAN BANGSAWAN,15,Terrace House,NA,"3,500",230 - 240,"2,500 - 2,600",Nov 2021
OPERA ESTATE,METROPOLE DRIVE,15,Terrace House,NA,"6,600",160 - 170,"1,700 - 1,800",Nov 2021
OPERA ESTATE,FIDELIO STREET,15,Terrace House,NA,"4,600",260 - 270,"2,800 - 2,900",Nov 2021
OPTIMA @ TANAH MERAH,TANAH MERAH KECHIL AVENUE,16,Non-landed Properties,2,"2,900",80 - 90,"900 - 1,000",Jan 2021
OPTIMA @ TANAH MERAH,TANAH MERAH KECHIL AVENUE,16,Non-landed Properties,3,"4,250",120 - 130,"1,300 - 1,400",Jan 2021
OPTIMA @ TANAH MERAH,TANAH MERAH KECHIL AVENUE,16,Non-landed Properties,3,"3,400",110 - 120,"1,100 - 1,200",Jan 2021
OPTIMA @ TANAH MERAH,TANAH MERAH KECHIL AVENUE,16,Non-landed Properties,2,"2,800",90 - 100,"1,000 - 1,100",Jan 2021
OPTIMA @ TANAH MERAH,TANAH MERAH KECHIL AVENUE,16,Non-landed Properties,2,"2,900",100 - 110,"1,100 - 1,200",Jan 2021
OPTIMA @ TANAH MERAH,TANAH MERAH KECHIL AVENUE,16,Non-landed Properties,2,"3,100",90 - 100,"1,000 - 1,100",Jan 2021
OPTIMA @ TANAH MERAH,TANAH MERAH KECHIL AVENUE,16,Non-landed Properties,2,"2,600",90 - 100,"900 - 1,000",Jan 2021
OPTIMA @ TANAH MERAH,TANAH MERAH KECHIL AVENUE,16,Non-landed Properties,2,"2,950",80 - 90,"900 - 1,000",Jan 2021
OPTIMA @ TANAH MERAH,TANAH MERAH KECHIL AVENUE,16,Non-landed Properties,2,"2,800",80 - 90,800 - 900,Jan 2021
OPTIMA @ TANAH MERAH,TANAH MERAH KECHIL AVENUE,16,Non-landed Properties,2,"2,750",70 - 80,800 - 900,Jan 2021
OPTIMA @ TANAH MERAH,TANAH MERAH KECHIL AVENUE,16,Non-landed Properties,3,"3,500",110 - 120,"1,100 - 1,200",Feb 2021
OPTIMA @ TANAH MERAH,TANAH MERAH KECHIL AVENUE,16,Non-landed Properties,2,"2,350",60 - 70,600 - 700,Feb 2021
OPTIMA @ TANAH MERAH,TANAH MERAH KECHIL AVENUE,16,Non-landed Properties,2,"3,000",80 - 90,"900 - 1,000",Feb 2021
OPTIMA @ TANAH MERAH,TANAH MERAH KECHIL AVENUE,16,Non-landed Properties,3,"3,500",100 - 110,"1,100 - 1,200",Feb 2021
OPTIMA @ TANAH MERAH,TANAH MERAH KECHIL AVENUE,16,Non-landed Properties,3,"3,300",100 - 110,"1,100 - 1,200",Feb 2021
OPTIMA @ TANAH MERAH,TANAH MERAH KECHIL AVENUE,16,Non-landed Properties,1,"2,150",40 - 50,400 - 500,Feb 2021
OPTIMA @ TANAH MERAH,TANAH MERAH KECHIL AVENUE,16,Non-landed Properties,2,"3,200",70 - 80,800 - 900,Jan 2021
OPTIMA @ TANAH MERAH,TANAH MERAH KECHIL AVENUE,16,Non-landed Properties,2,"3,000",70 - 80,800 - 900,Feb 2021
OPTIMA @ TANAH MERAH,TANAH MERAH KECHIL AVENUE,16,Non-landed Properties,3,"4,200",110 - 120,"1,100 - 1,200",Feb 2021
OPTIMA @ TANAH MERAH,TANAH MERAH KECHIL AVENUE,16,Non-landed Properties,3,"3,400",100 - 110,"1,100 - 1,200",Feb 2021
OPTIMA @ TANAH MERAH,TANAH MERAH KECHIL AVENUE,16,Non-landed Properties,1,"2,200",40 - 50,400 - 500,Jan 2021
OPTIMA @ TANAH MERAH,TANAH MERAH KECHIL AVENUE,16,Non-landed Properties,2,"3,000",90 - 100,"900 - 1,000",Feb 2021
OPTIMA @ TANAH MERAH,TANAH MERAH KECHIL AVENUE,16,Non-landed Properties,2,"2,800",80 - 90,800 - 900,Mar 2021
OPTIMA @ TANAH MERAH,TANAH MERAH KECHIL AVENUE,16,Non-landed Properties,3,"4,800",180 - 190,"1,900 - 2,000",Mar 2021
OPTIMA @ TANAH MERAH,TANAH MERAH KECHIL AVENUE,16,Non-landed Properties,2,"2,700",90 - 100,"1,000 - 1,100",Mar 2021
OPTIMA @ TANAH MERAH,TANAH MERAH KECHIL AVENUE,16,Non-landed Properties,1,"2,200",40 - 50,500 - 600,Mar 2021
OPTIMA @ TANAH MERAH,TANAH MERAH KECHIL AVENUE,16,Non-landed Properties,1,"2,100",40 - 50,400 - 500,Mar 2021
OPTIMA @ TANAH MERAH,TANAH MERAH KECHIL AVENUE,16,Non-landed Properties,2,"2,900",70 - 80,800 - 900,Mar 2021
OPTIMA @ TANAH MERAH,TANAH MERAH KECHIL AVENUE,16,Non-landed Properties,1,"2,000",40 - 50,400 - 500,Mar 2021
OPTIMA @ TANAH MERAH,TANAH MERAH KECHIL AVENUE,16,Non-landed Properties,2,"2,600",80 - 90,"900 - 1,000",Mar 2021
OPTIMA @ TANAH MERAH,TANAH MERAH KECHIL AVENUE,16,Non-landed Properties,2,"2,800",70 - 80,800 - 900,Mar 2021
OPTIMA @ TANAH MERAH,TANAH MERAH KECHIL AVENUE,16,Non-landed Properties,2,"3,000",80 - 90,"900 - 1,000",Mar 2021
OPTIMA @ TANAH MERAH,TANAH MERAH KECHIL AVENUE,16,Non-landed Properties,2,"2,800",80 - 90,800 - 900,Mar 2021
OPTIMA @ TANAH MERAH,TANAH MERAH KECHIL AVENUE,16,Non-landed Properties,3,"5,600",200 - 210,"2,100 - 2,200",Mar 2021
OPTIMA @ TANAH MERAH,TANAH MERAH KECHIL AVENUE,16,Non-landed Properties,2,"2,750",70 - 80,800 - 900,Mar 2021
OPTIMA @ TANAH MERAH,TANAH MERAH KECHIL AVENUE,16,Non-landed Properties,3,"3,700",110 - 120,"1,100 - 1,200",Mar 2021
OPTIMA @ TANAH MERAH,TANAH MERAH KECHIL AVENUE,16,Non-landed Properties,1,"2,050",40 - 50,400 - 500,Apr 2021
OPTIMA @ TANAH MERAH,TANAH MERAH KECHIL AVENUE,16,Non-landed Properties,3,"4,500",120 - 130,"1,300 - 1,400",Apr 2021
OPTIMA @ TANAH MERAH,TANAH MERAH KECHIL AVENUE,16,Non-landed Properties,2,"2,900",80 - 90,"900 - 1,000",Apr 2021
OPTIMA @ TANAH MERAH,TANAH MERAH KECHIL AVENUE,16,Non-landed Properties,1,"2,250",40 - 50,400 - 500,Apr 2021
OPTIMA @ TANAH MERAH,TANAH MERAH KECHIL AVENUE,16,Non-landed Properties,2,"2,600",80 - 90,800 - 900,Apr 2021
OPTIMA @ TANAH MERAH,TANAH MERAH KECHIL AVENUE,16,Non-landed Properties,2,"3,000",80 - 90,"900 - 1,000",May 2021
OPTIMA @ TANAH MERAH,TANAH MERAH KECHIL AVENUE,16,Non-landed Properties,1,"2,000",40 - 50,500 - 600,May 2021
OPTIMA @ TANAH MERAH,TANAH MERAH KECHIL AVENUE,16,Non-landed Properties,2,"4,350",150 - 160,"1,600 - 1,700",May 2021
OPTIMA @ TANAH MERAH,TANAH MERAH KECHIL AVENUE,16,Non-landed Properties,2,"3,000",80 - 90,"900 - 1,000",May 2021
OPTIMA @ TANAH MERAH,TANAH MERAH KECHIL AVENUE,16,Non-landed Properties,2,"3,200",90 - 100,"1,000 - 1,100",May 2021
OPTIMA @ TANAH MERAH,TANAH MERAH KECHIL AVENUE,16,Non-landed Properties,1,"2,200",40 - 50,500 - 600,May 2021
OPTIMA @ TANAH MERAH,TANAH MERAH KECHIL AVENUE,16,Non-landed Properties,2,"3,000",60 - 70,600 - 700,May 2021
OPTIMA @ TANAH MERAH,TANAH MERAH KECHIL AVENUE,16,Non-landed Properties,2,"3,100",70 - 80,800 - 900,May 2021
OPTIMA @ TANAH MERAH,TANAH MERAH KECHIL AVENUE,16,Non-landed Properties,2,"3,000",90 - 100,"900 - 1,000",May 2021
OPTIMA @ TANAH MERAH,TANAH MERAH KECHIL AVENUE,16,Non-landed Properties,3,"4,000",120 - 130,"1,300 - 1,400",May 2021
OPTIMA @ TANAH MERAH,TANAH MERAH KECHIL AVENUE,16,Non-landed Properties,4,"4,500",130 - 140,"1,400 - 1,500",May 2021
OPTIMA @ TANAH MERAH,TANAH MERAH KECHIL AVENUE,16,Non-landed Properties,1,"2,250",70 - 80,700 - 800,May 2021
OPTIMA @ TANAH MERAH,TANAH MERAH KECHIL AVENUE,16,Non-landed Properties,3,"3,200",100 - 110,"1,100 - 1,200",Jun 2021
OPTIMA @ TANAH MERAH,TANAH MERAH KECHIL AVENUE,16,Non-landed Properties,3,"3,600",120 - 130,"1,300 - 1,400",Jun 2021
OPTIMA @ TANAH MERAH,TANAH MERAH KECHIL AVENUE,16,Non-landed Properties,3,"3,650",110 - 120,"1,100 - 1,200",Jun 2021
OPTIMA @ TANAH MERAH,TANAH MERAH KECHIL AVENUE,16,Non-landed Properties,2,"3,100",90 - 100,"1,000 - 1,100",Jun 2021
OPTIMA @ TANAH MERAH,TANAH MERAH KECHIL AVENUE,16,Non-landed Properties,1,"2,200",50 - 60,500 - 600,Jun 2021
OPTIMA @ TANAH MERAH,TANAH MERAH KECHIL AVENUE,16,Non-landed Properties,2,"3,100",80 - 90,"900 - 1,000",Jun 2021
OPTIMA @ TANAH MERAH,TANAH MERAH KECHIL AVENUE,16,Non-landed Properties,1,"2,000",40 - 50,400 - 500,Jul 2021
OPTIMA @ TANAH MERAH,TANAH MERAH KECHIL AVENUE,16,Non-landed Properties,2,"3,000",70 - 80,800 - 900,Jul 2021
OPTIMA @ TANAH MERAH,TANAH MERAH KECHIL AVENUE,16,Non-landed Properties,2,"2,800",90 - 100,"900 - 1,000",Jul 2021
OPTIMA @ TANAH MERAH,TANAH MERAH KECHIL AVENUE,16,Non-landed Properties,2,"2,700",90 - 100,"900 - 1,000",Jul 2021
OPTIMA @ TANAH MERAH,TANAH MERAH KECHIL AVENUE,16,Non-landed Properties,2,"2,800",90 - 100,"1,000 - 1,100",Jul 2021
OPTIMA @ TANAH MERAH,TANAH MERAH KECHIL AVENUE,16,Non-landed Properties,2,"2,500",80 - 90,800 - 900,Jul 2021
OPTIMA @ TANAH MERAH,TANAH MERAH KECHIL AVENUE,16,Non-landed Properties,1,"2,200",40 - 50,400 - 500,Jul 2021
OPTIMA @ TANAH MERAH,TANAH MERAH KECHIL AVENUE,16,Non-landed Properties,2,"2,800",70 - 80,800 - 900,Jul 2021
OPTIMA @ TANAH MERAH,TANAH MERAH KECHIL AVENUE,16,Non-landed Properties,2,"3,000",90 - 100,"900 - 1,000",Jul 2021
OPTIMA @ TANAH MERAH,TANAH MERAH KECHIL AVENUE,16,Non-landed Properties,3,"3,500",120 - 130,"1,300 - 1,400",Jul 2021
OPTIMA @ TANAH MERAH,TANAH MERAH KECHIL AVENUE,16,Non-landed Properties,1,"2,200",40 - 50,400 - 500,Jul 2021
OPTIMA @ TANAH MERAH,TANAH MERAH KECHIL AVENUE,16,Non-landed Properties,2,"2,800",70 - 80,800 - 900,Jul 2021
OPTIMA @ TANAH MERAH,TANAH MERAH KECHIL AVENUE,16,Non-landed Properties,1,"2,200",40 - 50,500 - 600,Jul 2021
OPTIMA @ TANAH MERAH,TANAH MERAH KECHIL AVENUE,16,Non-landed Properties,2,"2,600",90 - 100,"900 - 1,000",Jul 2021
OPTIMA @ TANAH MERAH,TANAH MERAH KECHIL AVENUE,16,Non-landed Properties,1,"1,950",40 - 50,500 - 600,Aug 2021
OPTIMA @ TANAH MERAH,TANAH MERAH KECHIL AVENUE,16,Non-landed Properties,2,"2,650",70 - 80,800 - 900,Aug 2021
OPTIMA @ TANAH MERAH,TANAH MERAH KECHIL AVENUE,16,Non-landed Properties,1,"2,000",40 - 50,400 - 500,Aug 2021
OPTIMA @ TANAH MERAH,TANAH MERAH KECHIL AVENUE,16,Non-landed Properties,1,"2,100",40 - 50,400 - 500,Aug 2021
OPTIMA @ TANAH MERAH,TANAH MERAH KECHIL AVENUE,16,Non-landed Properties,2,"3,200",120 - 130,"1,300 - 1,400",Aug 2021
OPTIMA @ TANAH MERAH,TANAH MERAH KECHIL AVENUE,16,Non-landed Properties,2,"2,700",70 - 80,800 - 900,Aug 2021
OPTIMA @ TANAH MERAH,TANAH MERAH KECHIL AVENUE,16,Non-landed Properties,2,"2,950",80 - 90,800 - 900,Aug 2021
OPTIMA @ TANAH MERAH,TANAH MERAH KECHIL AVENUE,16,Non-landed Properties,1,"2,050",40 - 50,400 - 500,Aug 2021
OPTIMA @ TANAH MERAH,TANAH MERAH KECHIL AVENUE,16,Non-landed Properties,2,"3,000",80 - 90,"900 - 1,000",Aug 2021
OPTIMA @ TANAH MERAH,TANAH MERAH KECHIL AVENUE,16,Non-landed Properties,2,"3,000",80 - 90,800 - 900,Aug 2021
OPTIMA @ TANAH MERAH,TANAH MERAH KECHIL AVENUE,16,Non-landed Properties,1,"2,000",40 - 50,400 - 500,Sep 2021
OPTIMA @ TANAH MERAH,TANAH MERAH KECHIL AVENUE,16,Non-landed Properties,2,"3,100",70 - 80,800 - 900,Sep 2021
OPTIMA @ TANAH MERAH,TANAH MERAH KECHIL AVENUE,16,Non-landed Properties,4,"4,400",140 - 150,"1,500 - 1,600",Sep 2021
OPTIMA @ TANAH MERAH,TANAH MERAH KECHIL AVENUE,16,Non-landed Properties,2,"2,900",70 - 80,800 - 900,Sep 2021
OPTIMA @ TANAH MERAH,TANAH MERAH KECHIL AVENUE,16,Non-landed Properties,2,"2,900",70 - 80,800 - 900,Sep 2021
OPTIMA @ TANAH MERAH,TANAH MERAH KECHIL AVENUE,16,Non-landed Properties,3,"3,500",110 - 120,"1,100 - 1,200",Sep 2021
OPTIMA @ TANAH MERAH,TANAH MERAH KECHIL AVENUE,16,Non-landed Properties,1,"2,100",40 - 50,400 - 500,Sep 2021
OPTIMA @ TANAH MERAH,TANAH MERAH KECHIL AVENUE,16,Non-landed Properties,2,"3,000",80 - 90,"900 - 1,000",Sep 2021
OPTIMA @ TANAH MERAH,TANAH MERAH KECHIL AVENUE,16,Non-landed Properties,1,"2,000",40 - 50,400 - 500,Oct 2021
OPTIMA @ TANAH MERAH,TANAH MERAH KECHIL AVENUE,16,Non-landed Properties,3,"3,200",110 - 120,"1,100 - 1,200",Oct 2021
OPTIMA @ TANAH MERAH,TANAH MERAH KECHIL AVENUE,16,Non-landed Properties,2,"2,800",80 - 90,"900 - 1,000",Oct 2021
OPTIMA @ TANAH MERAH,TANAH MERAH KECHIL AVENUE,16,Non-landed Properties,3,"3,700",110 - 120,"1,200 - 1,300",Oct 2021
OPTIMA @ TANAH MERAH,TANAH MERAH KECHIL AVENUE,16,Non-landed Properties,3,"4,400",110 - 120,"1,200 - 1,300",Oct 2021
OPTIMA @ TANAH MERAH,TANAH MERAH KECHIL AVENUE,16,Non-landed Properties,3,"3,550",120 - 130,"1,300 - 1,400",Oct 2021
OPTIMA @ TANAH MERAH,TANAH MERAH KECHIL AVENUE,16,Non-landed Properties,2,"2,800",70 - 80,800 - 900,Nov 2021
OPTIMA @ TANAH MERAH,TANAH MERAH KECHIL AVENUE,16,Non-landed Properties,2,"3,000",90 - 100,"1,000 - 1,100",Nov 2021
OPTIMA @ TANAH MERAH,TANAH MERAH KECHIL AVENUE,16,Non-landed Properties,2,"2,700",80 - 90,800 - 900,Nov 2021
OPTIMA @ TANAH MERAH,TANAH MERAH KECHIL AVENUE,16,Non-landed Properties,2,"3,000",60 - 70,600 - 700,Nov 2021
OPTIMA @ TANAH MERAH,TANAH MERAH KECHIL AVENUE,16,Non-landed Properties,2,"2,800",70 - 80,800 - 900,Oct 2021
OPTIMA @ TANAH MERAH,TANAH MERAH KECHIL AVENUE,16,Non-landed Properties,3,"3,200",110 - 120,"1,100 - 1,200",Nov 2021
OPTIMA @ TANAH MERAH,TANAH MERAH KECHIL AVENUE,16,Non-landed Properties,3,"3,900",120 - 130,"1,300 - 1,400",Nov 2021
OPTIMA @ TANAH MERAH,TANAH MERAH KECHIL AVENUE,16,Non-landed Properties,2,"3,200",90 - 100,"1,000 - 1,100",Oct 2021
OPTIMA @ TANAH MERAH,TANAH MERAH KECHIL AVENUE,16,Non-landed Properties,2,"2,800",70 - 80,800 - 900,Nov 2021
OPTIMA @ TANAH MERAH,TANAH MERAH KECHIL AVENUE,16,Non-landed Properties,2,"3,200",80 - 90,"900 - 1,000",Nov 2021
ORANGE GROVE RESIDENCES,ORANGE GROVE ROAD,10,Non-landed Properties,4,"8,500",210 - 220,"2,200 - 2,300",Jan 2021
ORANGE GROVE RESIDENCES,ORANGE GROVE ROAD,10,Non-landed Properties,3,"9,700",170 - 180,"1,900 - 2,000",Jan 2021
ORANGE GROVE RESIDENCES,ORANGE GROVE ROAD,10,Non-landed Properties,1,"3,650",90 - 100,"1,000 - 1,100",Mar 2021
ORANGE GROVE RESIDENCES,ORANGE GROVE ROAD,10,Non-landed Properties,NA,"9,400",290 - 300,"3,100 - 3,200",Feb 2021
ORANGE GROVE RESIDENCES,ORANGE GROVE ROAD,10,Non-landed Properties,4,"12,000",340 - 350,"3,600 - 3,700",May 2021
ORANGE GROVE RESIDENCES,ORANGE GROVE ROAD,10,Non-landed Properties,NA,"10,500",290 - 300,"3,100 - 3,200",May 2021
ORANGE GROVE RESIDENCES,ORANGE GROVE ROAD,10,Non-landed Properties,4,"7,300",220 - 230,"2,300 - 2,400",Jun 2021
ORANGE GROVE RESIDENCES,ORANGE GROVE ROAD,10,Non-landed Properties,4,"8,000",220 - 230,"2,300 - 2,400",Jul 2021
ORANGE GROVE RESIDENCES,ORANGE GROVE ROAD,10,Non-landed Properties,4,"9,200",200 - 210,"2,200 - 2,300",Jul 2021
ORANGE GROVE RESIDENCES,ORANGE GROVE ROAD,10,Non-landed Properties,4,"9,000",220 - 230,"2,300 - 2,400",Jul 2021
ORANGE GROVE RESIDENCES,ORANGE GROVE ROAD,10,Non-landed Properties,4,"11,500",340 - 350,"3,600 - 3,700",Aug 2021
ORANGE GROVE RESIDENCES,ORANGE GROVE ROAD,10,Non-landed Properties,4,"6,800",220 - 230,"2,300 - 2,400",Aug 2021
ORANGE GROVE RESIDENCES,ORANGE GROVE ROAD,10,Non-landed Properties,4,"8,200",220 - 230,"2,400 - 2,500",Aug 2021
ORANGE GROVE RESIDENCES,ORANGE GROVE ROAD,10,Non-landed Properties,4,"9,500",220 - 230,"2,300 - 2,400",Aug 2021
ORANGE GROVE RESIDENCES,ORANGE GROVE ROAD,10,Non-landed Properties,4,"8,000",220 - 230,"2,400 - 2,500",Aug 2021
ORANGE GROVE RESIDENCES,ORANGE GROVE ROAD,10,Non-landed Properties,4,"12,000",360 - 370,"3,900 - 4,000",Sep 2021
ORANGE GROVE RESIDENCES,ORANGE GROVE ROAD,10,Non-landed Properties,4,"8,300",220 - 230,"2,300 - 2,400",Sep 2021
ORANGE GROVE RESIDENCES,ORANGE GROVE ROAD,10,Non-landed Properties,4,"9,000",220 - 230,"2,300 - 2,400",Sep 2021
ORANGE GROVE RESIDENCES,ORANGE GROVE ROAD,10,Non-landed Properties,4,"8,000",220 - 230,"2,300 - 2,400",Sep 2021
ORANGE GROVE RESIDENCES,ORANGE GROVE ROAD,10,Non-landed Properties,3,"7,800",170 - 180,"1,900 - 2,000",Sep 2021
ORANGE GROVE RESIDENCES,ORANGE GROVE ROAD,10,Non-landed Properties,4,"7,100",220 - 230,"2,300 - 2,400",Oct 2021
ORANGE GROVE RESIDENCES,ORANGE GROVE ROAD,10,Non-landed Properties,NA,"9,400",290 - 300,"3,100 - 3,200",Oct 2021
ORANGE GROVE RESIDENCES,ORANGE GROVE ROAD,10,Non-landed Properties,3,"6,500",180 - 190,"1,900 - 2,000",Oct 2021
ORANGE GROVE RESIDENCES,ORANGE GROVE ROAD,10,Non-landed Properties,3,"8,999",180 - 190,"2,000 - 2,100",Oct 2021
ORANGE GROVE RESIDENCES,ORANGE GROVE ROAD,10,Non-landed Properties,4,"10,600",220 - 230,"2,300 - 2,400",Nov 2021
ORANGE REGENCY,FERNHILL ROAD,10,Non-landed Properties,NA,"5,956",150 - 160,"1,600 - 1,700",Jan 2021
ORANGE REGENCY,FERNHILL ROAD,10,Non-landed Properties,NA,"6,236",150 - 160,"1,600 - 1,700",Jan 2021
ORANGE REGENCY,FERNHILL ROAD,10,Non-landed Properties,NA,"6,517",150 - 160,"1,600 - 1,700",Mar 2021
ORANGE REGENCY,FERNHILL ROAD,10,Non-landed Properties,NA,"6,236",150 - 160,"1,600 - 1,700",Mar 2021
ORANGE REGENCY,FERNHILL ROAD,10,Non-landed Properties,NA,"6,330",150 - 160,"1,600 - 1,700",Apr 2021
ORANGE REGENCY,FERNHILL ROAD,10,Non-landed Properties,NA,"6,704",150 - 160,"1,600 - 1,700",Apr 2021
ORANGE REGENCY,FERNHILL ROAD,10,Non-landed Properties,NA,"6,917",160 - 170,"1,800 - 1,900",May 2021
ORANGE REGENCY,FERNHILL ROAD,10,Non-landed Properties,NA,"6,330",150 - 160,"1,600 - 1,700",Jul 2021
ORANGE REGENCY,FERNHILL ROAD,10,Non-landed Properties,NA,"6,610",150 - 160,"1,600 - 1,700",Aug 2021
ORANGE REGENCY,FERNHILL ROAD,10,Non-landed Properties,NA,"6,545",150 - 160,"1,600 - 1,700",Aug 2021
ORANGE REGENCY,FERNHILL ROAD,10,Non-landed Properties,NA,"6,797",150 - 160,"1,600 - 1,700",Oct 2021
ORANGE REGENCY,FERNHILL ROAD,10,Non-landed Properties,NA,"6,050",150 - 160,"1,600 - 1,700",Nov 2021
ORANGE REGENCY,FERNHILL ROAD,10,Non-landed Properties,NA,"6,236",140 - 150,"1,500 - 1,600",Nov 2021
ORCHARD BEL AIR,ORCHARD BOULEVARD,10,Non-landed Properties,NA,"6,000",300 - 310,"3,200 - 3,300",Jan 2021
ORCHARD BEL AIR,ORCHARD BOULEVARD,10,Non-landed Properties,NA,"9,000",300 - 310,"3,200 - 3,300",Feb 2021
ORCHARD BEL AIR,ORCHARD BOULEVARD,10,Non-landed Properties,NA,"7,200",300 - 310,"3,200 - 3,300",Jan 2021
ORCHARD BEL AIR,ORCHARD BOULEVARD,10,Non-landed Properties,NA,"7,380",300 - 310,"3,200 - 3,300",Apr 2021
ORCHARD BEL AIR,ORCHARD BOULEVARD,10,Non-landed Properties,NA,"7,000",290 - 300,"3,200 - 3,300",May 2021
ORCHARD BEL AIR,ORCHARD BOULEVARD,10,Non-landed Properties,NA,"8,500",300 - 310,"3,200 - 3,300",May 2021
ORCHARD BEL AIR,ORCHARD BOULEVARD,10,Non-landed Properties,NA,"6,000",300 - 310,"3,200 - 3,300",Jun 2021
ORCHARD BEL AIR,ORCHARD BOULEVARD,10,Non-landed Properties,NA,"7,500",300 - 310,"3,200 - 3,300",Jul 2021
ORCHARD BEL AIR,ORCHARD BOULEVARD,10,Non-landed Properties,NA,"8,800",300 - 310,"3,200 - 3,300",Aug 2021
ORCHARD BEL AIR,ORCHARD BOULEVARD,10,Non-landed Properties,NA,"6,500",300 - 310,"3,200 - 3,300",Aug 2021
ORCHARD BEL AIR,ORCHARD BOULEVARD,10,Non-landed Properties,NA,"7,500",290 - 300,"3,200 - 3,300",Aug 2021
ORCHARD BEL AIR,ORCHARD BOULEVARD,10,Non-landed Properties,NA,"9,500",300 - 310,"3,200 - 3,300",Aug 2021
ORCHARD BEL AIR,ORCHARD BOULEVARD,10,Non-landed Properties,NA,"7,900",300 - 310,"3,200 - 3,300",Sep 2021
ORCHARD BEL AIR,ORCHARD BOULEVARD,10,Non-landed Properties,NA,"7,800",290 - 300,"3,200 - 3,300",Nov 2021
ORCHARD BEL AIR,ORCHARD BOULEVARD,10,Non-landed Properties,NA,"8,500",300 - 310,"3,200 - 3,300",Nov 2021
ORCHARD COURT,OXLEY ROAD,09,Non-landed Properties,2,"4,000",130 - 140,"1,400 - 1,500",Jan 2021
ORCHARD COURT,OXLEY ROAD,09,Non-landed Properties,2,"3,300",130 - 140,"1,400 - 1,500",Jan 2021
ORCHARD COURT,OXLEY ROAD,09,Non-landed Properties,2,"3,800",130 - 140,"1,400 - 1,500",Feb 2021
ORCHARD COURT,OXLEY ROAD,09,Non-landed Properties,2,"4,200",130 - 140,"1,400 - 1,500",Mar 2021
ORCHARD COURT,OXLEY ROAD,09,Non-landed Properties,2,"4,300",130 - 140,"1,400 - 1,500",May 2021
ORCHARD COURT,OXLEY ROAD,09,Non-landed Properties,2,"3,600",130 - 140,"1,400 - 1,500",Jun 2021
ORCHARD COURT,OXLEY ROAD,09,Non-landed Properties,2,"4,100",130 - 140,"1,400 - 1,500",Jun 2021
ORCHARD COURT,OXLEY ROAD,09,Non-landed Properties,2,"4,000",130 - 140,"1,400 - 1,500",Jul 2021
ORCHARD COURT,OXLEY ROAD,09,Non-landed Properties,2,"4,700",130 - 140,"1,400 - 1,500",Oct 2021
ORCHARD COURT,OXLEY ROAD,09,Non-landed Properties,2,"4,100",130 - 140,"1,400 - 1,500",Oct 2021
ORCHARD COURT,OXLEY ROAD,09,Non-landed Properties,2,"4,600",130 - 140,"1,400 - 1,500",Nov 2021
ORCHARD SCOTTS,ANTHONY ROAD,09,Non-landed Properties,3,"5,000",170 - 180,"1,800 - 1,900",Jan 2021
ORCHARD SCOTTS,ANTHONY ROAD,09,Non-landed Properties,3,"7,720",150 - 160,"1,600 - 1,700",Jan 2021
ORCHARD SCOTTS,ANTHONY ROAD,09,Non-landed Properties,4,"11,842",200 - 210,"2,200 - 2,300",Jan 2021
ORCHARD SCOTTS,ANTHONY ROAD,09,Non-landed Properties,4,"10,068",230 - 240,"2,500 - 2,600",Jan 2021
ORCHARD SCOTTS,ANTHONY ROAD,09,Non-landed Properties,2,"4,800",80 - 90,"900 - 1,000",Jan 2021
ORCHARD SCOTTS,ANTHONY ROAD,09,Non-landed Properties,4,"8,800",210 - 220,"2,200 - 2,300",Feb 2021
ORCHARD SCOTTS,ANTHONY ROAD,09,Non-landed Properties,4,"10,068",230 - 240,"2,400 - 2,500",Feb 2021
ORCHARD SCOTTS,ANTHONY ROAD,09,Non-landed Properties,NA,"9,500",210 - 220,"2,300 - 2,400",Feb 2021
ORCHARD SCOTTS,ANTHONY ROAD,09,Non-landed Properties,3,"6,900",160 - 170,"1,700 - 1,800",Feb 2021
ORCHARD SCOTTS,ANTHONY ROAD,09,Non-landed Properties,4,"8,000",210 - 220,"2,200 - 2,300",Feb 2021
ORCHARD SCOTTS,ANTHONY ROAD,09,Non-landed Properties,3,"7,720",150 - 160,"1,600 - 1,700",Feb 2021
ORCHARD SCOTTS,ANTHONY ROAD,09,Non-landed Properties,3,"8,281",150 - 160,"1,600 - 1,700",Jan 2021
ORCHARD SCOTTS,ANTHONY ROAD,09,Non-landed Properties,3,"7,627",150 - 160,"1,600 - 1,700",Mar 2021
ORCHARD SCOTTS,ANTHONY ROAD,09,Non-landed Properties,NA,"9,161",200 - 210,"2,200 - 2,300",Mar 2021
ORCHARD SCOTTS,ANTHONY ROAD,09,Non-landed Properties,4,"9,974",230 - 240,"2,400 - 2,500",Mar 2021
ORCHARD SCOTTS,ANTHONY ROAD,09,Non-landed Properties,3,"6,200",150 - 160,"1,600 - 1,700",Jan 2021
ORCHARD SCOTTS,ANTHONY ROAD,09,Non-landed Properties,4,"12,134",330 - 340,"3,500 - 3,600",Mar 2021
ORCHARD SCOTTS,ANTHONY ROAD,09,Non-landed Properties,4,"10,627",200 - 210,"2,200 - 2,300",Feb 2021
ORCHARD SCOTTS,ANTHONY ROAD,09,Non-landed Properties,4,"10,722",230 - 240,"2,500 - 2,600",Mar 2021
ORCHARD SCOTTS,ANTHONY ROAD,09,Non-landed Properties,2,"4,300",90 - 100,"1,000 - 1,100",Mar 2021
ORCHARD SCOTTS,ANTHONY ROAD,09,Non-landed Properties,4,"11,096",230 - 240,"2,400 - 2,500",Mar 2021
ORCHARD SCOTTS,ANTHONY ROAD,09,Non-landed Properties,4,"8,200",200 - 210,"2,200 - 2,300",Feb 2021
ORCHARD SCOTTS,ANTHONY ROAD,09,Non-landed Properties,4,"10,348",230 - 240,"2,500 - 2,600",Apr 2021
ORCHARD SCOTTS,ANTHONY ROAD,09,Non-landed Properties,3,"8,094",150 - 160,"1,600 - 1,700",Apr 2021
ORCHARD SCOTTS,ANTHONY ROAD,09,Non-landed Properties,4,"8,500",210 - 220,"2,200 - 2,300",Mar 2021
ORCHARD SCOTTS,ANTHONY ROAD,09,Non-landed Properties,3,"6,500",150 - 160,"1,600 - 1,700",Apr 2021
ORCHARD SCOTTS,ANTHONY ROAD,09,Non-landed Properties,4,"11,842",200 - 210,"2,200 - 2,300",Apr 2021
ORCHARD SCOTTS,ANTHONY ROAD,09,Non-landed Properties,4,"10,255",230 - 240,"2,400 - 2,500",Mar 2021
ORCHARD SCOTTS,ANTHONY ROAD,09,Non-landed Properties,3,"6,700",150 - 160,"1,600 - 1,700",Apr 2021
ORCHARD SCOTTS,ANTHONY ROAD,09,Non-landed Properties,3,"7,533",150 - 160,"1,600 - 1,700",Apr 2021
ORCHARD SCOTTS,ANTHONY ROAD,09,Non-landed Properties,3,"6,300",150 - 160,"1,600 - 1,700",May 2021
ORCHARD SCOTTS,ANTHONY ROAD,09,Non-landed Properties,4,"8,400",210 - 220,"2,200 - 2,300",May 2021
ORCHARD SCOTTS,ANTHONY ROAD,09,Non-landed Properties,3,"7,580",150 - 160,"1,600 - 1,700",May 2021
ORCHARD SCOTTS,ANTHONY ROAD,09,Non-landed Properties,4,"11,375",210 - 220,"2,200 - 2,300",May 2021
ORCHARD SCOTTS,ANTHONY ROAD,09,Non-landed Properties,3,"8,141",150 - 160,"1,600 - 1,700",May 2021
ORCHARD SCOTTS,ANTHONY ROAD,09,Non-landed Properties,3,"8,215",150 - 160,"1,600 - 1,700",May 2021
ORCHARD SCOTTS,ANTHONY ROAD,09,Non-landed Properties,3,"7,814",150 - 160,"1,600 - 1,700",May 2021
ORCHARD SCOTTS,ANTHONY ROAD,09,Non-landed Properties,4,"10,068",230 - 240,"2,400 - 2,500",Jun 2021
ORCHARD SCOTTS,ANTHONY ROAD,09,Non-landed Properties,5,"20,000",410 - 420,"4,400 - 4,500",Jun 2021
ORCHARD SCOTTS,ANTHONY ROAD,09,Non-landed Properties,4,"10,000",280 - 290,"3,100 - 3,200",Jun 2021
ORCHARD SCOTTS,ANTHONY ROAD,09,Non-landed Properties,4,"9,974",230 - 240,"2,400 - 2,500",Jun 2021
ORCHARD SCOTTS,ANTHONY ROAD,09,Non-landed Properties,4,"10,545",260 - 270,"2,800 - 2,900",Jun 2021
ORCHARD SCOTTS,ANTHONY ROAD,09,Non-landed Properties,3,"9,100",200 - 210,"2,100 - 2,200",Jul 2021
ORCHARD SCOTTS,ANTHONY ROAD,09,Non-landed Properties,3,"8,000",150 - 160,"1,600 - 1,700",Jul 2021
ORCHARD SCOTTS,ANTHONY ROAD,09,Non-landed Properties,3,"7,907",150 - 160,"1,600 - 1,700",Jun 2021
ORCHARD SCOTTS,ANTHONY ROAD,09,Non-landed Properties,3,"8,400",200 - 210,"2,100 - 2,200",Jul 2021
ORCHARD SCOTTS,ANTHONY ROAD,09,Non-landed Properties,3,"8,300",190 - 200,"2,100 - 2,200",Jul 2021
ORCHARD SCOTTS,ANTHONY ROAD,09,Non-landed Properties,4,"8,000",210 - 220,"2,200 - 2,300",Jul 2021
ORCHARD SCOTTS,ANTHONY ROAD,09,Non-landed Properties,3,"12,016",190 - 200,"2,000 - 2,100",Jul 2021
ORCHARD SCOTTS,ANTHONY ROAD,09,Non-landed Properties,3,"7,814",150 - 160,"1,600 - 1,700",Aug 2021
ORCHARD SCOTTS,ANTHONY ROAD,09,Non-landed Properties,4,"10,068",230 - 240,"2,500 - 2,600",Aug 2021
ORCHARD SCOTTS,ANTHONY ROAD,09,Non-landed Properties,4,"10,600",230 - 240,"2,400 - 2,500",Aug 2021
ORCHARD SCOTTS,ANTHONY ROAD,09,Non-landed Properties,3,"8,374",150 - 160,"1,600 - 1,700",Aug 2021
ORCHARD SCOTTS,ANTHONY ROAD,09,Non-landed Properties,4,"10,535",230 - 240,"2,400 - 2,500",Aug 2021
ORCHARD SCOTTS,ANTHONY ROAD,09,Non-landed Properties,4,"10,722",230 - 240,"2,400 - 2,500",Aug 2021
ORCHARD SCOTTS,ANTHONY ROAD,09,Non-landed Properties,NA,"10,471",200 - 210,"2,200 - 2,300",Aug 2021
ORCHARD SCOTTS,ANTHONY ROAD,09,Non-landed Properties,4,"7,700",200 - 210,"2,200 - 2,300",Aug 2021
ORCHARD SCOTTS,ANTHONY ROAD,09,Non-landed Properties,NA,"8,508",260 - 270,"2,800 - 2,900",Sep 2021
ORCHARD SCOTTS,ANTHONY ROAD,09,Non-landed Properties,4,"10,535",230 - 240,"2,400 - 2,500",Sep 2021
ORCHARD SCOTTS,ANTHONY ROAD,09,Non-landed Properties,2,"4,800",80 - 90,"900 - 1,000",Sep 2021
ORCHARD SCOTTS,ANTHONY ROAD,09,Non-landed Properties,3,"9,000",190 - 200,"2,100 - 2,200",Sep 2021
ORCHARD SCOTTS,ANTHONY ROAD,09,Non-landed Properties,4,"10,348",230 - 240,"2,500 - 2,600",Sep 2021
ORCHARD SCOTTS,ANTHONY ROAD,09,Non-landed Properties,3,"7,814",150 - 160,"1,600 - 1,700",Sep 2021
ORCHARD SCOTTS,ANTHONY ROAD,09,Non-landed Properties,4,"8,600",210 - 220,"2,200 - 2,300",Sep 2021
ORCHARD SCOTTS,ANTHONY ROAD,09,Non-landed Properties,4,"11,189",230 - 240,"2,400 - 2,500",Sep 2021
ORCHARD SCOTTS,ANTHONY ROAD,09,Non-landed Properties,3,"8,748",150 - 160,"1,600 - 1,700",Sep 2021
ORCHARD SCOTTS,ANTHONY ROAD,09,Non-landed Properties,4,"12,000",230 - 240,"2,400 - 2,500",Sep 2021
ORCHARD SCOTTS,ANTHONY ROAD,09,Non-landed Properties,3,"6,300",100 - 110,"1,100 - 1,200",Sep 2021
ORCHARD SCOTTS,ANTHONY ROAD,09,Non-landed Properties,3,"10,879",240 - 250,"2,600 - 2,700",Sep 2021
ORCHARD SCOTTS,ANTHONY ROAD,09,Non-landed Properties,4,"9,000",200 - 210,"2,200 - 2,300",Sep 2021
ORCHARD SCOTTS,ANTHONY ROAD,09,Non-landed Properties,4,"11,842",200 - 210,"2,200 - 2,300",Oct 2021
ORCHARD SCOTTS,ANTHONY ROAD,09,Non-landed Properties,4,"8,000",200 - 210,"2,200 - 2,300",Oct 2021
ORCHARD SCOTTS,ANTHONY ROAD,09,Non-landed Properties,4,"10,161",230 - 240,"2,400 - 2,500",Oct 2021
ORCHARD SCOTTS,ANTHONY ROAD,09,Non-landed Properties,3,"8,100",170 - 180,"1,800 - 1,900",Oct 2021
ORCHARD SCOTTS,ANTHONY ROAD,09,Non-landed Properties,3,"8,842",150 - 160,"1,600 - 1,700",Oct 2021
ORCHARD SCOTTS,ANTHONY ROAD,09,Non-landed Properties,4,"13,162",330 - 340,"3,500 - 3,600",Oct 2021
ORCHARD SCOTTS,ANTHONY ROAD,09,Non-landed Properties,4,"9,000",210 - 220,"2,200 - 2,300",Oct 2021
ORCHARD SCOTTS,ANTHONY ROAD,09,Non-landed Properties,4,"12,788",280 - 290,"3,100 - 3,200",Nov 2021
ORCHARD SCOTTS,ANTHONY ROAD,09,Non-landed Properties,4,"14,522",310 - 320,"3,300 - 3,400",Nov 2021
ORCHARD SCOTTS,ANTHONY ROAD,09,Non-landed Properties,4,"11,189",230 - 240,"2,500 - 2,600",Nov 2021
ORCHARD SCOTTS,ANTHONY ROAD,09,Non-landed Properties,4,"10,068",230 - 240,"2,500 - 2,600",Nov 2021
ORCHARD SCOTTS,ANTHONY ROAD,09,Non-landed Properties,4,"14,055",310 - 320,"3,300 - 3,400",Nov 2021
ORCHARD TOWERS,CLAYMORE DRIVE,09,Non-landed Properties,NA,"4,300",180 - 190,"1,900 - 2,000",Jan 2021
ORCHARD TOWERS,CLAYMORE DRIVE,09,Non-landed Properties,NA,"4,050",180 - 190,"1,900 - 2,000",Jan 2021
ORCHARD TOWERS,CLAYMORE DRIVE,09,Non-landed Properties,NA,"4,500",180 - 190,"1,900 - 2,000",Feb 2021
ORCHARD TOWERS,CLAYMORE DRIVE,09,Non-landed Properties,NA,"3,900",180 - 190,"1,900 - 2,000",Mar 2021
ORCHARD TOWERS,CLAYMORE DRIVE,09,Non-landed Properties,NA,"4,000",180 - 190,"1,900 - 2,000",Mar 2021
ORCHARD TOWERS,CLAYMORE DRIVE,09,Non-landed Properties,NA,"4,150",180 - 190,"1,900 - 2,000",Mar 2021
ORCHARD TOWERS,CLAYMORE DRIVE,09,Non-landed Properties,NA,"4,580",180 - 190,"1,900 - 2,000",Mar 2021
ORCHARD TOWERS,CLAYMORE DRIVE,09,Non-landed Properties,NA,"4,000",180 - 190,"1,900 - 2,000",Mar 2021
ORCHARD TOWERS,CLAYMORE DRIVE,09,Non-landed Properties,NA,"4,700",180 - 190,"1,900 - 2,000",Apr 2021
ORCHARD TOWERS,CLAYMORE DRIVE,09,Non-landed Properties,NA,"4,700",180 - 190,"1,900 - 2,000",Apr 2021
ORCHARD TOWERS,CLAYMORE DRIVE,09,Non-landed Properties,NA,"4,000",180 - 190,"1,900 - 2,000",May 2021
ORCHARD TOWERS,CLAYMORE DRIVE,09,Non-landed Properties,NA,"4,200",180 - 190,"1,900 - 2,000",Jul 2021
ORCHARD TOWERS,CLAYMORE DRIVE,09,Non-landed Properties,NA,"4,000",180 - 190,"1,900 - 2,000",Jul 2021
ORCHARD TOWERS,CLAYMORE DRIVE,09,Non-landed Properties,NA,"4,400",180 - 190,"1,900 - 2,000",Jul 2021
ORCHARD TOWERS,CLAYMORE DRIVE,09,Non-landed Properties,NA,"3,700",180 - 190,"1,900 - 2,000",Aug 2021
ORCHARD TOWERS,CLAYMORE DRIVE,09,Non-landed Properties,NA,"5,300",180 - 190,"1,900 - 2,000",Sep 2021
ORCHARD TOWERS,CLAYMORE DRIVE,09,Non-landed Properties,NA,"4,000",180 - 190,"1,900 - 2,000",Nov 2021
ORCHARD TOWERS,CLAYMORE DRIVE,09,Non-landed Properties,NA,"3,800",180 - 190,"1,900 - 2,000",Nov 2021
ORCHARD VIEW,ANGULLIA PARK,09,Non-landed Properties,4,"11,500",230 - 240,"2,500 - 2,600",Feb 2021
ORCHARD VIEW,ANGULLIA PARK,09,Non-landed Properties,4,"10,000",230 - 240,"2,500 - 2,600",Mar 2021
ORCHARD VIEW,ANGULLIA PARK,09,Non-landed Properties,4,"10,000",230 - 240,"2,500 - 2,600",Apr 2021
ORCHARD VIEW,ANGULLIA PARK,09,Non-landed Properties,4,"12,500",230 - 240,"2,500 - 2,600",Aug 2021
ORCHARD VIEW,ANGULLIA PARK,09,Non-landed Properties,4,"10,500",230 - 240,"2,500 - 2,600",Oct 2021
ORCHID APARTMENTS,ENG NEO AVENUE,11,Non-landed Properties,NA,"2,700",120 - 130,"1,300 - 1,400",Feb 2021
ORCHID APARTMENTS,ENG NEO AVENUE,11,Non-landed Properties,NA,"2,500",120 - 130,"1,300 - 1,400",Apr 2021
ORCHID APARTMENTS,ENG NEO AVENUE,11,Non-landed Properties,NA,"2,850",120 - 130,"1,300 - 1,400",Apr 2021
ORCHID APARTMENTS,ENG NEO AVENUE,11,Non-landed Properties,NA,"3,200",120 - 130,"1,300 - 1,400",Jul 2021
ORCHID APARTMENTS,ENG NEO AVENUE,11,Non-landed Properties,NA,"3,300",120 - 130,"1,300 - 1,400",Aug 2021
ORCHID APARTMENTS,ENG NEO AVENUE,11,Non-landed Properties,NA,"2,800",120 - 130,"1,300 - 1,400",Sep 2021
ORCHID APARTMENTS,ENG NEO AVENUE,11,Non-landed Properties,NA,"3,200",130 - 140,"1,300 - 1,400",Sep 2021
ORCHID APARTMENTS,ENG NEO AVENUE,11,Non-landed Properties,NA,"2,800",120 - 130,"1,300 - 1,400",Nov 2021
ORCHID APARTMENTS,ENG NEO AVENUE,11,Non-landed Properties,NA,"2,800",120 - 130,"1,300 - 1,400",Nov 2021
ORCHID PARK CONDOMINIUM,YISHUN STREET 81,27,Non-landed Properties,2,"1,900",80 - 90,800 - 900,Jan 2021
ORCHID PARK CONDOMINIUM,YISHUN STREET 81,27,Non-landed Properties,2,"2,000",80 - 90,800 - 900,Jan 2021
ORCHID PARK CONDOMINIUM,YISHUN STREET 81,27,Non-landed Properties,2,"2,100",80 - 90,"900 - 1,000",Jan 2021
ORCHID PARK CONDOMINIUM,YISHUN STREET 81,27,Non-landed Properties,2,"2,100",80 - 90,"900 - 1,000",Jan 2021
ORCHID PARK CONDOMINIUM,YISHUN STREET 81,27,Non-landed Properties,3,"2,600",110 - 120,"1,200 - 1,300",Jan 2021
ORCHID PARK CONDOMINIUM,YISHUN STREET 81,27,Non-landed Properties,3,"2,600",110 - 120,"1,200 - 1,300",Jan 2021
ORCHID PARK CONDOMINIUM,YISHUN STREET 81,27,Non-landed Properties,3,"2,200",100 - 110,"1,100 - 1,200",Jan 2021
ORCHID PARK CONDOMINIUM,YISHUN STREET 81,27,Non-landed Properties,3,"3,100",110 - 120,"1,100 - 1,200",Jan 2021
ORCHID PARK CONDOMINIUM,YISHUN STREET 81,27,Non-landed Properties,3,"2,200",110 - 120,"1,100 - 1,200",Jan 2021
ORCHID PARK CONDOMINIUM,YISHUN STREET 81,27,Non-landed Properties,3,"2,250",110 - 120,"1,200 - 1,300",Jan 2021
ORCHID PARK CONDOMINIUM,YISHUN STREET 81,27,Non-landed Properties,2,"1,900",80 - 90,800 - 900,Jan 2021
ORCHID PARK CONDOMINIUM,YISHUN STREET 81,27,Non-landed Properties,2,"2,250",80 - 90,"900 - 1,000",Jan 2021
ORCHID PARK CONDOMINIUM,YISHUN STREET 81,27,Non-landed Properties,3,"2,350",100 - 110,"1,100 - 1,200",Feb 2021
ORCHID PARK CONDOMINIUM,YISHUN STREET 81,27,Non-landed Properties,4,"2,800",160 - 170,"1,700 - 1,800",Feb 2021
ORCHID PARK CONDOMINIUM,YISHUN STREET 81,27,Non-landed Properties,2,"2,200",80 - 90,800 - 900,Feb 2021
ORCHID PARK CONDOMINIUM,YISHUN STREET 81,27,Non-landed Properties,2,"2,300",80 - 90,"900 - 1,000",Feb 2021
ORCHID PARK CONDOMINIUM,YISHUN STREET 81,27,Non-landed Properties,2,"2,000",90 - 100,"1,000 - 1,100",Feb 2021
ORCHID PARK CONDOMINIUM,YISHUN STREET 81,27,Non-landed Properties,2,"2,000",80 - 90,"900 - 1,000",Jan 2021
ORCHID PARK CONDOMINIUM,YISHUN STREET 81,27,Non-landed Properties,2,"2,250",80 - 90,"900 - 1,000",Feb 2021
ORCHID PARK CONDOMINIUM,YISHUN STREET 81,27,Non-landed Properties,2,"2,250",80 - 90,800 - 900,Feb 2021
ORCHID PARK CONDOMINIUM,YISHUN STREET 81,27,Non-landed Properties,3,"3,100",100 - 110,"1,100 - 1,200",Feb 2021
ORCHID PARK CONDOMINIUM,YISHUN STREET 81,27,Non-landed Properties,2,"2,200",80 - 90,"900 - 1,000",Mar 2021
ORCHID PARK CONDOMINIUM,YISHUN STREET 81,27,Non-landed Properties,2,"1,950",80 - 90,"900 - 1,000",Mar 2021
ORCHID PARK CONDOMINIUM,YISHUN STREET 81,27,Non-landed Properties,2,"2,000",80 - 90,800 - 900,Mar 2021
ORCHID PARK CONDOMINIUM,YISHUN STREET 81,27,Non-landed Properties,2,"2,100",80 - 90,"900 - 1,000",Mar 2021
ORCHID PARK CONDOMINIUM,YISHUN STREET 81,27,Non-landed Properties,3,"2,500",100 - 110,"1,100 - 1,200",Mar 2021
ORCHID PARK CONDOMINIUM,YISHUN STREET 81,27,Non-landed Properties,3,"2,950",110 - 120,"1,200 - 1,300",Mar 2021
ORCHID PARK CONDOMINIUM,YISHUN STREET 81,27,Non-landed Properties,3,"2,800",110 - 120,"1,200 - 1,300",Mar 2021
ORCHID PARK CONDOMINIUM,YISHUN STREET 81,27,Non-landed Properties,3,"2,700",100 - 110,"1,100 - 1,200",Mar 2021
ORCHID PARK CONDOMINIUM,YISHUN STREET 81,27,Non-landed Properties,2,"1,800",80 - 90,"900 - 1,000",Mar 2021
ORCHID PARK CONDOMINIUM,YISHUN STREET 81,27,Non-landed Properties,3,"2,400",110 - 120,"1,100 - 1,200",Mar 2021
ORCHID PARK CONDOMINIUM,YISHUN STREET 81,27,Non-landed Properties,3,"2,500",100 - 110,"1,100 - 1,200",Apr 2021
ORCHID PARK CONDOMINIUM,YISHUN STREET 81,27,Non-landed Properties,3,"2,350",110 - 120,"1,200 - 1,300",Apr 2021
ORCHID PARK CONDOMINIUM,YISHUN STREET 81,27,Non-landed Properties,2,"1,950",80 - 90,"900 - 1,000",Apr 2021
ORCHID PARK CONDOMINIUM,YISHUN STREET 81,27,Non-landed Properties,2,"2,000",80 - 90,"900 - 1,000",Apr 2021
ORCHID PARK CONDOMINIUM,YISHUN STREET 81,27,Non-landed Properties,2,"2,100",80 - 90,"900 - 1,000",Apr 2021
ORCHID PARK CONDOMINIUM,YISHUN STREET 81,27,Non-landed Properties,2,"2,250",90 - 100,"900 - 1,000",Apr 2021
ORCHID PARK CONDOMINIUM,YISHUN STREET 81,27,Non-landed Properties,3,"2,400",100 - 110,"1,100 - 1,200",Apr 2021
ORCHID PARK CONDOMINIUM,YISHUN STREET 81,27,Non-landed Properties,3,"2,600",110 - 120,"1,100 - 1,200",Apr 2021
ORCHID PARK CONDOMINIUM,YISHUN STREET 81,27,Non-landed Properties,3,"3,000",110 - 120,"1,100 - 1,200",Apr 2021
ORCHID PARK CONDOMINIUM,YISHUN STREET 81,27,Non-landed Properties,2,"2,000",90 - 100,"900 - 1,000",Apr 2021
ORCHID PARK CONDOMINIUM,YISHUN STREET 81,27,Non-landed Properties,3,"2,500",110 - 120,"1,100 - 1,200",Mar 2021
ORCHID PARK CONDOMINIUM,YISHUN STREET 81,27,Non-landed Properties,3,"3,200",110 - 120,"1,200 - 1,300",Apr 2021
ORCHID PARK CONDOMINIUM,YISHUN STREET 81,27,Non-landed Properties,3,"2,200",110 - 120,"1,200 - 1,300",May 2021
ORCHID PARK CONDOMINIUM,YISHUN STREET 81,27,Non-landed Properties,2,"2,100",80 - 90,800 - 900,May 2021
ORCHID PARK CONDOMINIUM,YISHUN STREET 81,27,Non-landed Properties,3,"2,800",100 - 110,"1,100 - 1,200",May 2021
ORCHID PARK CONDOMINIUM,YISHUN STREET 81,27,Non-landed Properties,3,"2,500",100 - 110,"1,100 - 1,200",May 2021
ORCHID PARK CONDOMINIUM,YISHUN STREET 81,27,Non-landed Properties,3,"2,500",100 - 110,"1,100 - 1,200",May 2021
ORCHID PARK CONDOMINIUM,YISHUN STREET 81,27,Non-landed Properties,2,"2,000",80 - 90,800 - 900,May 2021
ORCHID PARK CONDOMINIUM,YISHUN STREET 81,27,Non-landed Properties,2,"2,200",80 - 90,800 - 900,May 2021
ORCHID PARK CONDOMINIUM,YISHUN STREET 81,27,Non-landed Properties,3,"2,600",110 - 120,"1,200 - 1,300",May 2021
ORCHID PARK CONDOMINIUM,YISHUN STREET 81,27,Non-landed Properties,3,"3,300",110 - 120,"1,200 - 1,300",May 2021
ORCHID PARK CONDOMINIUM,YISHUN STREET 81,27,Non-landed Properties,2,"2,100",80 - 90,"900 - 1,000",May 2021
ORCHID PARK CONDOMINIUM,YISHUN STREET 81,27,Non-landed Properties,3,"2,500",110 - 120,"1,200 - 1,300",May 2021
ORCHID PARK CONDOMINIUM,YISHUN STREET 81,27,Non-landed Properties,3,"2,400",110 - 120,"1,200 - 1,300",May 2021
ORCHID PARK CONDOMINIUM,YISHUN STREET 81,27,Non-landed Properties,2,"2,300",80 - 90,800 - 900,May 2021
ORCHID PARK CONDOMINIUM,YISHUN STREET 81,27,Non-landed Properties,3,"2,480",100 - 110,"1,100 - 1,200",May 2021
ORCHID PARK CONDOMINIUM,YISHUN STREET 81,27,Non-landed Properties,3,"2,300",110 - 120,"1,200 - 1,300",May 2021
ORCHID PARK CONDOMINIUM,YISHUN STREET 81,27,Non-landed Properties,3,"2,600",110 - 120,"1,200 - 1,300",Jun 2021
ORCHID PARK CONDOMINIUM,YISHUN STREET 81,27,Non-landed Properties,3,"2,600",110 - 120,"1,100 - 1,200",Jun 2021
ORCHID PARK CONDOMINIUM,YISHUN STREET 81,27,Non-landed Properties,3,"2,800",110 - 120,"1,100 - 1,200",Jun 2021
ORCHID PARK CONDOMINIUM,YISHUN STREET 81,27,Non-landed Properties,3,"2,900",110 - 120,"1,100 - 1,200",Jun 2021
ORCHID PARK CONDOMINIUM,YISHUN STREET 81,27,Non-landed Properties,3,"2,500",100 - 110,"1,100 - 1,200",Jun 2021
ORCHID PARK CONDOMINIUM,YISHUN STREET 81,27,Non-landed Properties,2,"2,300",80 - 90,800 - 900,Jun 2021
ORCHID PARK CONDOMINIUM,YISHUN STREET 81,27,Non-landed Properties,3,"2,300",100 - 110,"1,100 - 1,200",Jul 2021
ORCHID PARK CONDOMINIUM,YISHUN STREET 81,27,Non-landed Properties,2,"2,200",80 - 90,"900 - 1,000",Jul 2021
ORCHID PARK CONDOMINIUM,YISHUN STREET 81,27,Non-landed Properties,2,"2,100",80 - 90,"900 - 1,000",Jul 2021
ORCHID PARK CONDOMINIUM,YISHUN STREET 81,27,Non-landed Properties,3,"2,400",110 - 120,"1,100 - 1,200",Jul 2021
ORCHID PARK CONDOMINIUM,YISHUN STREET 81,27,Non-landed Properties,3,"2,750",100 - 110,"1,100 - 1,200",Jul 2021
ORCHID PARK CONDOMINIUM,YISHUN STREET 81,27,Non-landed Properties,3,"3,200",110 - 120,"1,100 - 1,200",Jul 2021
ORCHID PARK CONDOMINIUM,YISHUN STREET 81,27,Non-landed Properties,3,"2,300",100 - 110,"1,100 - 1,200",Jul 2021
ORCHID PARK CONDOMINIUM,YISHUN STREET 81,27,Non-landed Properties,3,"2,650",110 - 120,"1,200 - 1,300",Jul 2021
ORCHID PARK CONDOMINIUM,YISHUN STREET 81,27,Non-landed Properties,3,"3,100",110 - 120,"1,100 - 1,200",Jul 2021
ORCHID PARK CONDOMINIUM,YISHUN STREET 81,27,Non-landed Properties,3,"2,700",110 - 120,"1,100 - 1,200",Jul 2021
ORCHID PARK CONDOMINIUM,YISHUN STREET 81,27,Non-landed Properties,3,"2,500",110 - 120,"1,200 - 1,300",Jul 2021
ORCHID PARK CONDOMINIUM,YISHUN STREET 81,27,Non-landed Properties,2,"2,500",80 - 90,800 - 900,May 2021
ORCHID PARK CONDOMINIUM,YISHUN STREET 81,27,Non-landed Properties,3,"1,800",100 - 110,"1,100 - 1,200",Jul 2021
ORCHID PARK CONDOMINIUM,YISHUN STREET 81,27,Non-landed Properties,2,"2,200",80 - 90,"900 - 1,000",Aug 2021
ORCHID PARK CONDOMINIUM,YISHUN STREET 81,27,Non-landed Properties,2,"2,300",80 - 90,800 - 900,Aug 2021
ORCHID PARK CONDOMINIUM,YISHUN STREET 81,27,Non-landed Properties,3,"2,700",100 - 110,"1,100 - 1,200",Aug 2021
ORCHID PARK CONDOMINIUM,YISHUN STREET 81,27,Non-landed Properties,3,"3,700",110 - 120,"1,100 - 1,200",Sep 2021
ORCHID PARK CONDOMINIUM,YISHUN STREET 81,27,Non-landed Properties,3,"2,600",100 - 110,"1,100 - 1,200",Sep 2021
ORCHID PARK CONDOMINIUM,YISHUN STREET 81,27,Non-landed Properties,3,"2,900",100 - 110,"1,100 - 1,200",Sep 2021
ORCHID PARK CONDOMINIUM,YISHUN STREET 81,27,Non-landed Properties,2,"2,100",80 - 90,"900 - 1,000",Sep 2021
ORCHID PARK CONDOMINIUM,YISHUN STREET 81,27,Non-landed Properties,2,"2,200",80 - 90,"900 - 1,000",Sep 2021
ORCHID PARK CONDOMINIUM,YISHUN STREET 81,27,Non-landed Properties,3,"2,850",110 - 120,"1,100 - 1,200",Sep 2021
ORCHID PARK CONDOMINIUM,YISHUN STREET 81,27,Non-landed Properties,2,"2,100",80 - 90,"900 - 1,000",Sep 2021
ORCHID PARK CONDOMINIUM,YISHUN STREET 81,27,Non-landed Properties,3,"2,800",100 - 110,"1,100 - 1,200",Sep 2021
ORCHID PARK CONDOMINIUM,YISHUN STREET 81,27,Non-landed Properties,2,"2,100",90 - 100,"900 - 1,000",Sep 2021
ORCHID PARK CONDOMINIUM,YISHUN STREET 81,27,Non-landed Properties,3,"2,800",110 - 120,"1,100 - 1,200",Sep 2021
ORCHID PARK CONDOMINIUM,YISHUN STREET 81,27,Non-landed Properties,3,"2,600",110 - 120,"1,100 - 1,200",Sep 2021
ORCHID PARK CONDOMINIUM,YISHUN STREET 81,27,Non-landed Properties,2,"1,900",80 - 90,800 - 900,Sep 2021
ORCHID PARK CONDOMINIUM,YISHUN STREET 81,27,Non-landed Properties,3,"2,650",110 - 120,"1,200 - 1,300",Oct 2021
ORCHID PARK CONDOMINIUM,YISHUN STREET 81,27,Non-landed Properties,3,"2,580",100 - 110,"1,100 - 1,200",Oct 2021
ORCHID PARK CONDOMINIUM,YISHUN STREET 81,27,Non-landed Properties,2,"2,000",80 - 90,"900 - 1,000",Oct 2021
ORCHID PARK CONDOMINIUM,YISHUN STREET 81,27,Non-landed Properties,2,"2,050",80 - 90,800 - 900,Oct 2021
ORCHID PARK CONDOMINIUM,YISHUN STREET 81,27,Non-landed Properties,3,"2,300",100 - 110,"1,100 - 1,200",Oct 2021
ORCHID PARK CONDOMINIUM,YISHUN STREET 81,27,Non-landed Properties,2,"1,850",80 - 90,800 - 900,Oct 2021
ORCHID PARK CONDOMINIUM,YISHUN STREET 81,27,Non-landed Properties,3,"3,000",110 - 120,"1,200 - 1,300",Oct 2021
ORCHID PARK CONDOMINIUM,YISHUN STREET 81,27,Non-landed Properties,3,"2,550",110 - 120,"1,200 - 1,300",Oct 2021
ORCHID PARK CONDOMINIUM,YISHUN STREET 81,27,Non-landed Properties,3,"3,500",110 - 120,"1,200 - 1,300",Oct 2021
ORCHID PARK CONDOMINIUM,YISHUN STREET 81,27,Non-landed Properties,3,"3,500",110 - 120,"1,100 - 1,200",Oct 2021
ORCHID PARK CONDOMINIUM,YISHUN STREET 81,27,Non-landed Properties,4,"3,200",150 - 160,"1,600 - 1,700",Nov 2021
ORCHID PARK CONDOMINIUM,YISHUN STREET 81,27,Non-landed Properties,3,"2,700",100 - 110,"1,100 - 1,200",Nov 2021
ORCHID PARK CONDOMINIUM,YISHUN STREET 81,27,Non-landed Properties,3,"2,300",100 - 110,"1,100 - 1,200",Nov 2021
ORCHID PARK CONDOMINIUM,YISHUN STREET 81,27,Non-landed Properties,3,"2,550",110 - 120,"1,200 - 1,300",Oct 2021
ORCHID PARK CONDOMINIUM,YISHUN STREET 81,27,Non-landed Properties,2,"2,100",80 - 90,"900 - 1,000",Nov 2021
ORCHID PARK CONDOMINIUM,YISHUN STREET 81,27,Non-landed Properties,4,"2,600",170 - 180,"1,800 - 1,900",Nov 2021
ORCHID PARK CONDOMINIUM,YISHUN STREET 81,27,Non-landed Properties,2,"2,350",80 - 90,"900 - 1,000",Nov 2021
ORCHID PARK CONDOMINIUM,YISHUN STREET 81,27,Non-landed Properties,2,"2,600",80 - 90,800 - 900,Nov 2021
ORCHID PARK CONDOMINIUM,YISHUN STREET 81,27,Non-landed Properties,3,"2,350",110 - 120,"1,200 - 1,300",Nov 2021
ORCHID PARK CONDOMINIUM,YISHUN STREET 81,27,Non-landed Properties,3,"2,600",100 - 110,"1,100 - 1,200",Nov 2021
ORCHID PARK CONDOMINIUM,YISHUN STREET 81,27,Non-landed Properties,3,"2,600",110 - 120,"1,100 - 1,200",Nov 2021
ORCHID VILLAGE,VANDA AVENUE,11,Detached House,NA,"12,500",270 - 280,"3,000 - 3,100",Feb 2021
ORCHID VILLAGE,VANDA ROAD,11,Detached House,NA,"16,500",670 - 680,"7,200 - 7,300",Feb 2021
ORCHID VILLAGE,VANDA DRIVE,11,Semi-Detached House,NA,"6,000",340 - 350,"3,600 - 3,700",Mar 2021
ORCHID VILLAGE,VANDA DRIVE,11,Semi-Detached House,NA,"8,000",370 - 380,"4,000 - 4,100",Jun 2021
ORCHID VILLAGE,VANDA DRIVE,11,Semi-Detached House,NA,"7,500",420 - 430,"4,500 - 4,600",Jun 2021
ORCHID VILLAGE,VANDA DRIVE,11,Semi-Detached House,NA,"6,500",340 - 350,"3,600 - 3,700",Jul 2021
ORCHID VILLAGE,VANDA AVENUE,11,Detached House,NA,"13,800",750 - 760,"8,100 - 8,200",Jul 2021
ORCHID VILLAGE,VANDA ROAD,11,Semi-Detached House,NA,"8,500",360 - 370,"3,900 - 4,000",Jul 2021
ORCHID VILLAGE,VANDA CRESCENT,11,Semi-Detached House,NA,"8,700",360 - 370,"3,900 - 4,000",Aug 2021
ORCHID VILLAGE,VANDA AVENUE,11,Detached House,NA,"12,500",270 - 280,"3,000 - 3,100",Aug 2021
ORCHID VILLAGE,VANDA AVENUE,11,Detached House,NA,"15,400",730 - 740,"7,900 - 8,000",Aug 2021
ORCHID VILLAGE,VANDA ROAD,11,Semi-Detached House,NA,"7,200",330 - 340,"3,500 - 3,600",Aug 2021
ORCHID VILLAGE,VANDA DRIVE,11,Detached House,NA,"11,500",460 - 470,"5,000 - 5,100",Oct 2021
ORCHID VILLAGE,VANDA ROAD,11,Semi-Detached House,NA,"7,500",360 - 370,"3,900 - 4,000",Oct 2021
ORCHID VILLAGE,VANDA ROAD,11,Semi-Detached House,NA,"9,600",420 - 430,"4,500 - 4,600",Nov 2021
ORCHID VILLAGE,VANDA CRESCENT,11,Semi-Detached House,NA,"6,000",330 - 340,"3,500 - 3,600",Nov 2021
ORCHID VILLAGE,VANDA DRIVE,11,Semi-Detached House,NA,"10,500",340 - 350,"3,600 - 3,700",Nov 2021
ORION,ORANGE GROVE ROAD,10,Non-landed Properties,4,"5,500",160 - 170,"1,700 - 1,800",Jan 2021
ORION,ORANGE GROVE ROAD,10,Non-landed Properties,3,"6,000",140 - 150,"1,500 - 1,600",Jan 2021
ORION,ORANGE GROVE ROAD,10,Non-landed Properties,4,"6,800",160 - 170,"1,700 - 1,800",Jan 2021
ORION,ORANGE GROVE ROAD,10,Non-landed Properties,3,"6,300",140 - 150,"1,500 - 1,600",Feb 2021
ORION,ORANGE GROVE ROAD,10,Non-landed Properties,3,"5,000",110 - 120,"1,100 - 1,200",Feb 2021
ORION,ORANGE GROVE ROAD,10,Non-landed Properties,3,"5,000",110 - 120,"1,100 - 1,200",Feb 2021
ORION,ORANGE GROVE ROAD,10,Non-landed Properties,3,"6,100",140 - 150,"1,500 - 1,600",Mar 2021
ORION,ORANGE GROVE ROAD,10,Non-landed Properties,3,"6,000",140 - 150,"1,500 - 1,600",Apr 2021
ORION,ORANGE GROVE ROAD,10,Non-landed Properties,3,"6,000",140 - 150,"1,500 - 1,600",May 2021
ORION,ORANGE GROVE ROAD,10,Non-landed Properties,3,"5,000",110 - 120,"1,100 - 1,200",May 2021
ORION,ORANGE GROVE ROAD,10,Non-landed Properties,4,"6,500",160 - 170,"1,700 - 1,800",Jun 2021
ORION,ORANGE GROVE ROAD,10,Non-landed Properties,4,"6,700",160 - 170,"1,700 - 1,800",Jun 2021
ORION,ORANGE GROVE ROAD,10,Non-landed Properties,3,"6,500",140 - 150,"1,500 - 1,600",Jun 2021
ORION,ORANGE GROVE ROAD,10,Non-landed Properties,3,"5,800",140 - 150,"1,500 - 1,600",Jul 2021
ORION,ORANGE GROVE ROAD,10,Non-landed Properties,3,"7,200",140 - 150,"1,500 - 1,600",Jul 2021
ORION,ORANGE GROVE ROAD,10,Non-landed Properties,4,"6,200",160 - 170,"1,700 - 1,800",Jul 2021
ORION,ORANGE GROVE ROAD,10,Non-landed Properties,3,"5,500",140 - 150,"1,500 - 1,600",Aug 2021
ORION,ORANGE GROVE ROAD,10,Non-landed Properties,3,"6,250",140 - 150,"1,500 - 1,600",Oct 2021
ORION,ORANGE GROVE ROAD,10,Non-landed Properties,4,"7,100",160 - 170,"1,700 - 1,800",Oct 2021
ORION,ORANGE GROVE ROAD,10,Non-landed Properties,3,"6,500",140 - 150,"1,500 - 1,600",Oct 2021
ORION,ORANGE GROVE ROAD,10,Non-landed Properties,4,"7,800",160 - 170,"1,700 - 1,800",Nov 2021
OUE TWIN PEAKS,LEONIE HILL ROAD,09,Non-landed Properties,1,"2,900",50 - 60,500 - 600,Jan 2021
OUE TWIN PEAKS,LEONIE HILL ROAD,09,Non-landed Properties,1,"3,000",50 - 60,500 - 600,Jan 2021
OUE TWIN PEAKS,LEONIE HILL ROAD,09,Non-landed Properties,1,"3,150",50 - 60,500 - 600,Jan 2021
OUE TWIN PEAKS,LEONIE HILL ROAD,09,Non-landed Properties,1,"3,200",50 - 60,500 - 600,Jan 2021
OUE TWIN PEAKS,LEONIE HILL ROAD,09,Non-landed Properties,1,"3,200",50 - 60,500 - 600,Jan 2021
OUE TWIN PEAKS,LEONIE HILL ROAD,09,Non-landed Properties,1,"3,250",50 - 60,500 - 600,Jan 2021
OUE TWIN PEAKS,LEONIE HILL ROAD,09,Non-landed Properties,1,"3,700",50 - 60,500 - 600,Jan 2021
OUE TWIN PEAKS,LEONIE HILL ROAD,09,Non-landed Properties,3,"8,000",130 - 140,"1,300 - 1,400",Jan 2021
OUE TWIN PEAKS,LEONIE HILL ROAD,09,Non-landed Properties,1,"3,150",50 - 60,500 - 600,Jan 2021
OUE TWIN PEAKS,LEONIE HILL ROAD,09,Non-landed Properties,1,"3,300",50 - 60,500 - 600,Jan 2021
OUE TWIN PEAKS,LEONIE HILL ROAD,09,Non-landed Properties,1,"3,350",50 - 60,500 - 600,Jan 2021
OUE TWIN PEAKS,LEONIE HILL ROAD,09,Non-landed Properties,1,"3,300",50 - 60,500 - 600,Jan 2021
OUE TWIN PEAKS,LEONIE HILL ROAD,09,Non-landed Properties,1,"3,500",50 - 60,500 - 600,Jan 2021
OUE TWIN PEAKS,LEONIE HILL ROAD,09,Non-landed Properties,1,"3,300",50 - 60,500 - 600,Jan 2021
OUE TWIN PEAKS,LEONIE HILL ROAD,09,Non-landed Properties,1,"3,000",50 - 60,500 - 600,Jan 2021
OUE TWIN PEAKS,LEONIE HILL ROAD,09,Non-landed Properties,1,"4,000",50 - 60,500 - 600,Jan 2021
OUE TWIN PEAKS,LEONIE HILL ROAD,09,Non-landed Properties,1,"3,000",50 - 60,500 - 600,Jan 2021
OUE TWIN PEAKS,LEONIE HILL ROAD,09,Non-landed Properties,3,"8,000",130 - 140,"1,300 - 1,400",Jan 2021
OUE TWIN PEAKS,LEONIE HILL ROAD,09,Non-landed Properties,3,"8,000",140 - 150,"1,600 - 1,700",Feb 2021
OUE TWIN PEAKS,LEONIE HILL ROAD,09,Non-landed Properties,1,"3,500",50 - 60,500 - 600,Feb 2021
OUE TWIN PEAKS,LEONIE HILL ROAD,09,Non-landed Properties,1,"3,500",50 - 60,500 - 600,Feb 2021
OUE TWIN PEAKS,LEONIE HILL ROAD,09,Non-landed Properties,3,"8,100",130 - 140,"1,300 - 1,400",Feb 2021
OUE TWIN PEAKS,LEONIE HILL ROAD,09,Non-landed Properties,1,"3,200",50 - 60,500 - 600,Feb 2021
OUE TWIN PEAKS,LEONIE HILL ROAD,09,Non-landed Properties,1,"3,300",50 - 60,500 - 600,Feb 2021
OUE TWIN PEAKS,LEONIE HILL ROAD,09,Non-landed Properties,3,"7,800",130 - 140,"1,300 - 1,400",Feb 2021
OUE TWIN PEAKS,LEONIE HILL ROAD,09,Non-landed Properties,2,"6,400",90 - 100,"1,000 - 1,100",Feb 2021
OUE TWIN PEAKS,LEONIE HILL ROAD,09,Non-landed Properties,1,"3,500",50 - 60,500 - 600,Feb 2021
OUE TWIN PEAKS,LEONIE HILL ROAD,09,Non-landed Properties,1,"3,100",50 - 60,500 - 600,Feb 2021
OUE TWIN PEAKS,LEONIE HILL ROAD,09,Non-landed Properties,1,"3,500",50 - 60,500 - 600,Feb 2021
OUE TWIN PEAKS,LEONIE HILL ROAD,09,Non-landed Properties,1,"3,500",50 - 60,500 - 600,Feb 2021
OUE TWIN PEAKS,LEONIE HILL ROAD,09,Non-landed Properties,1,"3,350",50 - 60,500 - 600,Feb 2021
OUE TWIN PEAKS,LEONIE HILL ROAD,09,Non-landed Properties,1,"3,350",50 - 60,500 - 600,Jan 2021
OUE TWIN PEAKS,LEONIE HILL ROAD,09,Non-landed Properties,1,"2,900",50 - 60,500 - 600,Feb 2021
OUE TWIN PEAKS,LEONIE HILL ROAD,09,Non-landed Properties,2,"7,000",90 - 100,"1,000 - 1,100",Jan 2021
OUE TWIN PEAKS,LEONIE HILL ROAD,09,Non-landed Properties,1,"3,200",50 - 60,500 - 600,Feb 2021
OUE TWIN PEAKS,LEONIE HILL ROAD,09,Non-landed Properties,1,"3,100",50 - 60,500 - 600,Jan 2021
OUE TWIN PEAKS,LEONIE HILL ROAD,09,Non-landed Properties,1,"3,000",50 - 60,500 - 600,Feb 2021
OUE TWIN PEAKS,LEONIE HILL ROAD,09,Non-landed Properties,1,"3,100",50 - 60,500 - 600,Feb 2021
OUE TWIN PEAKS,LEONIE HILL ROAD,09,Non-landed Properties,1,"3,000",50 - 60,500 - 600,Mar 2021
OUE TWIN PEAKS,LEONIE HILL ROAD,09,Non-landed Properties,1,"3,100",50 - 60,500 - 600,Mar 2021
OUE TWIN PEAKS,LEONIE HILL ROAD,09,Non-landed Properties,1,"3,200",50 - 60,500 - 600,Mar 2021
OUE TWIN PEAKS,LEONIE HILL ROAD,09,Non-landed Properties,2,"6,100",90 - 100,"1,000 - 1,100",Mar 2021
OUE TWIN PEAKS,LEONIE HILL ROAD,09,Non-landed Properties,1,"3,200",50 - 60,500 - 600,Mar 2021
OUE TWIN PEAKS,LEONIE HILL ROAD,09,Non-landed Properties,1,"3,100",50 - 60,500 - 600,Mar 2021
OUE TWIN PEAKS,LEONIE HILL ROAD,09,Non-landed Properties,1,"3,000",50 - 60,500 - 600,Mar 2021
OUE TWIN PEAKS,LEONIE HILL ROAD,09,Non-landed Properties,3,"8,500",140 - 150,"1,600 - 1,700",Mar 2021
OUE TWIN PEAKS,LEONIE HILL ROAD,09,Non-landed Properties,1,"3,500",50 - 60,500 - 600,Mar 2021
OUE TWIN PEAKS,LEONIE HILL ROAD,09,Non-landed Properties,1,"3,700",50 - 60,500 - 600,Feb 2021
OUE TWIN PEAKS,LEONIE HILL ROAD,09,Non-landed Properties,1,"2,950",50 - 60,500 - 600,Mar 2021
OUE TWIN PEAKS,LEONIE HILL ROAD,09,Non-landed Properties,1,"3,400",50 - 60,500 - 600,Mar 2021
OUE TWIN PEAKS,LEONIE HILL ROAD,09,Non-landed Properties,2,"7,000",90 - 100,"1,000 - 1,100",Feb 2021
OUE TWIN PEAKS,LEONIE HILL ROAD,09,Non-landed Properties,3,"9,600",140 - 150,"1,600 - 1,700",Feb 2021
OUE TWIN PEAKS,LEONIE HILL ROAD,09,Non-landed Properties,1,"3,300",50 - 60,500 - 600,Mar 2021
OUE TWIN PEAKS,LEONIE HILL ROAD,09,Non-landed Properties,1,"3,000",50 - 60,500 - 600,Mar 2021
OUE TWIN PEAKS,LEONIE HILL ROAD,09,Non-landed Properties,1,"3,200",50 - 60,500 - 600,Feb 2021
OUE TWIN PEAKS,LEONIE HILL ROAD,09,Non-landed Properties,1,"3,450",50 - 60,500 - 600,Mar 2021
OUE TWIN PEAKS,LEONIE HILL ROAD,09,Non-landed Properties,1,"3,400",50 - 60,500 - 600,Mar 2021
OUE TWIN PEAKS,LEONIE HILL ROAD,09,Non-landed Properties,1,"3,500",50 - 60,500 - 600,Mar 2021
OUE TWIN PEAKS,LEONIE HILL ROAD,09,Non-landed Properties,2,"6,500",90 - 100,"1,000 - 1,100",Mar 2021
OUE TWIN PEAKS,LEONIE HILL ROAD,09,Non-landed Properties,1,"3,600",50 - 60,500 - 600,Mar 2021
OUE TWIN PEAKS,LEONIE HILL ROAD,09,Non-landed Properties,1,"3,400",50 - 60,500 - 600,Mar 2021
OUE TWIN PEAKS,LEONIE HILL ROAD,09,Non-landed Properties,1,"3,400",50 - 60,500 - 600,Mar 2021
OUE TWIN PEAKS,LEONIE HILL ROAD,09,Non-landed Properties,1,"3,000",50 - 60,500 - 600,Mar 2021
OUE TWIN PEAKS,LEONIE HILL ROAD,09,Non-landed Properties,2,"6,500",90 - 100,"1,000 - 1,100",Mar 2021
OUE TWIN PEAKS,LEONIE HILL ROAD,09,Non-landed Properties,1,"3,100",50 - 60,500 - 600,Mar 2021
OUE TWIN PEAKS,LEONIE HILL ROAD,09,Non-landed Properties,1,"3,100",50 - 60,500 - 600,Mar 2021
OUE TWIN PEAKS,LEONIE HILL ROAD,09,Non-landed Properties,1,"3,500",50 - 60,500 - 600,Mar 2021
OUE TWIN PEAKS,LEONIE HILL ROAD,09,Non-landed Properties,1,"3,200",50 - 60,500 - 600,Apr 2021
OUE TWIN PEAKS,LEONIE HILL ROAD,09,Non-landed Properties,2,"6,000",90 - 100,"1,000 - 1,100",Apr 2021
OUE TWIN PEAKS,LEONIE HILL ROAD,09,Non-landed Properties,3,"7,980",130 - 140,"1,300 - 1,400",Apr 2021
OUE TWIN PEAKS,LEONIE HILL ROAD,09,Non-landed Properties,2,"6,400",90 - 100,"1,000 - 1,100",Apr 2021
OUE TWIN PEAKS,LEONIE HILL ROAD,09,Non-landed Properties,1,"3,000",50 - 60,500 - 600,Apr 2021
OUE TWIN PEAKS,LEONIE HILL ROAD,09,Non-landed Properties,1,"3,500",50 - 60,500 - 600,Apr 2021
OUE TWIN PEAKS,LEONIE HILL ROAD,09,Non-landed Properties,1,"3,500",50 - 60,500 - 600,Apr 2021
OUE TWIN PEAKS,LEONIE HILL ROAD,09,Non-landed Properties,1,"3,100",50 - 60,500 - 600,Apr 2021
OUE TWIN PEAKS,LEONIE HILL ROAD,09,Non-landed Properties,1,"3,000",50 - 60,500 - 600,Apr 2021
OUE TWIN PEAKS,LEONIE HILL ROAD,09,Non-landed Properties,3,"9,600",140 - 150,"1,600 - 1,700",Apr 2021
OUE TWIN PEAKS,LEONIE HILL ROAD,09,Non-landed Properties,2,"7,200",90 - 100,"1,000 - 1,100",Apr 2021
OUE TWIN PEAKS,LEONIE HILL ROAD,09,Non-landed Properties,1,"3,200",50 - 60,500 - 600,Apr 2021
OUE TWIN PEAKS,LEONIE HILL ROAD,09,Non-landed Properties,3,"9,300",140 - 150,"1,600 - 1,700",Apr 2021
OUE TWIN PEAKS,LEONIE HILL ROAD,09,Non-landed Properties,1,"3,350",50 - 60,500 - 600,Apr 2021
OUE TWIN PEAKS,LEONIE HILL ROAD,09,Non-landed Properties,1,"3,375",50 - 60,500 - 600,Apr 2021
OUE TWIN PEAKS,LEONIE HILL ROAD,09,Non-landed Properties,1,"3,100",50 - 60,500 - 600,Mar 2021
OUE TWIN PEAKS,LEONIE HILL ROAD,09,Non-landed Properties,1,"3,200",50 - 60,500 - 600,Apr 2021
OUE TWIN PEAKS,LEONIE HILL ROAD,09,Non-landed Properties,1,"3,350",50 - 60,500 - 600,Apr 2021
OUE TWIN PEAKS,LEONIE HILL ROAD,09,Non-landed Properties,1,"4,000",50 - 60,500 - 600,Apr 2021
OUE TWIN PEAKS,LEONIE HILL ROAD,09,Non-landed Properties,1,"3,400",50 - 60,500 - 600,Apr 2021
OUE TWIN PEAKS,LEONIE HILL ROAD,09,Non-landed Properties,1,"3,000",50 - 60,500 - 600,Apr 2021
OUE TWIN PEAKS,LEONIE HILL ROAD,09,Non-landed Properties,1,"2,900",50 - 60,500 - 600,Apr 2021
OUE TWIN PEAKS,LEONIE HILL ROAD,09,Non-landed Properties,2,"6,500",90 - 100,"1,000 - 1,100",Apr 2021
OUE TWIN PEAKS,LEONIE HILL ROAD,09,Non-landed Properties,1,"4,000",50 - 60,500 - 600,Apr 2021
OUE TWIN PEAKS,LEONIE HILL ROAD,09,Non-landed Properties,1,"3,700",50 - 60,500 - 600,Apr 2021
OUE TWIN PEAKS,LEONIE HILL ROAD,09,Non-landed Properties,2,"5,800",90 - 100,"1,000 - 1,100",Apr 2021
OUE TWIN PEAKS,LEONIE HILL ROAD,09,Non-landed Properties,1,"3,500",50 - 60,500 - 600,Apr 2021
OUE TWIN PEAKS,LEONIE HILL ROAD,09,Non-landed Properties,2,"7,200",90 - 100,"1,000 - 1,100",Apr 2021
OUE TWIN PEAKS,LEONIE HILL ROAD,09,Non-landed Properties,1,"3,500",50 - 60,500 - 600,Apr 2021
OUE TWIN PEAKS,LEONIE HILL ROAD,09,Non-landed Properties,1,"3,000",50 - 60,500 - 600,Apr 2021
OUE TWIN PEAKS,LEONIE HILL ROAD,09,Non-landed Properties,1,"3,300",50 - 60,500 - 600,Apr 2021
OUE TWIN PEAKS,LEONIE HILL ROAD,09,Non-landed Properties,3,"8,000",140 - 150,"1,600 - 1,700",May 2021
OUE TWIN PEAKS,LEONIE HILL ROAD,09,Non-landed Properties,1,"2,900",50 - 60,500 - 600,May 2021
OUE TWIN PEAKS,LEONIE HILL ROAD,09,Non-landed Properties,1,"4,000",50 - 60,500 - 600,May 2021
OUE TWIN PEAKS,LEONIE HILL ROAD,09,Non-landed Properties,2,"6,700",90 - 100,"1,000 - 1,100",May 2021
OUE TWIN PEAKS,LEONIE HILL ROAD,09,Non-landed Properties,3,"8,500",140 - 150,"1,600 - 1,700",May 2021
OUE TWIN PEAKS,LEONIE HILL ROAD,09,Non-landed Properties,1,"2,950",50 - 60,500 - 600,May 2021
OUE TWIN PEAKS,LEONIE HILL ROAD,09,Non-landed Properties,1,"3,000",50 - 60,500 - 600,May 2021
OUE TWIN PEAKS,LEONIE HILL ROAD,09,Non-landed Properties,1,"2,900",50 - 60,500 - 600,May 2021
OUE TWIN PEAKS,LEONIE HILL ROAD,09,Non-landed Properties,1,"3,600",50 - 60,500 - 600,May 2021
OUE TWIN PEAKS,LEONIE HILL ROAD,09,Non-landed Properties,1,"3,850",50 - 60,500 - 600,May 2021
OUE TWIN PEAKS,LEONIE HILL ROAD,09,Non-landed Properties,1,"3,600",50 - 60,500 - 600,May 2021
OUE TWIN PEAKS,LEONIE HILL ROAD,09,Non-landed Properties,1,"3,000",50 - 60,500 - 600,May 2021
OUE TWIN PEAKS,LEONIE HILL ROAD,09,Non-landed Properties,1,"3,050",50 - 60,500 - 600,Apr 2021
OUE TWIN PEAKS,LEONIE HILL ROAD,09,Non-landed Properties,1,"3,300",50 - 60,500 - 600,Apr 2021
OUE TWIN PEAKS,LEONIE HILL ROAD,09,Non-landed Properties,1,"3,000",50 - 60,500 - 600,May 2021
OUE TWIN PEAKS,LEONIE HILL ROAD,09,Non-landed Properties,1,"3,700",50 - 60,500 - 600,May 2021
OUE TWIN PEAKS,LEONIE HILL ROAD,09,Non-landed Properties,1,"3,200",50 - 60,500 - 600,May 2021
OUE TWIN PEAKS,LEONIE HILL ROAD,09,Non-landed Properties,1,"3,300",50 - 60,500 - 600,May 2021
OUE TWIN PEAKS,LEONIE HILL ROAD,09,Non-landed Properties,1,"3,200",50 - 60,500 - 600,Apr 2021
OUE TWIN PEAKS,LEONIE HILL ROAD,09,Non-landed Properties,1,"3,100",50 - 60,500 - 600,May 2021
OUE TWIN PEAKS,LEONIE HILL ROAD,09,Non-landed Properties,3,"8,500",140 - 150,"1,600 - 1,700",May 2021
OUE TWIN PEAKS,LEONIE HILL ROAD,09,Non-landed Properties,1,"3,450",50 - 60,500 - 600,May 2021
OUE TWIN PEAKS,LEONIE HILL ROAD,09,Non-landed Properties,1,"3,100",50 - 60,500 - 600,May 2021
OUE TWIN PEAKS,LEONIE HILL ROAD,09,Non-landed Properties,1,"3,500",50 - 60,500 - 600,May 2021
OUE TWIN PEAKS,LEONIE HILL ROAD,09,Non-landed Properties,1,"3,350",50 - 60,500 - 600,Apr 2021
OUE TWIN PEAKS,LEONIE HILL ROAD,09,Non-landed Properties,1,"2,900",50 - 60,500 - 600,Jun 2021
OUE TWIN PEAKS,LEONIE HILL ROAD,09,Non-landed Properties,2,"6,600",90 - 100,"1,000 - 1,100",Jun 2021
OUE TWIN PEAKS,LEONIE HILL ROAD,09,Non-landed Properties,2,"6,800",90 - 100,"1,000 - 1,100",Jun 2021
OUE TWIN PEAKS,LEONIE HILL ROAD,09,Non-landed Properties,1,"3,200",50 - 60,500 - 600,Jun 2021
OUE TWIN PEAKS,LEONIE HILL ROAD,09,Non-landed Properties,3,"8,800",130 - 140,"1,300 - 1,400",Jun 2021
OUE TWIN PEAKS,LEONIE HILL ROAD,09,Non-landed Properties,2,"6,500",90 - 100,"1,000 - 1,100",Jun 2021
OUE TWIN PEAKS,LEONIE HILL ROAD,09,Non-landed Properties,3,"8,100",130 - 140,"1,300 - 1,400",Jun 2021
OUE TWIN PEAKS,LEONIE HILL ROAD,09,Non-landed Properties,1,"3,400",50 - 60,500 - 600,Jun 2021
OUE TWIN PEAKS,LEONIE HILL ROAD,09,Non-landed Properties,2,"6,000",90 - 100,"1,000 - 1,100",Jun 2021
OUE TWIN PEAKS,LEONIE HILL ROAD,09,Non-landed Properties,2,"6,400",90 - 100,"1,000 - 1,100",Jun 2021
OUE TWIN PEAKS,LEONIE HILL ROAD,09,Non-landed Properties,3,"7,100",130 - 140,"1,300 - 1,400",Jun 2021
OUE TWIN PEAKS,LEONIE HILL ROAD,09,Non-landed Properties,1,"3,000",50 - 60,500 - 600,Jun 2021
OUE TWIN PEAKS,LEONIE HILL ROAD,09,Non-landed Properties,2,"7,200",90 - 100,"1,000 - 1,100",Jun 2021
OUE TWIN PEAKS,LEONIE HILL ROAD,09,Non-landed Properties,1,"3,300",50 - 60,500 - 600,Jun 2021
OUE TWIN PEAKS,LEONIE HILL ROAD,09,Non-landed Properties,3,"9,000",130 - 140,"1,300 - 1,400",Jun 2021
OUE TWIN PEAKS,LEONIE HILL ROAD,09,Non-landed Properties,1,"3,700",50 - 60,500 - 600,May 2021
OUE TWIN PEAKS,LEONIE HILL ROAD,09,Non-landed Properties,1,"3,700",50 - 60,500 - 600,Jun 2021
OUE TWIN PEAKS,LEONIE HILL ROAD,09,Non-landed Properties,3,"7,800",130 - 140,"1,300 - 1,400",Jun 2021
OUE TWIN PEAKS,LEONIE HILL ROAD,09,Non-landed Properties,1,"3,200",50 - 60,500 - 600,Jun 2021
OUE TWIN PEAKS,LEONIE HILL ROAD,09,Non-landed Properties,1,"3,200",50 - 60,500 - 600,Jun 2021
OUE TWIN PEAKS,LEONIE HILL ROAD,09,Non-landed Properties,2,"6,800",90 - 100,"1,000 - 1,100",Jun 2021
OUE TWIN PEAKS,LEONIE HILL ROAD,09,Non-landed Properties,2,"6,900",90 - 100,"1,000 - 1,100",Jun 2021
OUE TWIN PEAKS,LEONIE HILL ROAD,09,Non-landed Properties,1,"3,500",50 - 60,500 - 600,Jun 2021
OUE TWIN PEAKS,LEONIE HILL ROAD,09,Non-landed Properties,1,"3,700",50 - 60,500 - 600,Jun 2021
OUE TWIN PEAKS,LEONIE HILL ROAD,09,Non-landed Properties,2,"7,800",90 - 100,"1,000 - 1,100",Jun 2021
OUE TWIN PEAKS,LEONIE HILL ROAD,09,Non-landed Properties,3,"8,300",130 - 140,"1,300 - 1,400",Jul 2021
OUE TWIN PEAKS,LEONIE HILL ROAD,09,Non-landed Properties,1,"3,200",50 - 60,500 - 600,Jul 2021
OUE TWIN PEAKS,LEONIE HILL ROAD,09,Non-landed Properties,1,"3,700",50 - 60,500 - 600,Jul 2021
OUE TWIN PEAKS,LEONIE HILL ROAD,09,Non-landed Properties,1,"3,500",50 - 60,500 - 600,Jul 2021
OUE TWIN PEAKS,LEONIE HILL ROAD,09,Non-landed Properties,1,"3,200",50 - 60,500 - 600,Jul 2021
OUE TWIN PEAKS,LEONIE HILL ROAD,09,Non-landed Properties,1,"3,000",50 - 60,500 - 600,Jul 2021
OUE TWIN PEAKS,LEONIE HILL ROAD,09,Non-landed Properties,1,"3,050",50 - 60,500 - 600,Jul 2021
OUE TWIN PEAKS,LEONIE HILL ROAD,09,Non-landed Properties,1,"3,200",50 - 60,500 - 600,Jul 2021
OUE TWIN PEAKS,LEONIE HILL ROAD,09,Non-landed Properties,1,"3,100",50 - 60,500 - 600,Jul 2021
OUE TWIN PEAKS,LEONIE HILL ROAD,09,Non-landed Properties,1,"3,450",50 - 60,500 - 600,Jul 2021
OUE TWIN PEAKS,LEONIE HILL ROAD,09,Non-landed Properties,1,"3,200",50 - 60,500 - 600,Jul 2021
OUE TWIN PEAKS,LEONIE HILL ROAD,09,Non-landed Properties,3,"7,600",130 - 140,"1,300 - 1,400",Jul 2021
OUE TWIN PEAKS,LEONIE HILL ROAD,09,Non-landed Properties,1,"3,400",50 - 60,500 - 600,Jul 2021
OUE TWIN PEAKS,LEONIE HILL ROAD,09,Non-landed Properties,3,"8,500",140 - 150,"1,600 - 1,700",Jul 2021
OUE TWIN PEAKS,LEONIE HILL ROAD,09,Non-landed Properties,1,"3,400",50 - 60,500 - 600,Jul 2021
OUE TWIN PEAKS,LEONIE HILL ROAD,09,Non-landed Properties,2,"6,650",90 - 100,"1,000 - 1,100",Jul 2021
OUE TWIN PEAKS,LEONIE HILL ROAD,09,Non-landed Properties,1,"3,400",50 - 60,500 - 600,Jul 2021
OUE TWIN PEAKS,LEONIE HILL ROAD,09,Non-landed Properties,2,"6,500",90 - 100,"1,000 - 1,100",Jul 2021
OUE TWIN PEAKS,LEONIE HILL ROAD,09,Non-landed Properties,1,"3,350",50 - 60,500 - 600,Jun 2021
OUE TWIN PEAKS,LEONIE HILL ROAD,09,Non-landed Properties,3,"8,500",140 - 150,"1,600 - 1,700",Jul 2021
OUE TWIN PEAKS,LEONIE HILL ROAD,09,Non-landed Properties,1,"3,200",50 - 60,500 - 600,Jul 2021
OUE TWIN PEAKS,LEONIE HILL ROAD,09,Non-landed Properties,1,"3,300",50 - 60,500 - 600,Jul 2021
OUE TWIN PEAKS,LEONIE HILL ROAD,09,Non-landed Properties,1,"3,400",50 - 60,500 - 600,Jul 2021
OUE TWIN PEAKS,LEONIE HILL ROAD,09,Non-landed Properties,1,"3,300",50 - 60,500 - 600,Jul 2021
OUE TWIN PEAKS,LEONIE HILL ROAD,09,Non-landed Properties,1,"3,500",50 - 60,500 - 600,Jul 2021
OUE TWIN PEAKS,LEONIE HILL ROAD,09,Non-landed Properties,1,"3,100",50 - 60,500 - 600,Jul 2021
OUE TWIN PEAKS,LEONIE HILL ROAD,09,Non-landed Properties,1,"3,700",50 - 60,500 - 600,Jul 2021
OUE TWIN PEAKS,LEONIE HILL ROAD,09,Non-landed Properties,1,"3,300",50 - 60,500 - 600,Jul 2021
OUE TWIN PEAKS,LEONIE HILL ROAD,09,Non-landed Properties,3,"8,400",130 - 140,"1,300 - 1,400",Jul 2021
OUE TWIN PEAKS,LEONIE HILL ROAD,09,Non-landed Properties,1,"3,350",50 - 60,500 - 600,Jul 2021
OUE TWIN PEAKS,LEONIE HILL ROAD,09,Non-landed Properties,1,"3,000",50 - 60,500 - 600,Jun 2021
OUE TWIN PEAKS,LEONIE HILL ROAD,09,Non-landed Properties,2,"5,800",90 - 100,"1,000 - 1,100",Aug 2021
OUE TWIN PEAKS,LEONIE HILL ROAD,09,Non-landed Properties,1,"3,400",50 - 60,500 - 600,Aug 2021
OUE TWIN PEAKS,LEONIE HILL ROAD,09,Non-landed Properties,2,"6,300",90 - 100,"1,000 - 1,100",Aug 2021
OUE TWIN PEAKS,LEONIE HILL ROAD,09,Non-landed Properties,1,"3,200",50 - 60,500 - 600,Aug 2021
OUE TWIN PEAKS,LEONIE HILL ROAD,09,Non-landed Properties,1,"3,650",50 - 60,500 - 600,Aug 2021
OUE TWIN PEAKS,LEONIE HILL ROAD,09,Non-landed Properties,3,"7,800",130 - 140,"1,300 - 1,400",Aug 2021
OUE TWIN PEAKS,LEONIE HILL ROAD,09,Non-landed Properties,1,"3,500",50 - 60,500 - 600,Aug 2021
OUE TWIN PEAKS,LEONIE HILL ROAD,09,Non-landed Properties,1,"3,500",50 - 60,500 - 600,Aug 2021
OUE TWIN PEAKS,LEONIE HILL ROAD,09,Non-landed Properties,1,"3,200",50 - 60,500 - 600,Aug 2021
OUE TWIN PEAKS,LEONIE HILL ROAD,09,Non-landed Properties,1,"3,500",50 - 60,500 - 600,Aug 2021
OUE TWIN PEAKS,LEONIE HILL ROAD,09,Non-landed Properties,1,"3,200",50 - 60,500 - 600,Aug 2021
OUE TWIN PEAKS,LEONIE HILL ROAD,09,Non-landed Properties,3,"9,700",140 - 150,"1,600 - 1,700",Aug 2021
OUE TWIN PEAKS,LEONIE HILL ROAD,09,Non-landed Properties,1,"3,000",50 - 60,500 - 600,Aug 2021
OUE TWIN PEAKS,LEONIE HILL ROAD,09,Non-landed Properties,1,"3,400",50 - 60,500 - 600,Aug 2021
OUE TWIN PEAKS,LEONIE HILL ROAD,09,Non-landed Properties,3,"8,300",140 - 150,"1,600 - 1,700",Aug 2021
OUE TWIN PEAKS,LEONIE HILL ROAD,09,Non-landed Properties,1,"3,100",50 - 60,500 - 600,Aug 2021
OUE TWIN PEAKS,LEONIE HILL ROAD,09,Non-landed Properties,1,"3,900",50 - 60,500 - 600,Aug 2021
OUE TWIN PEAKS,LEONIE HILL ROAD,09,Non-landed Properties,1,"3,500",50 - 60,500 - 600,Aug 2021
OUE TWIN PEAKS,LEONIE HILL ROAD,09,Non-landed Properties,1,"3,100",50 - 60,500 - 600,Aug 2021
OUE TWIN PEAKS,LEONIE HILL ROAD,09,Non-landed Properties,1,"2,900",50 - 60,500 - 600,Sep 2021
OUE TWIN PEAKS,LEONIE HILL ROAD,09,Non-landed Properties,1,"3,000",50 - 60,500 - 600,Sep 2021
OUE TWIN PEAKS,LEONIE HILL ROAD,09,Non-landed Properties,1,"3,000",50 - 60,500 - 600,Sep 2021
OUE TWIN PEAKS,LEONIE HILL ROAD,09,Non-landed Properties,1,"3,500",50 - 60,500 - 600,Sep 2021
OUE TWIN PEAKS,LEONIE HILL ROAD,09,Non-landed Properties,1,"3,500",50 - 60,500 - 600,Sep 2021
OUE TWIN PEAKS,LEONIE HILL ROAD,09,Non-landed Properties,1,"3,100",50 - 60,500 - 600,Sep 2021
OUE TWIN PEAKS,LEONIE HILL ROAD,09,Non-landed Properties,1,"3,250",50 - 60,500 - 600,Aug 2021
OUE TWIN PEAKS,LEONIE HILL ROAD,09,Non-landed Properties,1,"3,300",50 - 60,500 - 600,Sep 2021
OUE TWIN PEAKS,LEONIE HILL ROAD,09,Non-landed Properties,1,"3,300",50 - 60,500 - 600,Sep 2021
OUE TWIN PEAKS,LEONIE HILL ROAD,09,Non-landed Properties,1,"3,200",50 - 60,500 - 600,Sep 2021
OUE TWIN PEAKS,LEONIE HILL ROAD,09,Non-landed Properties,1,"3,500",50 - 60,500 - 600,Sep 2021
OUE TWIN PEAKS,LEONIE HILL ROAD,09,Non-landed Properties,3,"8,600",130 - 140,"1,300 - 1,400",Sep 2021
OUE TWIN PEAKS,LEONIE HILL ROAD,09,Non-landed Properties,2,"6,300",90 - 100,"1,000 - 1,100",Aug 2021
OUE TWIN PEAKS,LEONIE HILL ROAD,09,Non-landed Properties,1,"3,500",50 - 60,500 - 600,Sep 2021
OUE TWIN PEAKS,LEONIE HILL ROAD,09,Non-landed Properties,1,"3,200",50 - 60,500 - 600,Sep 2021
OUE TWIN PEAKS,LEONIE HILL ROAD,09,Non-landed Properties,1,"3,350",50 - 60,500 - 600,Aug 2021
OUE TWIN PEAKS,LEONIE HILL ROAD,09,Non-landed Properties,1,"4,000",50 - 60,500 - 600,Sep 2021
OUE TWIN PEAKS,LEONIE HILL ROAD,09,Non-landed Properties,2,"6,800",90 - 100,"1,000 - 1,100",Sep 2021
OUE TWIN PEAKS,LEONIE HILL ROAD,09,Non-landed Properties,1,"3,500",50 - 60,500 - 600,Sep 2021
OUE TWIN PEAKS,LEONIE HILL ROAD,09,Non-landed Properties,1,"3,200",50 - 60,500 - 600,Sep 2021
OUE TWIN PEAKS,LEONIE HILL ROAD,09,Non-landed Properties,1,"3,000",50 - 60,500 - 600,Sep 2021
OUE TWIN PEAKS,LEONIE HILL ROAD,09,Non-landed Properties,1,"3,000",50 - 60,500 - 600,Oct 2021
OUE TWIN PEAKS,LEONIE HILL ROAD,09,Non-landed Properties,1,"3,600",50 - 60,500 - 600,Oct 2021
OUE TWIN PEAKS,LEONIE HILL ROAD,09,Non-landed Properties,3,"7,700",130 - 140,"1,300 - 1,400",Oct 2021
OUE TWIN PEAKS,LEONIE HILL ROAD,09,Non-landed Properties,3,"10,800",140 - 150,"1,600 - 1,700",Oct 2021
OUE TWIN PEAKS,LEONIE HILL ROAD,09,Non-landed Properties,3,"8,400",130 - 140,"1,300 - 1,400",Oct 2021
OUE TWIN PEAKS,LEONIE HILL ROAD,09,Non-landed Properties,1,"3,200",50 - 60,500 - 600,Oct 2021
OUE TWIN PEAKS,LEONIE HILL ROAD,09,Non-landed Properties,1,"3,700",50 - 60,500 - 600,Oct 2021
OUE TWIN PEAKS,LEONIE HILL ROAD,09,Non-landed Properties,1,"4,200",50 - 60,500 - 600,Oct 2021
OUE TWIN PEAKS,LEONIE HILL ROAD,09,Non-landed Properties,2,"6,800",90 - 100,"1,000 - 1,100",Oct 2021
OUE TWIN PEAKS,LEONIE HILL ROAD,09,Non-landed Properties,1,"3,450",50 - 60,500 - 600,Oct 2021
OUE TWIN PEAKS,LEONIE HILL ROAD,09,Non-landed Properties,2,"7,000",90 - 100,"1,000 - 1,100",Oct 2021
OUE TWIN PEAKS,LEONIE HILL ROAD,09,Non-landed Properties,1,"3,600",50 - 60,500 - 600,Oct 2021
OUE TWIN PEAKS,LEONIE HILL ROAD,09,Non-landed Properties,1,"3,300",50 - 60,500 - 600,Oct 2021
OUE TWIN PEAKS,LEONIE HILL ROAD,09,Non-landed Properties,1,"3,200",50 - 60,500 - 600,Oct 2021
OUE TWIN PEAKS,LEONIE HILL ROAD,09,Non-landed Properties,1,"3,000",50 - 60,500 - 600,Oct 2021
OUE TWIN PEAKS,LEONIE HILL ROAD,09,Non-landed Properties,1,"3,200",50 - 60,500 - 600,Oct 2021
OUE TWIN PEAKS,LEONIE HILL ROAD,09,Non-landed Properties,2,"6,400",90 - 100,"1,000 - 1,100",Oct 2021
OUE TWIN PEAKS,LEONIE HILL ROAD,09,Non-landed Properties,3,"9,000",130 - 140,"1,300 - 1,400",Oct 2021
OUE TWIN PEAKS,LEONIE HILL ROAD,09,Non-landed Properties,1,"3,500",50 - 60,500 - 600,Oct 2021
OUE TWIN PEAKS,LEONIE HILL ROAD,09,Non-landed Properties,1,"3,100",50 - 60,500 - 600,Sep 2021
OUE TWIN PEAKS,LEONIE HILL ROAD,09,Non-landed Properties,1,"3,500",50 - 60,500 - 600,Oct 2021
OUE TWIN PEAKS,LEONIE HILL ROAD,09,Non-landed Properties,1,"3,350",50 - 60,500 - 600,Sep 2021
OUE TWIN PEAKS,LEONIE HILL ROAD,09,Non-landed Properties,2,"7,500",90 - 100,"1,000 - 1,100",Oct 2021
OUE TWIN PEAKS,LEONIE HILL ROAD,09,Non-landed Properties,1,"3,200",50 - 60,500 - 600,Oct 2021
OUE TWIN PEAKS,LEONIE HILL ROAD,09,Non-landed Properties,1,"3,150",50 - 60,500 - 600,Oct 2021
OUE TWIN PEAKS,LEONIE HILL ROAD,09,Non-landed Properties,1,"3,500",50 - 60,500 - 600,Sep 2021
OUE TWIN PEAKS,LEONIE HILL ROAD,09,Non-landed Properties,1,"3,200",50 - 60,500 - 600,Oct 2021
OUE TWIN PEAKS,LEONIE HILL ROAD,09,Non-landed Properties,1,"3,300",50 - 60,500 - 600,Oct 2021
OUE TWIN PEAKS,LEONIE HILL ROAD,09,Non-landed Properties,1,"3,200",50 - 60,500 - 600,Oct 2021
OUE TWIN PEAKS,LEONIE HILL ROAD,09,Non-landed Properties,1,"3,350",50 - 60,500 - 600,Oct 2021
OUE TWIN PEAKS,LEONIE HILL ROAD,09,Non-landed Properties,1,"3,500",50 - 60,500 - 600,Oct 2021
OUE TWIN PEAKS,LEONIE HILL ROAD,09,Non-landed Properties,1,"3,500",50 - 60,500 - 600,Oct 2021
OUE TWIN PEAKS,LEONIE HILL ROAD,09,Non-landed Properties,2,"6,300",90 - 100,"1,000 - 1,100",Nov 2021
OUE TWIN PEAKS,LEONIE HILL ROAD,09,Non-landed Properties,2,"6,300",90 - 100,"1,000 - 1,100",Nov 2021
OUE TWIN PEAKS,LEONIE HILL ROAD,09,Non-landed Properties,3,"7,850",140 - 150,"1,600 - 1,700",Nov 2021
OUE TWIN PEAKS,LEONIE HILL ROAD,09,Non-landed Properties,1,"3,400",50 - 60,500 - 600,Nov 2021
OUE TWIN PEAKS,LEONIE HILL ROAD,09,Non-landed Properties,3,"7,300",140 - 150,"1,600 - 1,700",Nov 2021
OUE TWIN PEAKS,LEONIE HILL ROAD,09,Non-landed Properties,1,"3,400",50 - 60,500 - 600,Nov 2021
OUE TWIN PEAKS,LEONIE HILL ROAD,09,Non-landed Properties,1,"3,500",50 - 60,500 - 600,Nov 2021
OUE TWIN PEAKS,LEONIE HILL ROAD,09,Non-landed Properties,1,"3,150",50 - 60,500 - 600,Nov 2021
OUE TWIN PEAKS,LEONIE HILL ROAD,09,Non-landed Properties,2,"6,450",90 - 100,"1,000 - 1,100",Nov 2021
OUE TWIN PEAKS,LEONIE HILL ROAD,09,Non-landed Properties,1,"3,400",50 - 60,500 - 600,Nov 2021
OUE TWIN PEAKS,LEONIE HILL ROAD,09,Non-landed Properties,1,"3,500",50 - 60,500 - 600,Nov 2021
OUE TWIN PEAKS,LEONIE HILL ROAD,09,Non-landed Properties,1,"3,200",50 - 60,500 - 600,Nov 2021
OUE TWIN PEAKS,LEONIE HILL ROAD,09,Non-landed Properties,1,"3,800",50 - 60,500 - 600,Oct 2021
OUE TWIN PEAKS,LEONIE HILL ROAD,09,Non-landed Properties,1,"3,600",50 - 60,500 - 600,Nov 2021
OUE TWIN PEAKS,LEONIE HILL ROAD,09,Non-landed Properties,1,"3,350",50 - 60,500 - 600,Oct 2021
OUE TWIN PEAKS,LEONIE HILL ROAD,09,Non-landed Properties,1,"3,500",50 - 60,500 - 600,Nov 2021
OUE TWIN PEAKS,LEONIE HILL ROAD,09,Non-landed Properties,1,"3,200",50 - 60,500 - 600,Nov 2021
OUE TWIN PEAKS,LEONIE HILL ROAD,09,Non-landed Properties,2,"6,800",90 - 100,"1,000 - 1,100",Nov 2021
OUE TWIN PEAKS,LEONIE HILL ROAD,09,Non-landed Properties,1,"3,200",50 - 60,500 - 600,Nov 2021
OUE TWIN PEAKS,LEONIE HILL ROAD,09,Non-landed Properties,3,"7,800",130 - 140,"1,300 - 1,400",Nov 2021
OUE TWIN PEAKS,LEONIE HILL ROAD,09,Non-landed Properties,1,"3,100",50 - 60,500 - 600,Nov 2021
OUE TWIN PEAKS,LEONIE HILL ROAD,09,Non-landed Properties,1,"3,200",50 - 60,500 - 600,Nov 2021
OUE TWIN PEAKS,LEONIE HILL ROAD,09,Non-landed Properties,1,"3,400",50 - 60,500 - 600,Nov 2021
OUE TWIN PEAKS,LEONIE HILL ROAD,09,Non-landed Properties,2,"7,000",90 - 100,"1,000 - 1,100",Nov 2021
OUE TWIN PEAKS,LEONIE HILL ROAD,09,Non-landed Properties,3,"8,000",140 - 150,"1,600 - 1,700",Nov 2021
OUE TWIN PEAKS,LEONIE HILL ROAD,09,Non-landed Properties,3,"9,300",140 - 150,"1,600 - 1,700",Nov 2021
OUE TWIN PEAKS,LEONIE HILL ROAD,09,Non-landed Properties,3,"8,600",130 - 140,"1,300 - 1,400",Nov 2021
OUE TWIN PEAKS,LEONIE HILL ROAD,09,Non-landed Properties,3,"8,600",130 - 140,"1,300 - 1,400",Nov 2021
OUE TWIN PEAKS,LEONIE HILL ROAD,09,Non-landed Properties,1,"3,500",50 - 60,500 - 600,Nov 2021
OUE TWIN PEAKS,LEONIE HILL ROAD,09,Non-landed Properties,1,"3,350",50 - 60,500 - 600,Nov 2021
OWEN 88,OWEN ROAD,08,Non-landed Properties,3,"2,800",110 - 120,"1,200 - 1,300",Jul 2021
OWEN COURT,OWEN ROAD,08,Non-landed Properties,NA,"7,000",160 - 170,"1,700 - 1,800",Aug 2021
OXFORD SUITES,OXFORD ROAD,08,Non-landed Properties,NA,"3,000",80 - 90,800 - 900,Jan 2021
OXFORD SUITES,OXFORD ROAD,08,Non-landed Properties,2,"3,000",90 - 100,"1,000 - 1,100",Feb 2021
OXFORD SUITES,OXFORD ROAD,08,Non-landed Properties,NA,"2,850",80 - 90,800 - 900,Mar 2021
OXFORD SUITES,OXFORD ROAD,08,Non-landed Properties,NA,"3,000",80 - 90,800 - 900,Mar 2021
OXFORD SUITES,OXFORD ROAD,08,Non-landed Properties,2,"2,800",90 - 100,"1,000 - 1,100",Mar 2021
OXFORD SUITES,OXFORD ROAD,08,Non-landed Properties,NA,"2,700",80 - 90,"900 - 1,000",May 2021
OXFORD SUITES,OXFORD ROAD,08,Non-landed Properties,NA,"2,900",80 - 90,800 - 900,Jun 2021
OXFORD SUITES,OXFORD ROAD,08,Non-landed Properties,1,"2,500",60 - 70,600 - 700,Jun 2021
OXFORD SUITES,OXFORD ROAD,08,Non-landed Properties,NA,"3,000",80 - 90,800 - 900,Jun 2021
OXFORD SUITES,OXFORD ROAD,08,Non-landed Properties,1,"2,400",60 - 70,600 - 700,Jul 2021
OXFORD SUITES,OXFORD ROAD,08,Non-landed Properties,NA,"3,000",80 - 90,800 - 900,Jul 2021
OXFORD SUITES,OXFORD ROAD,08,Non-landed Properties,1,"2,200",60 - 70,600 - 700,Aug 2021
OXFORD SUITES,OXFORD ROAD,08,Non-landed Properties,NA,"3,100",80 - 90,800 - 900,Aug 2021
OXFORD SUITES,OXFORD ROAD,08,Non-landed Properties,NA,"3,200",80 - 90,800 - 900,Aug 2021
OXFORD SUITES,OXFORD ROAD,08,Non-landed Properties,NA,"3,100",80 - 90,800 - 900,Aug 2021
OXFORD SUITES,OXFORD ROAD,08,Non-landed Properties,NA,"3,000",80 - 90,800 - 900,Jul 2021
OXFORD SUITES,OXFORD ROAD,08,Non-landed Properties,NA,"2,800",80 - 90,"900 - 1,000",Sep 2021
OXFORD SUITES,OXFORD ROAD,08,Non-landed Properties,1,"2,700",60 - 70,600 - 700,Sep 2021
OXFORD SUITES,OXFORD ROAD,08,Non-landed Properties,NA,"3,000",80 - 90,800 - 900,Oct 2021
OXFORD SUITES,OXFORD ROAD,08,Non-landed Properties,NA,"3,100",80 - 90,800 - 900,Oct 2021
OXFORD SUITES,OXFORD ROAD,08,Non-landed Properties,NA,"3,000",80 - 90,800 - 900,Nov 2021
OXFORD SUITES,OXFORD ROAD,08,Non-landed Properties,1,"2,600",60 - 70,600 - 700,Nov 2021
OXLEY EDGE,RIVER VALLEY ROAD,09,Non-landed Properties,1,"2,250",30 - 40,400 - 500,Jan 2021
OXLEY EDGE,RIVER VALLEY ROAD,09,Non-landed Properties,2,"2,600",40 - 50,400 - 500,Jan 2021
OXLEY EDGE,RIVER VALLEY ROAD,09,Non-landed Properties,1,"2,100",30 - 40,400 - 500,Feb 2021
OXLEY EDGE,RIVER VALLEY ROAD,09,Non-landed Properties,1,"2,140",30 - 40,400 - 500,Feb 2021
OXLEY EDGE,RIVER VALLEY ROAD,09,Non-landed Properties,2,"2,800",40 - 50,400 - 500,Jan 2021
OXLEY EDGE,RIVER VALLEY ROAD,09,Non-landed Properties,2,"2,100",40 - 50,400 - 500,Feb 2021
OXLEY EDGE,RIVER VALLEY ROAD,09,Non-landed Properties,1,"2,200",30 - 40,400 - 500,Mar 2021
OXLEY EDGE,RIVER VALLEY ROAD,09,Non-landed Properties,1,"2,100",30 - 40,400 - 500,Mar 2021
OXLEY EDGE,RIVER VALLEY ROAD,09,Non-landed Properties,1,"2,150",30 - 40,400 - 500,Apr 2021
OXLEY EDGE,RIVER VALLEY ROAD,09,Non-landed Properties,1,"2,050",30 - 40,300 - 400,Apr 2021
OXLEY EDGE,RIVER VALLEY ROAD,09,Non-landed Properties,1,"2,300",30 - 40,400 - 500,Apr 2021
OXLEY EDGE,RIVER VALLEY ROAD,09,Non-landed Properties,1,"2,100",40 - 50,400 - 500,May 2021
OXLEY EDGE,RIVER VALLEY ROAD,09,Non-landed Properties,2,"2,150",30 - 40,300 - 400,May 2021
OXLEY EDGE,RIVER VALLEY ROAD,09,Non-landed Properties,2,"2,600",40 - 50,400 - 500,May 2021
OXLEY EDGE,RIVER VALLEY ROAD,09,Non-landed Properties,1,"2,150",30 - 40,400 - 500,Jun 2021
OXLEY EDGE,RIVER VALLEY ROAD,09,Non-landed Properties,2,"2,700",30 - 40,300 - 400,Jun 2021
OXLEY EDGE,RIVER VALLEY ROAD,09,Non-landed Properties,2,"2,500",30 - 40,300 - 400,Jun 2021
OXLEY EDGE,RIVER VALLEY ROAD,09,Non-landed Properties,1,"2,300",30 - 40,400 - 500,Jun 2021
OXLEY EDGE,RIVER VALLEY ROAD,09,Non-landed Properties,2,"3,000",50 - 60,500 - 600,Jun 2021
OXLEY EDGE,RIVER VALLEY ROAD,09,Non-landed Properties,2,"2,250",30 - 40,300 - 400,Jul 2021
OXLEY EDGE,RIVER VALLEY ROAD,09,Non-landed Properties,1,"2,150",30 - 40,400 - 500,Aug 2021
OXLEY EDGE,RIVER VALLEY ROAD,09,Non-landed Properties,2,"2,550",40 - 50,400 - 500,Aug 2021
OXLEY EDGE,RIVER VALLEY ROAD,09,Non-landed Properties,1,"2,150",40 - 50,400 - 500,Sep 2021
OXLEY EDGE,RIVER VALLEY ROAD,09,Non-landed Properties,2,"3,000",40 - 50,400 - 500,Jul 2021
OXLEY EDGE,RIVER VALLEY ROAD,09,Non-landed Properties,1,"2,300",30 - 40,400 - 500,Sep 2021
OXLEY EDGE,RIVER VALLEY ROAD,09,Non-landed Properties,2,"2,300",30 - 40,300 - 400,Oct 2021
OXLEY EDGE,RIVER VALLEY ROAD,09,Non-landed Properties,1,"2,150",30 - 40,400 - 500,Oct 2021
OXLEY EDGE,RIVER VALLEY ROAD,09,Non-landed Properties,1,"2,400",30 - 40,400 - 500,Oct 2021
OXLEY EDGE,RIVER VALLEY ROAD,09,Non-landed Properties,2,"2,400",30 - 40,300 - 400,Oct 2021
OXLEY EDGE,RIVER VALLEY ROAD,09,Non-landed Properties,2,"2,250",30 - 40,300 - 400,Oct 2021
OXLEY EDGE,RIVER VALLEY ROAD,09,Non-landed Properties,1,"2,600",30 - 40,400 - 500,Oct 2021
OXLEY EDGE,RIVER VALLEY ROAD,09,Non-landed Properties,1,"2,400",40 - 50,400 - 500,Nov 2021
OXLEY EDGE,RIVER VALLEY ROAD,09,Non-landed Properties,2,"3,200",50 - 60,500 - 600,Nov 2021
OXLEY GARDEN,OXLEY GARDEN,09,Non-landed Properties,3,"4,400",150 - 160,"1,600 - 1,700",Feb 2021
OXLEY GARDEN,OXLEY GARDEN,09,Non-landed Properties,3,"4,400",150 - 160,"1,600 - 1,700",Feb 2021
OXLEY GARDEN,OXLEY GARDEN,09,Non-landed Properties,3,"3,800",150 - 160,"1,700 - 1,800",Apr 2021
OXLEY GARDEN,OXLEY GARDEN,09,Non-landed Properties,3,"3,500",150 - 160,"1,600 - 1,700",Apr 2021
OXLEY GARDEN,OXLEY GARDEN,09,Non-landed Properties,3,"3,500",150 - 160,"1,700 - 1,800",May 2021
OXLEY GARDEN,OXLEY GARDEN,09,Non-landed Properties,3,"4,100",150 - 160,"1,600 - 1,700",Jun 2021
OXLEY GARDEN,OXLEY GARDEN,09,Non-landed Properties,3,"4,000",150 - 160,"1,700 - 1,800",Jul 2021
OXLEY GARDEN,OXLEY GARDEN,09,Non-landed Properties,3,"4,200",150 - 160,"1,600 - 1,700",Jul 2021
OXLEY GARDEN,OXLEY GARDEN,09,Non-landed Properties,3,"4,000",150 - 160,"1,600 - 1,700",Aug 2021
OXLEY GARDEN,OXLEY GARDEN,09,Non-landed Properties,3,"4,500",150 - 160,"1,600 - 1,700",Aug 2021
OXLEY GARDEN,OXLEY GARDEN,09,Non-landed Properties,3,"4,000",150 - 160,"1,600 - 1,700",Sep 2021
OXLEY GARDEN,OXLEY GARDEN,09,Non-landed Properties,3,"4,300",150 - 160,"1,700 - 1,800",Sep 2021
OXLEY GARDEN,OXLEY GARDEN,09,Non-landed Properties,3,"4,000",150 - 160,"1,600 - 1,700",Oct 2021
OXLEY GARDEN,OXLEY GARDEN,09,Non-landed Properties,3,"4,500",150 - 160,"1,600 - 1,700",Nov 2021
OXLEY GARDEN,OXLEY GARDEN,09,Non-landed Properties,3,"4,100",150 - 160,"1,600 - 1,700",Nov 2021
OXLEY MANSION,OXLEY ROAD,09,Non-landed Properties,3,"2,500",90 - 100,"900 - 1,000",Feb 2021
OXLEY MANSION,OXLEY ROAD,09,Non-landed Properties,3,"2,800",90 - 100,"900 - 1,000",Feb 2021
OXLEY MANSION,OXLEY ROAD,09,Non-landed Properties,3,"3,100",90 - 100,"900 - 1,000",Mar 2021
OXLEY MANSION,OXLEY ROAD,09,Non-landed Properties,3,"3,300",80 - 90,"900 - 1,000",May 2021
OXLEY MANSION,OXLEY ROAD,09,Non-landed Properties,3,"3,100",90 - 100,"900 - 1,000",Jun 2021
OXLEY MANSION,OXLEY ROAD,09,Non-landed Properties,3,"2,550",80 - 90,"900 - 1,000",Jun 2021
OXLEY MANSION,OXLEY ROAD,09,Non-landed Properties,3,"2,400",90 - 100,"900 - 1,000",Aug 2021
OXLEY MANSION,OXLEY ROAD,09,Non-landed Properties,3,"2,700",80 - 90,"900 - 1,000",Sep 2021
OXLEY MANSION,OXLEY ROAD,09,Non-landed Properties,3,"2,800",80 - 90,"900 - 1,000",Oct 2021
OXLEY MANSION,OXLEY ROAD,09,Non-landed Properties,3,"3,200",90 - 100,"900 - 1,000",Nov 2021
OXLEY NEO RESIDENCES,OXLEY ROAD,09,Detached House,NA,"18,000",400 - 410,"4,300 - 4,400",Jan 2021
OXLEY NEO RESIDENCES,OXLEY ROAD,09,Semi-Detached House,NA,"12,000",250 - 260,"2,700 - 2,800",Mar 2021
OXLEY NEO RESIDENCES,OXLEY ROAD,09,Semi-Detached House,NA,"12,000",280 - 290,"3,100 - 3,200",Jun 2021
OXLEY NEO RESIDENCES,OXLEY ROAD,09,Detached House,NA,"18,000",400 - 410,"4,300 - 4,400",Jun 2021
OXLEY NEO RESIDENCES,OXLEY ROAD,09,Detached House,NA,"18,500",540 - 550,"5,800 - 5,900",Oct 2021
OXLEY NEO RESIDENCES,OXLEY ROAD,09,Detached House,NA,"18,000",410 - 420,"4,400 - 4,500",Nov 2021
OXLEY RESIDENCE,OXLEY ROAD,09,Non-landed Properties,4,"9,800",230 - 240,"2,500 - 2,600",Feb 2021
OXLEY RESIDENCE,OXLEY ROAD,09,Non-landed Properties,4,"9,000",230 - 240,"2,500 - 2,600",Apr 2021
OXLEY RESIDENCE,OXLEY ROAD,09,Non-landed Properties,4,"10,000",280 - 290,"3,000 - 3,100",Apr 2021
OXLEY RESIDENCE,OXLEY ROAD,09,Terrace House,NA,"16,500","1,380 - 1,390","14,900 - 15,000",Aug 2021
OXLEY RESIDENCE,OXLEY ROAD,09,Non-landed Properties,4,"11,000",280 - 290,"3,000 - 3,100",Aug 2021
OXLEY RESIDENCE,OXLEY ROAD,09,Non-landed Properties,4,"15,000",440 - 450,"4,700 - 4,800",Sep 2021
OXLEY RESIDENCE,OXLEY ROAD,09,Non-landed Properties,4,"13,800",430 - 440,"4,600 - 4,700",Oct 2021
PALACIO,LORONG M TELOK KURAU,15,Terrace House,NA,"5,500",340 - 350,"3,700 - 3,800",Nov 2021
PALAZZETTO,TANJONG RHU ROAD,15,Non-landed Properties,2,"2,000",70 - 80,800 - 900,Jan 2021
PALAZZETTO,TANJONG RHU ROAD,15,Non-landed Properties,2,"2,300",70 - 80,800 - 900,Jan 2021
PALAZZETTO,TANJONG RHU ROAD,15,Non-landed Properties,2,"2,600",70 - 80,800 - 900,Mar 2021
PALAZZETTO,TANJONG RHU ROAD,15,Non-landed Properties,2,"2,700",70 - 80,800 - 900,Mar 2021
PALAZZETTO,TANJONG RHU ROAD,15,Non-landed Properties,2,"2,350",70 - 80,800 - 900,May 2021
PALAZZETTO,TANJONG RHU ROAD,15,Non-landed Properties,2,"2,400",70 - 80,800 - 900,May 2021
PALAZZETTO,TANJONG RHU ROAD,15,Non-landed Properties,2,"2,500",70 - 80,800 - 900,May 2021
PALAZZETTO,TANJONG RHU ROAD,15,Non-landed Properties,2,"2,450",70 - 80,800 - 900,Jul 2021
PALAZZETTO,TANJONG RHU ROAD,15,Non-landed Properties,2,"2,550",70 - 80,800 - 900,Aug 2021
PALAZZETTO,TANJONG RHU ROAD,15,Non-landed Properties,2,"3,000",70 - 80,800 - 900,Aug 2021
PALAZZETTO,TANJONG RHU ROAD,15,Non-landed Properties,2,"2,400",70 - 80,800 - 900,Oct 2021
PALAZZETTO,TANJONG RHU ROAD,15,Non-landed Properties,2,"2,250",70 - 80,800 - 900,Nov 2021
PALAZZETTO,TANJONG RHU ROAD,15,Non-landed Properties,2,"2,800",70 - 80,800 - 900,Nov 2021
PALAZZETTO,TANJONG RHU ROAD,15,Non-landed Properties,2,"2,800",70 - 80,800 - 900,Nov 2021
PALISADES,PASIR PANJANG ROAD,05,Non-landed Properties,3,"9,000",370 - 380,"3,900 - 4,000",Jan 2021
PALISADES,PASIR PANJANG ROAD,05,Non-landed Properties,3,"5,700",300 - 310,"3,300 - 3,400",Apr 2021
PALISADES,PASIR PANJANG ROAD,05,Non-landed Properties,3,"11,000",370 - 380,"3,900 - 4,000",May 2021
PALISADES,PASIR PANJANG ROAD,05,Non-landed Properties,3,"4,800",270 - 280,"2,900 - 3,000",Jul 2021
PALISADES,PASIR PANJANG ROAD,05,Non-landed Properties,3,"5,100",270 - 280,"2,900 - 3,000",Nov 2021
PALISADES,PASIR PANJANG ROAD,05,Non-landed Properties,3,"8,500",300 - 310,"3,300 - 3,400",Nov 2021
PALM GALLERIA,LORONG K TELOK KURAU,15,Non-landed Properties,3,"2,400",90 - 100,"1,000 - 1,100",Jan 2021
PALM GALLERIA,LORONG K TELOK KURAU,15,Non-landed Properties,3,"2,600",100 - 110,"1,100 - 1,200",Feb 2021
PALM GALLERIA,LORONG K TELOK KURAU,15,Non-landed Properties,3,"2,500",90 - 100,"1,000 - 1,100",Jun 2021
PALM GALLERIA,LORONG K TELOK KURAU,15,Non-landed Properties,3,"2,600",100 - 110,"1,100 - 1,200",Sep 2021
PALM GALLERIA,LORONG K TELOK KURAU,15,Non-landed Properties,3,"2,900",90 - 100,"1,000 - 1,100",Sep 2021
PALM GALLERIA,LORONG K TELOK KURAU,15,Non-landed Properties,3,"2,500",90 - 100,"1,000 - 1,100",Nov 2021
PALM GALLERIA,LORONG K TELOK KURAU,15,Non-landed Properties,3,"3,000",90 - 100,"900 - 1,000",Nov 2021
PALM GARDENS,HONG SAN WALK,23,Non-landed Properties,3,"2,300",110 - 120,"1,200 - 1,300",Jan 2021
PALM GARDENS,HONG SAN WALK,23,Non-landed Properties,3,"2,550",110 - 120,"1,200 - 1,300",Jan 2021
PALM GARDENS,HONG SAN WALK,23,Non-landed Properties,2,"2,200",80 - 90,"900 - 1,000",Jan 2021
PALM GARDENS,HONG SAN WALK,23,Non-landed Properties,3,"2,800",110 - 120,"1,200 - 1,300",Jan 2021
PALM GARDENS,HONG SAN WALK,23,Non-landed Properties,3,"2,250",110 - 120,"1,200 - 1,300",Feb 2021
PALM GARDENS,HONG SAN WALK,23,Non-landed Properties,3,"2,400",110 - 120,"1,200 - 1,300",Feb 2021
PALM GARDENS,HONG SAN WALK,23,Non-landed Properties,3,"2,300",110 - 120,"1,200 - 1,300",Feb 2021
PALM GARDENS,HONG SAN WALK,23,Non-landed Properties,4,"3,000",130 - 140,"1,400 - 1,500",Feb 2021
PALM GARDENS,HONG SAN WALK,23,Non-landed Properties,3,"2,500",110 - 120,"1,200 - 1,300",Feb 2021
PALM GARDENS,HONG SAN WALK,23,Non-landed Properties,2,"2,200",80 - 90,"900 - 1,000",Feb 2021
PALM GARDENS,HONG SAN WALK,23,Non-landed Properties,3,"2,450",110 - 120,"1,200 - 1,300",Mar 2021
PALM GARDENS,HONG SAN WALK,23,Non-landed Properties,3,"2,250",110 - 120,"1,200 - 1,300",Mar 2021
PALM GARDENS,HONG SAN WALK,23,Non-landed Properties,2,"2,250",80 - 90,"900 - 1,000",Mar 2021
PALM GARDENS,HONG SAN WALK,23,Non-landed Properties,4,"2,800",130 - 140,"1,400 - 1,500",Feb 2021
PALM GARDENS,HONG SAN WALK,23,Non-landed Properties,3,"2,700",110 - 120,"1,200 - 1,300",Mar 2021
PALM GARDENS,HONG SAN WALK,23,Non-landed Properties,3,"2,600",110 - 120,"1,200 - 1,300",Apr 2021
PALM GARDENS,HONG SAN WALK,23,Non-landed Properties,3,"2,450",110 - 120,"1,200 - 1,300",Apr 2021
PALM GARDENS,HONG SAN WALK,23,Non-landed Properties,3,"2,400",110 - 120,"1,200 - 1,300",Apr 2021
PALM GARDENS,HONG SAN WALK,23,Non-landed Properties,3,"2,550",110 - 120,"1,200 - 1,300",Apr 2021
PALM GARDENS,HONG SAN WALK,23,Non-landed Properties,3,"2,400",110 - 120,"1,200 - 1,300",Apr 2021
PALM GARDENS,HONG SAN WALK,23,Non-landed Properties,2,"1,800",80 - 90,"900 - 1,000",Apr 2021
PALM GARDENS,HONG SAN WALK,23,Non-landed Properties,3,"2,800",110 - 120,"1,200 - 1,300",Apr 2021
PALM GARDENS,HONG SAN WALK,23,Non-landed Properties,2,"2,100",80 - 90,"900 - 1,000",May 2021
PALM GARDENS,HONG SAN WALK,23,Non-landed Properties,3,"2,600",110 - 120,"1,200 - 1,300",May 2021
PALM GARDENS,HONG SAN WALK,23,Non-landed Properties,3,"2,300",110 - 120,"1,200 - 1,300",May 2021
PALM GARDENS,HONG SAN WALK,23,Non-landed Properties,3,"2,300",110 - 120,"1,200 - 1,300",May 2021
PALM GARDENS,HONG SAN WALK,23,Non-landed Properties,3,"2,350",110 - 120,"1,200 - 1,300",May 2021
PALM GARDENS,HONG SAN WALK,23,Non-landed Properties,2,"2,350",80 - 90,"900 - 1,000",May 2021
PALM GARDENS,HONG SAN WALK,23,Non-landed Properties,2,"2,100",80 - 90,"900 - 1,000",Jun 2021
PALM GARDENS,HONG SAN WALK,23,Non-landed Properties,3,"2,300",110 - 120,"1,200 - 1,300",Jun 2021
PALM GARDENS,HONG SAN WALK,23,Non-landed Properties,3,"2,700",110 - 120,"1,200 - 1,300",Jun 2021
PALM GARDENS,HONG SAN WALK,23,Non-landed Properties,2,"1,750",80 - 90,"900 - 1,000",Jun 2021
PALM GARDENS,HONG SAN WALK,23,Non-landed Properties,2,"2,000",80 - 90,"900 - 1,000",Jun 2021
PALM GARDENS,HONG SAN WALK,23,Non-landed Properties,4,"3,100",130 - 140,"1,400 - 1,500",Jul 2021
PALM GARDENS,HONG SAN WALK,23,Non-landed Properties,3,"3,600",180 - 190,"1,900 - 2,000",Jul 2021
PALM GARDENS,HONG SAN WALK,23,Non-landed Properties,2,"2,100",80 - 90,"900 - 1,000",Jul 2021
PALM GARDENS,HONG SAN WALK,23,Non-landed Properties,3,"2,500",110 - 120,"1,200 - 1,300",Aug 2021
PALM GARDENS,HONG SAN WALK,23,Non-landed Properties,4,"3,000",130 - 140,"1,400 - 1,500",Sep 2021
PALM GARDENS,HONG SAN WALK,23,Non-landed Properties,3,"2,500",110 - 120,"1,200 - 1,300",Sep 2021
PALM GARDENS,HONG SAN WALK,23,Non-landed Properties,4,"3,200",130 - 140,"1,400 - 1,500",Sep 2021
PALM GARDENS,HONG SAN WALK,23,Non-landed Properties,3,"2,700",110 - 120,"1,200 - 1,300",Sep 2021
PALM GARDENS,HONG SAN WALK,23,Non-landed Properties,2,"1,750",80 - 90,"900 - 1,000",Sep 2021
PALM GARDENS,HONG SAN WALK,23,Non-landed Properties,3,"2,400",110 - 120,"1,200 - 1,300",Sep 2021
PALM GARDENS,HONG SAN WALK,23,Non-landed Properties,3,"3,000",110 - 120,"1,200 - 1,300",Sep 2021
PALM GARDENS,HONG SAN WALK,23,Non-landed Properties,3,"2,800",110 - 120,"1,200 - 1,300",Sep 2021
PALM GARDENS,HONG SAN WALK,23,Non-landed Properties,3,"2,500",110 - 120,"1,200 - 1,300",Sep 2021
PALM GARDENS,HONG SAN WALK,23,Non-landed Properties,3,"2,550",110 - 120,"1,200 - 1,300",Oct 2021
PALM GARDENS,HONG SAN WALK,23,Non-landed Properties,3,"2,600",110 - 120,"1,200 - 1,300",Oct 2021
PALM GARDENS,HONG SAN WALK,23,Non-landed Properties,4,"3,300",130 - 140,"1,400 - 1,500",Oct 2021
PALM GARDENS,HONG SAN WALK,23,Non-landed Properties,3,"2,300",110 - 120,"1,200 - 1,300",Oct 2021
PALM GARDENS,HONG SAN WALK,23,Non-landed Properties,4,"2,500",120 - 130,"1,300 - 1,400",Oct 2021
PALM GARDENS,HONG SAN WALK,23,Non-landed Properties,3,"2,900",110 - 120,"1,200 - 1,300",Oct 2021
PALM GARDENS,HONG SAN WALK,23,Non-landed Properties,3,"3,000",110 - 120,"1,200 - 1,300",Oct 2021
PALM GARDENS,HONG SAN WALK,23,Non-landed Properties,3,"2,500",110 - 120,"1,200 - 1,300",Nov 2021
PALM GARDENS,HONG SAN WALK,23,Non-landed Properties,2,"2,300",80 - 90,"900 - 1,000",Nov 2021
PALM GARDENS,HONG SAN WALK,23,Non-landed Properties,4,"3,000",130 - 140,"1,400 - 1,500",Nov 2021
PALM GARDENS,HONG SAN WALK,23,Non-landed Properties,3,"2,500",110 - 120,"1,200 - 1,300",Nov 2021
PALM GREEN,PASIR PANJANG ROAD,05,Non-landed Properties,2,"2,275",100 - 110,"1,000 - 1,100",Jan 2021
PALM GREEN,PASIR PANJANG ROAD,05,Non-landed Properties,2,"2,500",100 - 110,"1,100 - 1,200",Jan 2021
PALM GREEN,PASIR PANJANG ROAD,05,Non-landed Properties,3,"3,000",110 - 120,"1,200 - 1,300",May 2021
PALM GREEN,PASIR PANJANG ROAD,05,Non-landed Properties,2,"2,900",110 - 120,"1,200 - 1,300",Jul 2021
PALM GREEN,PASIR PANJANG ROAD,05,Non-landed Properties,3,"3,400",120 - 130,"1,300 - 1,400",Jul 2021
PALM GREEN,PASIR PANJANG ROAD,05,Non-landed Properties,2,"2,500",110 - 120,"1,200 - 1,300",Jul 2021
PALM GREEN,PASIR PANJANG ROAD,05,Non-landed Properties,3,"3,300",120 - 130,"1,200 - 1,300",Jul 2021
PALM GREEN,PASIR PANJANG ROAD,05,Non-landed Properties,2,"2,700",100 - 110,"1,100 - 1,200",Jul 2021
PALM GREEN,PASIR PANJANG ROAD,05,Non-landed Properties,2,"2,200",100 - 110,"1,100 - 1,200",Aug 2021
PALM GREEN,PASIR PANJANG ROAD,05,Non-landed Properties,3,"3,100",120 - 130,"1,300 - 1,400",Aug 2021
PALM GREEN,PASIR PANJANG ROAD,05,Non-landed Properties,2,"2,700",100 - 110,"1,100 - 1,200",Oct 2021
PALM GREEN,PASIR PANJANG ROAD,05,Non-landed Properties,2,"2,650",100 - 110,"1,100 - 1,200",Oct 2021
PALM GREEN,PASIR PANJANG ROAD,05,Non-landed Properties,3,"3,200",120 - 130,"1,300 - 1,400",Oct 2021
PALM GROVE CONDOMINIUM,PALM GROVE AVENUE,19,Non-landed Properties,3,"3,000",130 - 140,"1,400 - 1,500",Jan 2021
PALM GROVE CONDOMINIUM,PALM GROVE AVENUE,19,Non-landed Properties,1,"2,000",60 - 70,600 - 700,Feb 2021
PALM GROVE CONDOMINIUM,PALM GROVE AVENUE,19,Non-landed Properties,3,"3,000",120 - 130,"1,300 - 1,400",May 2021
PALM GROVE CONDOMINIUM,PALM GROVE AVENUE,19,Non-landed Properties,3,"3,800",170 - 180,"1,900 - 2,000",May 2021
PALM GROVE CONDOMINIUM,PALM GROVE AVENUE,19,Non-landed Properties,1,"2,050",60 - 70,600 - 700,Jun 2021
PALM GROVE CONDOMINIUM,PALM GROVE AVENUE,19,Non-landed Properties,3,"3,500",150 - 160,"1,600 - 1,700",Jul 2021
PALM GROVE CONDOMINIUM,PALM GROVE AVENUE,19,Non-landed Properties,3,"3,450",170 - 180,"1,900 - 2,000",Jul 2021
PALM GROVE CONDOMINIUM,PALM GROVE AVENUE,19,Non-landed Properties,3,"3,100",130 - 140,"1,400 - 1,500",Aug 2021
PALM GROVE CONDOMINIUM,PALM GROVE AVENUE,19,Non-landed Properties,3,"4,200",130 - 140,"1,300 - 1,400",Sep 2021
PALM GROVE CONDOMINIUM,PALM GROVE AVENUE,19,Non-landed Properties,3,"4,100",170 - 180,"1,800 - 1,900",Sep 2021
PALM GROVE TERRACE,PALM GROVE AVENUE,19,Terrace House,NA,"2,800",150 - 160,"1,600 - 1,700",May 2021
PALM HAVEN,PALM GROVE AVENUE,19,Non-landed Properties,2,"2,000",100 - 110,"1,000 - 1,100",Apr 2021
PALM HAVEN,PALM GROVE AVENUE,19,Non-landed Properties,2,"2,600",100 - 110,"1,000 - 1,100",May 2021
PALM ISLES,FLORA DRIVE,17,Non-landed Properties,2,"2,000",70 - 80,700 - 800,Jan 2021
PALM ISLES,FLORA DRIVE,17,Non-landed Properties,1,"1,750",40 - 50,500 - 600,Jan 2021
PALM ISLES,FLORA DRIVE,17,Non-landed Properties,2,"1,900",70 - 80,800 - 900,Jan 2021
PALM ISLES,FLORA DRIVE,17,Non-landed Properties,2,"2,100",70 - 80,800 - 900,Jan 2021
PALM ISLES,FLORA DRIVE,17,Non-landed Properties,1,"2,000",40 - 50,500 - 600,Jan 2021
PALM ISLES,FLORA DRIVE,17,Non-landed Properties,1,"1,850",40 - 50,500 - 600,Jan 2021
PALM ISLES,FLORA DRIVE,17,Non-landed Properties,1,"2,000",40 - 50,500 - 600,Jan 2021
PALM ISLES,FLORA DRIVE,17,Non-landed Properties,2,"2,100",70 - 80,700 - 800,Jan 2021
PALM ISLES,FLORA DRIVE,17,Non-landed Properties,1,"1,700",40 - 50,500 - 600,Jan 2021
PALM ISLES,FLORA DRIVE,17,Non-landed Properties,5,"5,600",280 - 290,"3,000 - 3,100",Jan 2021
PALM ISLES,FLORA DRIVE,17,Non-landed Properties,2,"2,100",80 - 90,"900 - 1,000",Feb 2021
PALM ISLES,FLORA DRIVE,17,Non-landed Properties,1,"1,700",40 - 50,500 - 600,Feb 2021
PALM ISLES,FLORA DRIVE,17,Non-landed Properties,2,"1,900",70 - 80,800 - 900,Feb 2021
PALM ISLES,FLORA DRIVE,17,Non-landed Properties,3,"2,500",90 - 100,"900 - 1,000",Feb 2021
PALM ISLES,FLORA DRIVE,17,Non-landed Properties,2,"2,300",70 - 80,700 - 800,Feb 2021
PALM ISLES,FLORA DRIVE,17,Non-landed Properties,2,"2,100",70 - 80,800 - 900,Feb 2021
PALM ISLES,FLORA DRIVE,17,Non-landed Properties,3,"2,700",90 - 100,"900 - 1,000",Feb 2021
PALM ISLES,FLORA DRIVE,17,Non-landed Properties,2,"2,200",70 - 80,700 - 800,Feb 2021
PALM ISLES,FLORA DRIVE,17,Non-landed Properties,3,"2,650",100 - 110,"1,100 - 1,200",Feb 2021
PALM ISLES,FLORA DRIVE,17,Non-landed Properties,3,"2,250",90 - 100,"900 - 1,000",Feb 2021
PALM ISLES,FLORA DRIVE,17,Non-landed Properties,2,"2,200",70 - 80,700 - 800,Jan 2021
PALM ISLES,FLORA DRIVE,17,Non-landed Properties,1,"2,100",40 - 50,500 - 600,Feb 2021
PALM ISLES,FLORA DRIVE,17,Non-landed Properties,1,"1,850",50 - 60,500 - 600,Feb 2021
PALM ISLES,FLORA DRIVE,17,Non-landed Properties,1,"1,900",40 - 50,500 - 600,Feb 2021
PALM ISLES,FLORA DRIVE,17,Non-landed Properties,3,"2,200",90 - 100,"900 - 1,000",Mar 2021
PALM ISLES,FLORA DRIVE,17,Non-landed Properties,1,"1,900",40 - 50,500 - 600,Mar 2021
PALM ISLES,FLORA DRIVE,17,Non-landed Properties,3,"2,600",90 - 100,"900 - 1,000",Mar 2021
PALM ISLES,FLORA DRIVE,17,Non-landed Properties,2,"2,200",70 - 80,700 - 800,Mar 2021
PALM ISLES,FLORA DRIVE,17,Non-landed Properties,3,"2,400",90 - 100,"900 - 1,000",Mar 2021
PALM ISLES,FLORA DRIVE,17,Non-landed Properties,2,"2,500",70 - 80,800 - 900,Mar 2021
PALM ISLES,FLORA DRIVE,17,Non-landed Properties,1,"2,000",50 - 60,500 - 600,Mar 2021
PALM ISLES,FLORA DRIVE,17,Non-landed Properties,3,"2,935",90 - 100,"900 - 1,000",Mar 2021
PALM ISLES,FLORA DRIVE,17,Non-landed Properties,1,"1,650",50 - 60,500 - 600,Feb 2021
PALM ISLES,FLORA DRIVE,17,Non-landed Properties,3,"2,100",90 - 100,"900 - 1,000",Mar 2021
PALM ISLES,FLORA DRIVE,17,Non-landed Properties,1,"1,700",40 - 50,500 - 600,Mar 2021
PALM ISLES,FLORA DRIVE,17,Non-landed Properties,1,"1,783",50 - 60,500 - 600,Feb 2021
PALM ISLES,FLORA DRIVE,17,Non-landed Properties,1,"1,750",40 - 50,500 - 600,Mar 2021
PALM ISLES,FLORA DRIVE,17,Non-landed Properties,2,"2,150",70 - 80,800 - 900,Apr 2021
PALM ISLES,FLORA DRIVE,17,Non-landed Properties,3,"2,600",90 - 100,"900 - 1,000",Apr 2021
PALM ISLES,FLORA DRIVE,17,Non-landed Properties,2,"2,000",70 - 80,700 - 800,Apr 2021
PALM ISLES,FLORA DRIVE,17,Non-landed Properties,2,"2,550",70 - 80,800 - 900,Apr 2021
PALM ISLES,FLORA DRIVE,17,Non-landed Properties,1,"1,850",40 - 50,500 - 600,Apr 2021
PALM ISLES,FLORA DRIVE,17,Non-landed Properties,2,"2,300",70 - 80,700 - 800,Apr 2021
PALM ISLES,FLORA DRIVE,17,Non-landed Properties,1,"1,650",40 - 50,500 - 600,Apr 2021
PALM ISLES,FLORA DRIVE,17,Non-landed Properties,2,"2,150",70 - 80,800 - 900,Apr 2021
PALM ISLES,FLORA DRIVE,17,Non-landed Properties,1,"2,050",40 - 50,500 - 600,Apr 2021
PALM ISLES,FLORA DRIVE,17,Non-landed Properties,1,"1,950",40 - 50,500 - 600,May 2021
PALM ISLES,FLORA DRIVE,17,Non-landed Properties,3,"2,800",100 - 110,"1,100 - 1,200",May 2021
PALM ISLES,FLORA DRIVE,17,Non-landed Properties,2,"2,150",70 - 80,700 - 800,May 2021
PALM ISLES,FLORA DRIVE,17,Non-landed Properties,2,"2,050",70 - 80,800 - 900,May 2021
PALM ISLES,FLORA DRIVE,17,Non-landed Properties,2,"2,500",70 - 80,800 - 900,May 2021
PALM ISLES,FLORA DRIVE,17,Non-landed Properties,2,"2,100",70 - 80,700 - 800,May 2021
PALM ISLES,FLORA DRIVE,17,Non-landed Properties,2,"2,200",70 - 80,800 - 900,May 2021
PALM ISLES,FLORA DRIVE,17,Non-landed Properties,3,"1,900",90 - 100,"900 - 1,000",May 2021
PALM ISLES,FLORA DRIVE,17,Non-landed Properties,1,954,40 - 50,500 - 600,May 2021
PALM ISLES,FLORA DRIVE,17,Non-landed Properties,1,"1,650",40 - 50,500 - 600,Jun 2021
PALM ISLES,FLORA DRIVE,17,Non-landed Properties,1,"1,850",40 - 50,500 - 600,Jun 2021
PALM ISLES,FLORA DRIVE,17,Non-landed Properties,1,"1,900",40 - 50,500 - 600,Jun 2021
PALM ISLES,FLORA DRIVE,17,Non-landed Properties,1,"1,700",40 - 50,500 - 600,Jun 2021
PALM ISLES,FLORA DRIVE,17,Non-landed Properties,2,"2,300",70 - 80,800 - 900,Jun 2021
PALM ISLES,FLORA DRIVE,17,Non-landed Properties,1,"1,700",40 - 50,500 - 600,Jun 2021
PALM ISLES,FLORA DRIVE,17,Non-landed Properties,1,"1,800",40 - 50,500 - 600,Jun 2021
PALM ISLES,FLORA DRIVE,17,Non-landed Properties,1,"1,850",40 - 50,500 - 600,Jul 2021
PALM ISLES,FLORA DRIVE,17,Non-landed Properties,1,"1,800",40 - 50,500 - 600,Jul 2021
PALM ISLES,FLORA DRIVE,17,Non-landed Properties,5,"5,350",280 - 290,"3,000 - 3,100",Jul 2021
PALM ISLES,FLORA DRIVE,17,Non-landed Properties,1,"1,600",40 - 50,500 - 600,Jul 2021
PALM ISLES,FLORA DRIVE,17,Non-landed Properties,2,"2,150",70 - 80,800 - 900,Jul 2021
PALM ISLES,FLORA DRIVE,17,Non-landed Properties,2,"2,400",70 - 80,800 - 900,Jul 2021
PALM ISLES,FLORA DRIVE,17,Non-landed Properties,2,"2,200",70 - 80,700 - 800,Jul 2021
PALM ISLES,FLORA DRIVE,17,Non-landed Properties,1,"1,700",40 - 50,500 - 600,Jul 2021
PALM ISLES,FLORA DRIVE,17,Non-landed Properties,1,"1,950",40 - 50,500 - 600,Jul 2021
PALM ISLES,FLORA DRIVE,17,Non-landed Properties,1,"1,900",40 - 50,500 - 600,Jul 2021
PALM ISLES,FLORA DRIVE,17,Non-landed Properties,2,"2,300",70 - 80,700 - 800,Jun 2021
PALM ISLES,FLORA DRIVE,17,Non-landed Properties,1,"1,950",40 - 50,500 - 600,Jul 2021
PALM ISLES,FLORA DRIVE,17,Non-landed Properties,1,"1,750",40 - 50,500 - 600,Jul 2021
PALM ISLES,FLORA DRIVE,17,Non-landed Properties,3,"2,650",90 - 100,"900 - 1,000",Jul 2021
PALM ISLES,FLORA DRIVE,17,Non-landed Properties,5,"5,400",280 - 290,"3,000 - 3,100",Jun 2021
PALM ISLES,FLORA DRIVE,17,Non-landed Properties,2,"2,100",80 - 90,"900 - 1,000",Aug 2021
PALM ISLES,FLORA DRIVE,17,Non-landed Properties,2,"2,000",70 - 80,700 - 800,Aug 2021
PALM ISLES,FLORA DRIVE,17,Non-landed Properties,1,"1,750",40 - 50,500 - 600,Aug 2021
PALM ISLES,FLORA DRIVE,17,Non-landed Properties,2,"2,100",70 - 80,800 - 900,Aug 2021
PALM ISLES,FLORA DRIVE,17,Non-landed Properties,3,"2,550",100 - 110,"1,100 - 1,200",Aug 2021
PALM ISLES,FLORA DRIVE,17,Non-landed Properties,1,"1,900",40 - 50,500 - 600,Aug 2021
PALM ISLES,FLORA DRIVE,17,Non-landed Properties,1,"1,850",40 - 50,500 - 600,Aug 2021
PALM ISLES,FLORA DRIVE,17,Non-landed Properties,1,"1,750",40 - 50,500 - 600,Aug 2021
PALM ISLES,FLORA DRIVE,17,Non-landed Properties,1,"1,900",40 - 50,500 - 600,Aug 2021
PALM ISLES,FLORA DRIVE,17,Non-landed Properties,3,"2,900",90 - 100,"900 - 1,000",Aug 2021
PALM ISLES,FLORA DRIVE,17,Non-landed Properties,3,"2,900",100 - 110,"1,100 - 1,200",Jul 2021
PALM ISLES,FLORA DRIVE,17,Non-landed Properties,1,"1,750",40 - 50,500 - 600,Jul 2021
PALM ISLES,FLORA DRIVE,17,Non-landed Properties,3,"2,800",90 - 100,"900 - 1,000",Aug 2021
PALM ISLES,FLORA DRIVE,17,Non-landed Properties,1,"1,650",50 - 60,500 - 600,Aug 2021
PALM ISLES,FLORA DRIVE,17,Non-landed Properties,1,"1,850",40 - 50,500 - 600,Aug 2021
PALM ISLES,FLORA DRIVE,17,Non-landed Properties,1,"1,600",40 - 50,500 - 600,Aug 2021
PALM ISLES,FLORA DRIVE,17,Non-landed Properties,2,"2,550",70 - 80,800 - 900,Aug 2021
PALM ISLES,FLORA DRIVE,17,Non-landed Properties,3,"2,600",90 - 100,"900 - 1,000",Jun 2021
PALM ISLES,FLORA DRIVE,17,Non-landed Properties,2,"2,000",70 - 80,800 - 900,Sep 2021
PALM ISLES,FLORA DRIVE,17,Non-landed Properties,1,"1,750",40 - 50,500 - 600,Sep 2021
PALM ISLES,FLORA DRIVE,17,Non-landed Properties,1,"1,750",40 - 50,500 - 600,Sep 2021
PALM ISLES,FLORA DRIVE,17,Non-landed Properties,3,"2,100",90 - 100,"900 - 1,000",Sep 2021
PALM ISLES,FLORA DRIVE,17,Non-landed Properties,1,"2,000",40 - 50,500 - 600,Sep 2021
PALM ISLES,FLORA DRIVE,17,Non-landed Properties,1,"1,700",50 - 60,500 - 600,Sep 2021
PALM ISLES,FLORA DRIVE,17,Non-landed Properties,3,"2,500",100 - 110,"1,100 - 1,200",Sep 2021
PALM ISLES,FLORA DRIVE,17,Non-landed Properties,3,"3,000",90 - 100,"900 - 1,000",Sep 2021
PALM ISLES,FLORA DRIVE,17,Non-landed Properties,1,"1,750",40 - 50,500 - 600,Sep 2021
PALM ISLES,FLORA DRIVE,17,Non-landed Properties,2,"2,500",70 - 80,800 - 900,Sep 2021
PALM ISLES,FLORA DRIVE,17,Non-landed Properties,3,"2,350",100 - 110,"1,100 - 1,200",Sep 2021
PALM ISLES,FLORA DRIVE,17,Non-landed Properties,1,"1,700",40 - 50,500 - 600,Aug 2021
PALM ISLES,FLORA DRIVE,17,Non-landed Properties,1,"1,850",40 - 50,500 - 600,Sep 2021
PALM ISLES,FLORA DRIVE,17,Non-landed Properties,2,"2,000",70 - 80,800 - 900,Aug 2021
PALM ISLES,FLORA DRIVE,17,Non-landed Properties,3,"2,900",100 - 110,"1,100 - 1,200",Sep 2021
PALM ISLES,FLORA DRIVE,17,Non-landed Properties,1,"2,000",40 - 50,500 - 600,Sep 2021
PALM ISLES,FLORA DRIVE,17,Non-landed Properties,3,"2,600",100 - 110,"1,100 - 1,200",Oct 2021
PALM ISLES,FLORA DRIVE,17,Non-landed Properties,1,"2,000",40 - 50,500 - 600,Oct 2021
PALM ISLES,FLORA DRIVE,17,Non-landed Properties,2,"2,100",70 - 80,700 - 800,Oct 2021
PALM ISLES,FLORA DRIVE,17,Non-landed Properties,2,"2,250",70 - 80,800 - 900,Oct 2021
PALM ISLES,FLORA DRIVE,17,Non-landed Properties,2,"2,400",70 - 80,800 - 900,Oct 2021
PALM ISLES,FLORA DRIVE,17,Non-landed Properties,2,"2,200",70 - 80,800 - 900,Oct 2021
PALM ISLES,FLORA DRIVE,17,Non-landed Properties,1,"1,900",40 - 50,500 - 600,Oct 2021
PALM ISLES,FLORA DRIVE,17,Non-landed Properties,1,"1,750",40 - 50,500 - 600,Oct 2021
PALM ISLES,FLORA DRIVE,17,Non-landed Properties,3,"2,700",100 - 110,"1,100 - 1,200",Oct 2021
PALM ISLES,FLORA DRIVE,17,Non-landed Properties,1,"1,800",40 - 50,500 - 600,Nov 2021
PALM ISLES,FLORA DRIVE,17,Non-landed Properties,3,"2,500",90 - 100,"900 - 1,000",Nov 2021
PALM ISLES,FLORA DRIVE,17,Non-landed Properties,2,"2,350",70 - 80,700 - 800,Nov 2021
PALM ISLES,FLORA DRIVE,17,Non-landed Properties,1,"1,800",40 - 50,500 - 600,Nov 2021
PALM ISLES,FLORA DRIVE,17,Non-landed Properties,1,"1,800",40 - 50,500 - 600,Nov 2021
PALM ISLES,FLORA DRIVE,17,Non-landed Properties,1,"1,750",40 - 50,500 - 600,Nov 2021
PALM ISLES,FLORA DRIVE,17,Non-landed Properties,3,"2,850",120 - 130,"1,300 - 1,400",Nov 2021
PALM ISLES,FLORA DRIVE,17,Non-landed Properties,2,"2,550",70 - 80,800 - 900,Nov 2021
PALM ISLES,FLORA DRIVE,17,Non-landed Properties,1,"1,650",40 - 50,500 - 600,Nov 2021
PALM ISLES,FLORA DRIVE,17,Non-landed Properties,2,"2,500",70 - 80,700 - 800,Nov 2021
PALM ISLES,FLORA DRIVE,17,Non-landed Properties,2,"2,200",80 - 90,"900 - 1,000",Nov 2021
PALM ISLES,FLORA DRIVE,17,Non-landed Properties,1,"2,200",40 - 50,500 - 600,Nov 2021
PALM ISLES,FLORA DRIVE,17,Non-landed Properties,1,"1,750",50 - 60,500 - 600,Oct 2021
PALM ISLES,FLORA DRIVE,17,Non-landed Properties,2,"2,600",70 - 80,800 - 900,Nov 2021
PALM ISLES,FLORA DRIVE,17,Non-landed Properties,2,"2,000",70 - 80,800 - 900,Oct 2021
PALM ISLES,FLORA DRIVE,17,Non-landed Properties,1,"1,600",40 - 50,500 - 600,Nov 2021
PALM ISLES,FLORA DRIVE,17,Non-landed Properties,3,"2,800",90 - 100,"900 - 1,000",Oct 2021
PALM LODGE,LORONG 37 GEYLANG,14,Non-landed Properties,NA,"3,400",150 - 160,"1,600 - 1,700",Jan 2021
PALM LODGE,LORONG 37 GEYLANG,14,Non-landed Properties,NA,"4,000",140 - 150,"1,500 - 1,600",Feb 2021
PALM LODGE,LORONG 37 GEYLANG,14,Non-landed Properties,NA,"3,400",140 - 150,"1,500 - 1,600",Mar 2021
PALM LODGE,LORONG 37 GEYLANG,14,Non-landed Properties,NA,"3,900",150 - 160,"1,600 - 1,700",Mar 2021
PALM LODGE,LORONG 37 GEYLANG,14,Non-landed Properties,NA,"3,200",140 - 150,"1,500 - 1,600",Apr 2021
PALM LODGE,LORONG 37 GEYLANG,14,Non-landed Properties,NA,"3,100",150 - 160,"1,600 - 1,700",Apr 2021
PALM LODGE,LORONG 37 GEYLANG,14,Non-landed Properties,NA,"3,000",110 - 120,"1,200 - 1,300",May 2021
PALM LODGE,LORONG 37 GEYLANG,14,Non-landed Properties,NA,"3,100",140 - 150,"1,500 - 1,600",Jun 2021
PALM LODGE,LORONG 37 GEYLANG,14,Non-landed Properties,NA,"3,000",110 - 120,"1,200 - 1,300",Jun 2021
PALM LODGE,LORONG 37 GEYLANG,14,Non-landed Properties,NA,"3,300",140 - 150,"1,500 - 1,600",Jul 2021
PALM LODGE,LORONG 37 GEYLANG,14,Non-landed Properties,NA,"4,500",140 - 150,"1,500 - 1,600",Jul 2021
PALM LODGE,LORONG 37 GEYLANG,14,Non-landed Properties,NA,"3,200",150 - 160,"1,600 - 1,700",Jul 2021
PALM LODGE,LORONG 37 GEYLANG,14,Non-landed Properties,NA,"2,800",110 - 120,"1,200 - 1,300",Aug 2021
PALM LODGE,LORONG 37 GEYLANG,14,Non-landed Properties,NA,"3,500",140 - 150,"1,500 - 1,600",Aug 2021
PALM LODGE,LORONG 37 GEYLANG,14,Non-landed Properties,NA,"3,100",150 - 160,"1,600 - 1,700",Sep 2021
PALM LODGE,LORONG 37 GEYLANG,14,Non-landed Properties,NA,"3,500",150 - 160,"1,600 - 1,700",Nov 2021
PALM LODGE,LORONG 37 GEYLANG,14,Non-landed Properties,NA,"3,300",110 - 120,"1,200 - 1,300",Nov 2021
PALM LOFT,JOO CHIAT TERRACE,15,Non-landed Properties,2,"2,200",60 - 70,600 - 700,Mar 2021
PALM LOFT,JOO CHIAT TERRACE,15,Non-landed Properties,2,"2,200",90 - 100,"1,000 - 1,100",Sep 2021
PALM LOFT,JOO CHIAT TERRACE,15,Non-landed Properties,2,"2,300",90 - 100,"1,000 - 1,100",Nov 2021
PALM LOFT,JOO CHIAT TERRACE,15,Non-landed Properties,2,"2,400",60 - 70,600 - 700,Nov 2021
PALM MANSIONS,PASIR PANJANG ROAD,05,Non-landed Properties,2,"2,300",80 - 90,"900 - 1,000",Feb 2021
PALM MANSIONS,PASIR PANJANG ROAD,05,Non-landed Properties,2,"2,600",100 - 110,"1,100 - 1,200",Apr 2021
PALM MANSIONS,PASIR PANJANG ROAD,05,Non-landed Properties,2,"2,500",100 - 110,"1,100 - 1,200",Apr 2021
PALM MANSIONS,PASIR PANJANG ROAD,05,Non-landed Properties,3,"3,100",100 - 110,"1,100 - 1,200",Apr 2021
PALM MANSIONS,PASIR PANJANG ROAD,05,Non-landed Properties,2,"2,300",70 - 80,800 - 900,May 2021
PALM MANSIONS,PASIR PANJANG ROAD,05,Non-landed Properties,2,"2,300",70 - 80,800 - 900,May 2021
PALM MANSIONS,PASIR PANJANG ROAD,05,Non-landed Properties,3,"3,600",120 - 130,"1,300 - 1,400",Jun 2021
PALM MANSIONS,PASIR PANJANG ROAD,05,Non-landed Properties,3,"3,100",110 - 120,"1,200 - 1,300",Jun 2021
PALM MANSIONS,PASIR PANJANG ROAD,05,Non-landed Properties,3,"3,200",100 - 110,"1,100 - 1,200",Jul 2021
PALM MANSIONS,PASIR PANJANG ROAD,05,Non-landed Properties,2,"2,400",90 - 100,"900 - 1,000",Oct 2021
PALM MANSIONS,PASIR PANJANG ROAD,05,Non-landed Properties,2,"2,350",80 - 90,"900 - 1,000",Oct 2021
PALM MANSIONS,PASIR PANJANG ROAD,05,Non-landed Properties,2,"2,500",90 - 100,"900 - 1,000",Nov 2021
PALM OASIS,LORONG H TELOK KURAU,15,Non-landed Properties,2,"2,300",80 - 90,800 - 900,Jan 2021
PALM OASIS,LORONG H TELOK KURAU,15,Non-landed Properties,3,"2,900",130 - 140,"1,400 - 1,500",Feb 2021
PALM OASIS,LORONG H TELOK KURAU,15,Non-landed Properties,2,"2,200",60 - 70,700 - 800,Mar 2021
PALM OASIS,LORONG H TELOK KURAU,15,Non-landed Properties,2,"2,500",70 - 80,700 - 800,Mar 2021
PALM OASIS,LORONG H TELOK KURAU,15,Non-landed Properties,3,"3,500",90 - 100,"1,000 - 1,100",Apr 2021
PALM OASIS,LORONG H TELOK KURAU,15,Non-landed Properties,2,"2,300",80 - 90,800 - 900,Apr 2021
PALM OASIS,LORONG H TELOK KURAU,15,Non-landed Properties,2,"2,450",60 - 70,700 - 800,Apr 2021
PALM OASIS,LORONG H TELOK KURAU,15,Non-landed Properties,2,"2,600",80 - 90,800 - 900,May 2021
PALM OASIS,LORONG H TELOK KURAU,15,Non-landed Properties,2,"2,300",80 - 90,800 - 900,Jun 2021
PALM OASIS,LORONG H TELOK KURAU,15,Non-landed Properties,2,"2,500",80 - 90,800 - 900,Jul 2021
PALM OASIS,LORONG H TELOK KURAU,15,Non-landed Properties,2,"2,400",80 - 90,800 - 900,Aug 2021
PALM OASIS,LORONG H TELOK KURAU,15,Non-landed Properties,3,"2,900",130 - 140,"1,400 - 1,500",Sep 2021
PALM OASIS,LORONG H TELOK KURAU,15,Non-landed Properties,2,"2,400",70 - 80,700 - 800,Sep 2021
PALM OASIS,LORONG H TELOK KURAU,15,Non-landed Properties,2,"2,500",70 - 80,700 - 800,Sep 2021
PALM RESIDENCE,JALAN RAJAWALI,21,Non-landed Properties,3,"2,500",100 - 110,"1,100 - 1,200",Apr 2021
PALM RESIDENCE,JALAN RAJAWALI,21,Non-landed Properties,3,"2,700",110 - 120,"1,200 - 1,300",Apr 2021
PALM RESIDENCE,JALAN RAJAWALI,21,Non-landed Properties,3,"2,700",110 - 120,"1,200 - 1,300",Jun 2021
PALM RESIDENCE,JALAN RAJAWALI,21,Non-landed Properties,3,"2,200",100 - 110,"1,100 - 1,200",Jun 2021
PALM RESIDENCE,JALAN RAJAWALI,21,Non-landed Properties,3,"3,600",200 - 210,"2,100 - 2,200",Aug 2021
PALM RESIDENCE,JALAN RAJAWALI,21,Non-landed Properties,3,"2,600",130 - 140,"1,400 - 1,500",Sep 2021
PALM RESIDENCE,JALAN RAJAWALI,21,Non-landed Properties,3,"2,600",90 - 100,"1,000 - 1,100",Oct 2021
PALM SPRING,EWE BOON ROAD,10,Non-landed Properties,3,"6,400",170 - 180,"1,800 - 1,900",Jan 2021
PALM SPRING,EWE BOON ROAD,10,Non-landed Properties,3,"5,000",170 - 180,"1,800 - 1,900",Jan 2021
PALM SPRING,EWE BOON ROAD,10,Non-landed Properties,3,"5,000",150 - 160,"1,600 - 1,700",Jan 2021
PALM SPRING,EWE BOON ROAD,10,Non-landed Properties,3,"4,500",170 - 180,"1,800 - 1,900",Jan 2021
PALM SPRING,EWE BOON ROAD,10,Non-landed Properties,4,"7,000",270 - 280,"2,900 - 3,000",Feb 2021
PALM SPRING,EWE BOON ROAD,10,Non-landed Properties,3,"4,200",130 - 140,"1,400 - 1,500",Mar 2021
PALM SPRING,EWE BOON ROAD,10,Non-landed Properties,4,"8,750",240 - 250,"2,600 - 2,700",Mar 2021
PALM SPRING,EWE BOON ROAD,10,Non-landed Properties,3,"5,500",170 - 180,"1,800 - 1,900",Feb 2021
PALM SPRING,EWE BOON ROAD,10,Non-landed Properties,2,"3,000",80 - 90,"900 - 1,000",Mar 2021
PALM SPRING,EWE BOON ROAD,10,Non-landed Properties,3,"6,200",190 - 200,"2,000 - 2,100",Mar 2021
PALM SPRING,EWE BOON ROAD,10,Non-landed Properties,2,"3,200",80 - 90,"900 - 1,000",Mar 2021
PALM SPRING,EWE BOON ROAD,10,Non-landed Properties,3,"6,000",180 - 190,"1,900 - 2,000",Apr 2021
PALM SPRING,EWE BOON ROAD,10,Non-landed Properties,3,"5,200",170 - 180,"1,800 - 1,900",May 2021
PALM SPRING,EWE BOON ROAD,10,Non-landed Properties,3,"6,000",170 - 180,"1,800 - 1,900",Jun 2021
PALM SPRING,EWE BOON ROAD,10,Non-landed Properties,3,"5,200",170 - 180,"1,800 - 1,900",Jun 2021
PALM SPRING,EWE BOON ROAD,10,Non-landed Properties,2,"3,000",90 - 100,"1,000 - 1,100",Jun 2021
PALM SPRING,EWE BOON ROAD,10,Non-landed Properties,3,"5,000",130 - 140,"1,400 - 1,500",Jun 2021
PALM SPRING,EWE BOON ROAD,10,Non-landed Properties,3,"4,500",130 - 140,"1,400 - 1,500",Jul 2021
PALM SPRING,EWE BOON ROAD,10,Non-landed Properties,3,"5,200",170 - 180,"1,800 - 1,900",Jul 2021
PALM SPRING,EWE BOON ROAD,10,Non-landed Properties,3,"5,000",130 - 140,"1,400 - 1,500",Aug 2021
PALM SPRING,EWE BOON ROAD,10,Non-landed Properties,4,"7,800",270 - 280,"2,900 - 3,000",Aug 2021
PALM SPRING,EWE BOON ROAD,10,Non-landed Properties,3,"5,700",180 - 190,"1,900 - 2,000",Aug 2021
PALM SPRING,EWE BOON ROAD,10,Non-landed Properties,3,"5,600",190 - 200,"2,000 - 2,100",Sep 2021
PALM SPRING,EWE BOON ROAD,10,Non-landed Properties,3,"4,600",130 - 140,"1,400 - 1,500",Sep 2021
PALM SPRING,EWE BOON ROAD,10,Non-landed Properties,3,"5,200",170 - 180,"1,800 - 1,900",Sep 2021
PALM SPRING,EWE BOON ROAD,10,Non-landed Properties,2,"2,800",80 - 90,"900 - 1,000",Oct 2021
PALM SPRING,EWE BOON ROAD,10,Non-landed Properties,2,"2,800",90 - 100,"1,000 - 1,100",Oct 2021
PALM SPRING,EWE BOON ROAD,10,Non-landed Properties,3,"5,100",140 - 150,"1,500 - 1,600",Oct 2021
PALM SPRING,EWE BOON ROAD,10,Non-landed Properties,2,"3,380",80 - 90,"900 - 1,000",Sep 2021
PALM SPRING,EWE BOON ROAD,10,Non-landed Properties,3,"6,300",190 - 200,"2,000 - 2,100",Nov 2021
PALM SPRING,EWE BOON ROAD,10,Non-landed Properties,2,"2,900",80 - 90,"900 - 1,000",Nov 2021
PALM SPRING,EWE BOON ROAD,10,Non-landed Properties,3,"5,400",130 - 140,"1,400 - 1,500",Nov 2021
PALM SPRING,EWE BOON ROAD,10,Non-landed Properties,4,"8,000",270 - 280,"2,900 - 3,000",Nov 2021
PALM TREE NINES,JALAN HAJI SALAM,16,Terrace House,NA,"3,800",150 - 160,"1,600 - 1,700",Feb 2021
PALM VISTA,LORONG G TELOK KURAU,15,Non-landed Properties,3,"2,900",90 - 100,"900 - 1,000",Jan 2021
PALM VISTA,LORONG G TELOK KURAU,15,Non-landed Properties,3,"2,600",90 - 100,"1,000 - 1,100",Apr 2021
PALM VISTA,LORONG G TELOK KURAU,15,Non-landed Properties,3,"2,600",90 - 100,"1,000 - 1,100",Apr 2021
PALM VISTA,LORONG G TELOK KURAU,15,Non-landed Properties,2,"2,200",80 - 90,800 - 900,May 2021
PALM VISTA,LORONG G TELOK KURAU,15,Non-landed Properties,3,"2,700",90 - 100,"1,000 - 1,100",Aug 2021
PALM VISTA,LORONG G TELOK KURAU,15,Non-landed Properties,3,"2,700",90 - 100,"1,000 - 1,100",Aug 2021
PALM VISTA,LORONG G TELOK KURAU,15,Non-landed Properties,3,"2,700",90 - 100,"1,000 - 1,100",Sep 2021
PALM VISTA,LORONG G TELOK KURAU,15,Non-landed Properties,3,"2,900",90 - 100,"900 - 1,000",Nov 2021
PALMERA EAST,LORONG MELAYU,14,Non-landed Properties,2,"2,800",90 - 100,"900 - 1,000",Jan 2021
PALMERA EAST,LORONG MELAYU,14,Non-landed Properties,3,"3,200",140 - 150,"1,500 - 1,600",Feb 2021
PALMERA EAST,LORONG MELAYU,14,Non-landed Properties,1,"2,100",40 - 50,400 - 500,Mar 2021
PALMERA EAST,LORONG MELAYU,14,Non-landed Properties,2,"2,150",50 - 60,500 - 600,Apr 2021
PALMERA EAST,LORONG MELAYU,14,Non-landed Properties,2,"3,000",90 - 100,"1,000 - 1,100",May 2021
PALMERA EAST,LORONG MELAYU,14,Non-landed Properties,1,"1,800",40 - 50,400 - 500,Jun 2021
PALMERA EAST,LORONG MELAYU,14,Non-landed Properties,2,"2,500",110 - 120,"1,100 - 1,200",Jun 2021
PALMERA EAST,LORONG MELAYU,14,Non-landed Properties,3,"3,700",140 - 150,"1,500 - 1,600",Jun 2021
PALMERA EAST,LORONG MELAYU,14,Non-landed Properties,1,"1,700",40 - 50,400 - 500,Jul 2021
PALMERA EAST,LORONG MELAYU,14,Non-landed Properties,1,"1,800",40 - 50,400 - 500,Jul 2021
PALMERA EAST,LORONG MELAYU,14,Non-landed Properties,2,"2,200",50 - 60,600 - 700,Aug 2021
PALMERA EAST,LORONG MELAYU,14,Non-landed Properties,1,"1,850",40 - 50,400 - 500,Oct 2021
PALMERA EAST,LORONG MELAYU,14,Non-landed Properties,3,"3,850",140 - 150,"1,500 - 1,600",Nov 2021
PALMERA EAST,LORONG MELAYU,14,Non-landed Properties,1,"1,800",40 - 50,400 - 500,Nov 2021
PALMERA RESIDENCE,LORONG N TELOK KURAU,15,Non-landed Properties,4,"3,800",120 - 130,"1,200 - 1,300",Feb 2021
PALMERA RESIDENCE,LORONG N TELOK KURAU,15,Non-landed Properties,3,"2,600",90 - 100,"1,000 - 1,100",Mar 2021
PALMERA RESIDENCE,LORONG N TELOK KURAU,15,Non-landed Properties,2,"3,300",130 - 140,"1,400 - 1,500",Mar 2021
PALMERA RESIDENCE,LORONG N TELOK KURAU,15,Non-landed Properties,2,"2,350",80 - 90,800 - 900,Apr 2021
PALMERA RESIDENCE,LORONG N TELOK KURAU,15,Non-landed Properties,4,"4,400",180 - 190,"1,900 - 2,000",Jul 2021
PALMERA RESIDENCE,LORONG N TELOK KURAU,15,Non-landed Properties,1,"2,000",50 - 60,500 - 600,Oct 2021
PALMS @ SIXTH AVENUE,SIXTH AVENUE,10,Semi-Detached House,NA,"9,300",460 - 470,"4,900 - 5,000",Jun 2021
PALMS @ SIXTH AVENUE,SIXTH AVENUE,10,Semi-Detached House,NA,"8,000",430 - 440,"4,600 - 4,700",Jun 2021
PALMS @ SIXTH AVENUE,SIXTH AVENUE,10,Semi-Detached House,NA,"9,200",450 - 460,"4,900 - 5,000",Sep 2021
PALMS @ SIXTH AVENUE,SIXTH AVENUE,10,Semi-Detached House,NA,"11,500",530 - 540,"5,700 - 5,800",Sep 2021
PALMS @ SIXTH AVENUE,SIXTH AVENUE,10,Semi-Detached House,NA,"10,800",540 - 550,"5,800 - 5,900",Oct 2021
PALMS @ SIXTH AVENUE,SIXTH AVENUE,10,Semi-Detached House,NA,"10,650",410 - 420,"4,500 - 4,600",Nov 2021
PALMVILLE TERRACE,EAST COAST AVENUE,15,Terrace House,NA,"4,500",170 - 180,"1,900 - 2,000",Jan 2021
PALMWOODS,UPPER CHANGI ROAD,16,Non-landed Properties,3,"2,800",110 - 120,"1,200 - 1,300",Jan 2021
PALMWOODS,UPPER CHANGI ROAD,16,Non-landed Properties,2,"2,050",70 - 80,800 - 900,Mar 2021
PALMWOODS,UPPER CHANGI ROAD,16,Non-landed Properties,2,"2,200",90 - 100,"1,000 - 1,100",May 2021
PALMWOODS,UPPER CHANGI ROAD,16,Non-landed Properties,2,"2,050",70 - 80,800 - 900,Jul 2021
PALMWOODS,UPPER CHANGI ROAD,16,Non-landed Properties,2,"2,100",70 - 80,800 - 900,Aug 2021
PALMWOODS,UPPER CHANGI ROAD,16,Non-landed Properties,2,"2,100",80 - 90,800 - 900,Sep 2021
PALMWOODS,UPPER CHANGI ROAD,16,Non-landed Properties,2,"2,050",70 - 80,800 - 900,Oct 2021
PALMWOODS,UPPER CHANGI ROAD,16,Non-landed Properties,3,"2,900",120 - 130,"1,200 - 1,300",Nov 2021
PANDAN VALLEY,PANDAN VALLEY,21,Non-landed Properties,3,"3,100",150 - 160,"1,600 - 1,700",Jan 2021
PANDAN VALLEY,PANDAN VALLEY,21,Non-landed Properties,3,"3,100",150 - 160,"1,600 - 1,700",Jan 2021
PANDAN VALLEY,PANDAN VALLEY,21,Non-landed Properties,2,"3,300",150 - 160,"1,600 - 1,700",Jan 2021
PANDAN VALLEY,PANDAN VALLEY,21,Non-landed Properties,3,"3,500",240 - 250,"2,600 - 2,700",Jan 2021
PANDAN VALLEY,PANDAN VALLEY,21,Non-landed Properties,1,"2,600",120 - 130,"1,300 - 1,400",Jan 2021
PANDAN VALLEY,PANDAN VALLEY,21,Non-landed Properties,2,"3,200",150 - 160,"1,600 - 1,700",Jan 2021
PANDAN VALLEY,PANDAN VALLEY,21,Non-landed Properties,4,"4,500",200 - 210,"2,200 - 2,300",Jan 2021
PANDAN VALLEY,PANDAN VALLEY,21,Non-landed Properties,2,"3,000",150 - 160,"1,600 - 1,700",Jan 2021
PANDAN VALLEY,PANDAN VALLEY,21,Non-landed Properties,3,"4,400",200 - 210,"2,100 - 2,200",Jan 2021
PANDAN VALLEY,PANDAN VALLEY,21,Non-landed Properties,2,"3,600",150 - 160,"1,600 - 1,700",Jan 2021
PANDAN VALLEY,PANDAN VALLEY,21,Non-landed Properties,4,"4,800",200 - 210,"2,200 - 2,300",Feb 2021
PANDAN VALLEY,PANDAN VALLEY,21,Non-landed Properties,2,"3,450",150 - 160,"1,600 - 1,700",Feb 2021
PANDAN VALLEY,PANDAN VALLEY,21,Non-landed Properties,2,"3,100",120 - 130,"1,300 - 1,400",Feb 2021
PANDAN VALLEY,PANDAN VALLEY,21,Non-landed Properties,3,"3,000",190 - 200,"2,000 - 2,100",Feb 2021
PANDAN VALLEY,PANDAN VALLEY,21,Non-landed Properties,4,"4,200",230 - 240,"2,500 - 2,600",Feb 2021
PANDAN VALLEY,PANDAN VALLEY,21,Non-landed Properties,4,"5,400",240 - 250,"2,600 - 2,700",Feb 2021
PANDAN VALLEY,PANDAN VALLEY,21,Non-landed Properties,3,"4,200",180 - 190,"2,000 - 2,100",Mar 2021
PANDAN VALLEY,PANDAN VALLEY,21,Non-landed Properties,4,"5,000",200 - 210,"2,200 - 2,300",Mar 2021
PANDAN VALLEY,PANDAN VALLEY,21,Non-landed Properties,4,"4,700",200 - 210,"2,200 - 2,300",Mar 2021
PANDAN VALLEY,PANDAN VALLEY,21,Non-landed Properties,3,"4,300",180 - 190,"1,900 - 2,000",Mar 2021
PANDAN VALLEY,PANDAN VALLEY,21,Non-landed Properties,1,"2,500",100 - 110,"1,100 - 1,200",Feb 2021
PANDAN VALLEY,PANDAN VALLEY,21,Non-landed Properties,4,"4,400",230 - 240,"2,500 - 2,600",Feb 2021
PANDAN VALLEY,PANDAN VALLEY,21,Non-landed Properties,4,"5,300",370 - 380,"4,000 - 4,100",Mar 2021
PANDAN VALLEY,PANDAN VALLEY,21,Non-landed Properties,2,"2,750",150 - 160,"1,600 - 1,700",Mar 2021
PANDAN VALLEY,PANDAN VALLEY,21,Non-landed Properties,3,"4,500",220 - 230,"2,300 - 2,400",Mar 2021
PANDAN VALLEY,PANDAN VALLEY,21,Non-landed Properties,4,"5,000",230 - 240,"2,500 - 2,600",Apr 2021
PANDAN VALLEY,PANDAN VALLEY,21,Non-landed Properties,3,"5,800",280 - 290,"3,000 - 3,100",Apr 2021
PANDAN VALLEY,PANDAN VALLEY,21,Non-landed Properties,4,"5,000",210 - 220,"2,300 - 2,400",Apr 2021
PANDAN VALLEY,PANDAN VALLEY,21,Non-landed Properties,2,"3,100",130 - 140,"1,400 - 1,500",Apr 2021
PANDAN VALLEY,PANDAN VALLEY,21,Non-landed Properties,3,"5,000",200 - 210,"2,100 - 2,200",Apr 2021
PANDAN VALLEY,PANDAN VALLEY,21,Non-landed Properties,2,"3,600",150 - 160,"1,600 - 1,700",Apr 2021
PANDAN VALLEY,PANDAN VALLEY,21,Non-landed Properties,4,"6,000",420 - 430,"4,500 - 4,600",May 2021
PANDAN VALLEY,PANDAN VALLEY,21,Non-landed Properties,3,"4,100",190 - 200,"2,000 - 2,100",May 2021
PANDAN VALLEY,PANDAN VALLEY,21,Non-landed Properties,4,"5,200",270 - 280,"2,900 - 3,000",May 2021
PANDAN VALLEY,PANDAN VALLEY,21,Non-landed Properties,3,"3,100",160 - 170,"1,700 - 1,800",May 2021
PANDAN VALLEY,PANDAN VALLEY,21,Non-landed Properties,3,"4,700",180 - 190,"1,900 - 2,000",May 2021
PANDAN VALLEY,PANDAN VALLEY,21,Non-landed Properties,3,"5,900",290 - 300,"3,200 - 3,300",May 2021
PANDAN VALLEY,PANDAN VALLEY,21,Non-landed Properties,4,"4,300",210 - 220,"2,300 - 2,400",May 2021
PANDAN VALLEY,PANDAN VALLEY,21,Non-landed Properties,1,"2,200",100 - 110,"1,100 - 1,200",Apr 2021
PANDAN VALLEY,PANDAN VALLEY,21,Non-landed Properties,3,"6,300",240 - 250,"2,500 - 2,600",Jun 2021
PANDAN VALLEY,PANDAN VALLEY,21,Non-landed Properties,3,"4,400",190 - 200,"2,100 - 2,200",Jun 2021
PANDAN VALLEY,PANDAN VALLEY,21,Non-landed Properties,2,"2,900",120 - 130,"1,300 - 1,400",Jun 2021
PANDAN VALLEY,PANDAN VALLEY,21,Non-landed Properties,3,"4,000",190 - 200,"2,000 - 2,100",Jun 2021
PANDAN VALLEY,PANDAN VALLEY,21,Non-landed Properties,2,"3,200",120 - 130,"1,300 - 1,400",Jun 2021
PANDAN VALLEY,PANDAN VALLEY,21,Non-landed Properties,3,"3,750",200 - 210,"2,200 - 2,300",Jun 2021
PANDAN VALLEY,PANDAN VALLEY,21,Non-landed Properties,3,"4,900",200 - 210,"2,200 - 2,300",Jun 2021
PANDAN VALLEY,PANDAN VALLEY,21,Non-landed Properties,4,"5,700",290 - 300,"3,100 - 3,200",May 2021
PANDAN VALLEY,PANDAN VALLEY,21,Non-landed Properties,4,"3,800",230 - 240,"2,500 - 2,600",Jun 2021
PANDAN VALLEY,PANDAN VALLEY,21,Non-landed Properties,1,"2,900",120 - 130,"1,300 - 1,400",Jun 2021
PANDAN VALLEY,PANDAN VALLEY,21,Non-landed Properties,4,"9,500",420 - 430,"4,500 - 4,600",Jul 2021
PANDAN VALLEY,PANDAN VALLEY,21,Non-landed Properties,3,"3,600",190 - 200,"2,000 - 2,100",Jul 2021
PANDAN VALLEY,PANDAN VALLEY,21,Non-landed Properties,3,"4,000",180 - 190,"2,000 - 2,100",Jul 2021
PANDAN VALLEY,PANDAN VALLEY,21,Non-landed Properties,3,"6,300",230 - 240,"2,500 - 2,600",Jul 2021
PANDAN VALLEY,PANDAN VALLEY,21,Non-landed Properties,4,"7,000",420 - 430,"4,500 - 4,600",Jul 2021
PANDAN VALLEY,PANDAN VALLEY,21,Non-landed Properties,4,"4,800",200 - 210,"2,200 - 2,300",Jul 2021
PANDAN VALLEY,PANDAN VALLEY,21,Non-landed Properties,2,"3,700",150 - 160,"1,600 - 1,700",Jul 2021
PANDAN VALLEY,PANDAN VALLEY,21,Non-landed Properties,3,"5,000",240 - 250,"2,600 - 2,700",Jul 2021
PANDAN VALLEY,PANDAN VALLEY,21,Non-landed Properties,3,"4,600",180 - 190,"2,000 - 2,100",Jul 2021
PANDAN VALLEY,PANDAN VALLEY,21,Non-landed Properties,2,"4,100",150 - 160,"1,600 - 1,700",Jul 2021
PANDAN VALLEY,PANDAN VALLEY,21,Non-landed Properties,2,"3,800",150 - 160,"1,600 - 1,700",Jul 2021
PANDAN VALLEY,PANDAN VALLEY,21,Non-landed Properties,3,"3,300",150 - 160,"1,600 - 1,700",Jul 2021
PANDAN VALLEY,PANDAN VALLEY,21,Non-landed Properties,2,"3,200",120 - 130,"1,300 - 1,400",Aug 2021
PANDAN VALLEY,PANDAN VALLEY,21,Non-landed Properties,4,"5,000",240 - 250,"2,600 - 2,700",Aug 2021
PANDAN VALLEY,PANDAN VALLEY,21,Non-landed Properties,3,"3,900",190 - 200,"2,000 - 2,100",Aug 2021
PANDAN VALLEY,PANDAN VALLEY,21,Non-landed Properties,4,"4,500",240 - 250,"2,600 - 2,700",Aug 2021
PANDAN VALLEY,PANDAN VALLEY,21,Non-landed Properties,2,"3,200",150 - 160,"1,600 - 1,700",Aug 2021
PANDAN VALLEY,PANDAN VALLEY,21,Non-landed Properties,2,"4,900",150 - 160,"1,600 - 1,700",Aug 2021
PANDAN VALLEY,PANDAN VALLEY,21,Non-landed Properties,2,"3,000",120 - 130,"1,300 - 1,400",Sep 2021
PANDAN VALLEY,PANDAN VALLEY,21,Non-landed Properties,2,"3,500",130 - 140,"1,400 - 1,500",Sep 2021
PANDAN VALLEY,PANDAN VALLEY,21,Non-landed Properties,4,"4,700",240 - 250,"2,600 - 2,700",Sep 2021
PANDAN VALLEY,PANDAN VALLEY,21,Non-landed Properties,1,"2,800",120 - 130,"1,300 - 1,400",Sep 2021
PANDAN VALLEY,PANDAN VALLEY,21,Non-landed Properties,2,"3,800",120 - 130,"1,300 - 1,400",Sep 2021
PANDAN VALLEY,PANDAN VALLEY,21,Non-landed Properties,3,"4,500",180 - 190,"2,000 - 2,100",Sep 2021
PANDAN VALLEY,PANDAN VALLEY,21,Non-landed Properties,2,"3,700",120 - 130,"1,300 - 1,400",Sep 2021
PANDAN VALLEY,PANDAN VALLEY,21,Non-landed Properties,3,"4,400",220 - 230,"2,300 - 2,400",Oct 2021
PANDAN VALLEY,PANDAN VALLEY,21,Non-landed Properties,3,"5,700",290 - 300,"3,100 - 3,200",Oct 2021
PANDAN VALLEY,PANDAN VALLEY,21,Non-landed Properties,4,"6,250",420 - 430,"4,500 - 4,600",Oct 2021
PANDAN VALLEY,PANDAN VALLEY,21,Non-landed Properties,2,"3,600",150 - 160,"1,600 - 1,700",Oct 2021
PANDAN VALLEY,PANDAN VALLEY,21,Non-landed Properties,1,"3,350",120 - 130,"1,300 - 1,400",Oct 2021
PANDAN VALLEY,PANDAN VALLEY,21,Non-landed Properties,3,"6,000",310 - 320,"3,300 - 3,400",Oct 2021
PANDAN VALLEY,PANDAN VALLEY,21,Non-landed Properties,3,"3,200",150 - 160,"1,600 - 1,700",Oct 2021
PANDAN VALLEY,PANDAN VALLEY,21,Non-landed Properties,4,"6,000",420 - 430,"4,500 - 4,600",Nov 2021
PANDAN VALLEY,PANDAN VALLEY,21,Non-landed Properties,4,"5,700",420 - 430,"4,500 - 4,600",Nov 2021
PANDAN VALLEY,PANDAN VALLEY,21,Non-landed Properties,3,"3,880",200 - 210,"2,200 - 2,300",Nov 2021
PANDAN VALLEY,PANDAN VALLEY,21,Non-landed Properties,2,"3,050",130 - 140,"1,400 - 1,500",Nov 2021
PANDAN VALLEY,PANDAN VALLEY,21,Non-landed Properties,3,"6,800",290 - 300,"3,100 - 3,200",Nov 2021
PANDAN VALLEY,PANDAN VALLEY,21,Non-landed Properties,4,"4,700",240 - 250,"2,600 - 2,700",Nov 2021
PANDAN VALLEY,PANDAN VALLEY,21,Non-landed Properties,3,"4,800",200 - 210,"2,200 - 2,300",Nov 2021
PANDAN VALLEY,PANDAN VALLEY,21,Non-landed Properties,2,"3,100",130 - 140,"1,400 - 1,500",Nov 2021
PANDAN VALLEY,PANDAN VALLEY,21,Non-landed Properties,4,"5,500",490 - 500,"5,200 - 5,300",Nov 2021
PAPILLON,JALAN RAMA RAMA,12,Non-landed Properties,2,"2,550",80 - 90,"900 - 1,000",Jan 2021
PAPILLON,JALAN RAMA RAMA,12,Non-landed Properties,2,"2,500",80 - 90,"900 - 1,000",Feb 2021
PAPILLON,JALAN RAMA RAMA,12,Non-landed Properties,3,"3,000",110 - 120,"1,200 - 1,300",May 2021
PAPILLON,JALAN RAMA RAMA,12,Non-landed Properties,2,"2,550",80 - 90,"900 - 1,000",May 2021
PAPILLON,JALAN RAMA RAMA,12,Non-landed Properties,2,"2,950",80 - 90,"900 - 1,000",Jun 2021
PAPILLON,JALAN RAMA RAMA,12,Non-landed Properties,2,"2,700",80 - 90,"900 - 1,000",Jun 2021
PAPILLON,JALAN RAMA RAMA,12,Non-landed Properties,2,"2,500",80 - 90,"900 - 1,000",Jun 2021
PAPILLON,JALAN RAMA RAMA,12,Non-landed Properties,2,"2,650",80 - 90,"900 - 1,000",Jun 2021
PAPILLON,JALAN RAMA RAMA,12,Non-landed Properties,3,"3,000",110 - 120,"1,200 - 1,300",Aug 2021
PAPILLON,JALAN RAMA RAMA,12,Non-landed Properties,3,"2,550",110 - 120,"1,200 - 1,300",Sep 2021
PARADISE ISLAND,PARADISE ISLAND,04,Detached House,NA,"19,000",750 - 760,"8,000 - 8,100",May 2021
PARADISE ISLAND,PARADISE ISLAND,04,Detached House,NA,"17,000",800 - 810,"8,600 - 8,700",Jul 2021
PARADISE ISLAND,PARADISE ISLAND,04,Detached House,NA,"18,750",910 - 920,"9,800 - 9,900",Sep 2021
PARADISE PALMS,DUNMAN ROAD,15,Non-landed Properties,3,"2,900",100 - 110,"1,100 - 1,200",Jan 2021
PARADISE PALMS,DUNMAN ROAD,15,Non-landed Properties,3,"2,650",100 - 110,"1,100 - 1,200",Feb 2021
PARADISE PALMS,DUNMAN ROAD,15,Non-landed Properties,3,"2,800",110 - 120,"1,100 - 1,200",Feb 2021
PARADISE PALMS,DUNMAN ROAD,15,Non-landed Properties,3,"3,300",100 - 110,"1,100 - 1,200",Apr 2021
PARADISE PALMS,DUNMAN ROAD,15,Non-landed Properties,3,"2,900",100 - 110,"1,100 - 1,200",May 2021
PARADISE PALMS,DUNMAN ROAD,15,Non-landed Properties,2,"2,800",80 - 90,"900 - 1,000",Jun 2021
PARADISE PALMS,DUNMAN ROAD,15,Non-landed Properties,3,"3,000",100 - 110,"1,100 - 1,200",Jul 2021
PARADISE PALMS,DUNMAN ROAD,15,Non-landed Properties,3,"3,600",100 - 110,"1,100 - 1,200",Aug 2021
PARADISE PALMS,DUNMAN ROAD,15,Non-landed Properties,2,"2,900",80 - 90,"900 - 1,000",Aug 2021
PARADISE PALMS,DUNMAN ROAD,15,Non-landed Properties,3,"2,750",100 - 110,"1,100 - 1,200",Oct 2021
PARADISE PALMS,DUNMAN ROAD,15,Non-landed Properties,3,"3,600",100 - 110,"1,100 - 1,200",Nov 2021
PARBURY HILL CONDOMINIUM,PARBURY AVENUE,16,Non-landed Properties,3,"2,250",110 - 120,"1,200 - 1,300",Jan 2021
PARBURY HILL CONDOMINIUM,PARBURY AVENUE,16,Non-landed Properties,2,"2,650",90 - 100,"1,000 - 1,100",Jan 2021
PARBURY HILL CONDOMINIUM,PARBURY AVENUE,16,Non-landed Properties,3,"3,500",130 - 140,"1,400 - 1,500",Feb 2021
PARBURY HILL CONDOMINIUM,PARBURY AVENUE,16,Non-landed Properties,2,"2,200",70 - 80,800 - 900,Feb 2021
PARBURY HILL CONDOMINIUM,PARBURY AVENUE,16,Non-landed Properties,2,"2,250",70 - 80,800 - 900,Feb 2021
PARBURY HILL CONDOMINIUM,PARBURY AVENUE,16,Non-landed Properties,2,"2,250",90 - 100,"900 - 1,000",Feb 2021
PARBURY HILL CONDOMINIUM,PARBURY AVENUE,16,Non-landed Properties,3,"2,650",110 - 120,"1,200 - 1,300",Mar 2021
PARBURY HILL CONDOMINIUM,PARBURY AVENUE,16,Non-landed Properties,3,"4,200",160 - 170,"1,700 - 1,800",Apr 2021
PARBURY HILL CONDOMINIUM,PARBURY AVENUE,16,Non-landed Properties,3,"4,000",190 - 200,"2,000 - 2,100",Apr 2021
PARBURY HILL CONDOMINIUM,PARBURY AVENUE,16,Non-landed Properties,3,"3,600",130 - 140,"1,400 - 1,500",Apr 2021
PARBURY HILL CONDOMINIUM,PARBURY AVENUE,16,Non-landed Properties,3,"3,250",110 - 120,"1,200 - 1,300",May 2021
PARBURY HILL CONDOMINIUM,PARBURY AVENUE,16,Non-landed Properties,3,"3,600",190 - 200,"2,000 - 2,100",Jun 2021
PARBURY HILL CONDOMINIUM,PARBURY AVENUE,16,Non-landed Properties,2,"2,600",80 - 90,"900 - 1,000",Jun 2021
PARBURY HILL CONDOMINIUM,PARBURY AVENUE,16,Non-landed Properties,4,"3,980",210 - 220,"2,300 - 2,400",Aug 2021
PARBURY HILL CONDOMINIUM,PARBURY AVENUE,16,Non-landed Properties,3,"3,800",160 - 170,"1,700 - 1,800",Aug 2021
PARBURY HILL CONDOMINIUM,PARBURY AVENUE,16,Non-landed Properties,3,"3,400",110 - 120,"1,200 - 1,300",Aug 2021
PARBURY HILL CONDOMINIUM,PARBURY AVENUE,16,Non-landed Properties,3,"3,300",130 - 140,"1,400 - 1,500",Aug 2021
PARBURY HILL CONDOMINIUM,PARBURY AVENUE,16,Non-landed Properties,2,"2,300",80 - 90,"900 - 1,000",Sep 2021
PARBURY HILL CONDOMINIUM,PARBURY AVENUE,16,Non-landed Properties,2,"2,800",80 - 90,"900 - 1,000",Sep 2021
PARBURY HILL CONDOMINIUM,PARBURY AVENUE,16,Non-landed Properties,2,"1,950",70 - 80,800 - 900,Sep 2021
PARBURY HILL CONDOMINIUM,PARBURY AVENUE,16,Non-landed Properties,3,"4,000",130 - 140,"1,400 - 1,500",Sep 2021
PARBURY HILL CONDOMINIUM,PARBURY AVENUE,16,Non-landed Properties,2,"2,300",70 - 80,800 - 900,Nov 2021
PARBURY HILL CONDOMINIUM,PARBURY AVENUE,16,Non-landed Properties,2,"2,150",80 - 90,"900 - 1,000",Nov 2021
PARBURY HILL CONDOMINIUM,PARBURY AVENUE,16,Non-landed Properties,3,"3,300",110 - 120,"1,100 - 1,200",Nov 2021
PARBURY HILL CONDOMINIUM,PARBURY AVENUE,16,Non-landed Properties,3,"2,800",110 - 120,"1,100 - 1,200",Nov 2021
PARC ASTON,LEICESTER ROAD,13,Non-landed Properties,3,"3,200",110 - 120,"1,100 - 1,200",May 2021
PARC ASTON,LEICESTER ROAD,13,Non-landed Properties,3,"3,050",100 - 110,"1,100 - 1,200",Oct 2021
PARC BLEU,JOO CHIAT PLACE,15,Non-landed Properties,1,"1,800",40 - 50,400 - 500,Jan 2021
PARC BLEU,JOO CHIAT PLACE,15,Non-landed Properties,2,"2,600",60 - 70,700 - 800,Feb 2021
PARC BLEU,JOO CHIAT PLACE,15,Non-landed Properties,2,"2,100",60 - 70,600 - 700,Feb 2021
PARC BLEU,JOO CHIAT PLACE,15,Non-landed Properties,1,"1,800",40 - 50,400 - 500,Mar 2021
PARC BLEU,JOO CHIAT PLACE,15,Non-landed Properties,1,"1,850",40 - 50,400 - 500,Apr 2021
PARC BLEU,JOO CHIAT PLACE,15,Non-landed Properties,1,"1,700",40 - 50,400 - 500,Apr 2021
PARC BLEU,JOO CHIAT PLACE,15,Non-landed Properties,1,"1,800",40 - 50,400 - 500,May 2021
PARC BLEU,JOO CHIAT PLACE,15,Non-landed Properties,2,"2,900",100 - 110,"1,100 - 1,200",May 2021
PARC BLEU,JOO CHIAT PLACE,15,Non-landed Properties,1,"1,900",40 - 50,400 - 500,May 2021
PARC BLEU,JOO CHIAT PLACE,15,Non-landed Properties,2,"2,600",60 - 70,600 - 700,May 2021
PARC BLEU,JOO CHIAT PLACE,15,Non-landed Properties,1,"1,900",40 - 50,400 - 500,May 2021
PARC BLEU,JOO CHIAT PLACE,15,Non-landed Properties,2,"3,300",110 - 120,"1,200 - 1,300",Jun 2021
PARC BLEU,JOO CHIAT PLACE,15,Non-landed Properties,1,"2,100",40 - 50,500 - 600,Jun 2021
PARC BLEU,JOO CHIAT PLACE,15,Non-landed Properties,1,"2,000",40 - 50,400 - 500,Jun 2021
PARC BLEU,JOO CHIAT PLACE,15,Non-landed Properties,1,"1,800",40 - 50,400 - 500,Aug 2021
PARC BLEU,JOO CHIAT PLACE,15,Non-landed Properties,1,"2,000",40 - 50,400 - 500,Aug 2021
PARC BLEU,JOO CHIAT PLACE,15,Non-landed Properties,1,"1,800",40 - 50,400 - 500,Sep 2021
PARC BLEU,JOO CHIAT PLACE,15,Non-landed Properties,1,"1,800",40 - 50,400 - 500,Sep 2021
PARC BLEU,JOO CHIAT PLACE,15,Non-landed Properties,1,"2,100",50 - 60,600 - 700,Oct 2021
PARC BLEU,JOO CHIAT PLACE,15,Non-landed Properties,1,"2,000",40 - 50,400 - 500,Oct 2021
PARC BLEU,JOO CHIAT PLACE,15,Non-landed Properties,2,"2,800",60 - 70,600 - 700,Nov 2021
PARC BLEU,JOO CHIAT PLACE,15,Non-landed Properties,2,"3,300",100 - 110,"1,100 - 1,200",Nov 2021
PARC CENTENNIAL,KAMPONG JAVA ROAD,09,Non-landed Properties,2,"3,600",100 - 110,"1,000 - 1,100",Jan 2021
PARC CENTENNIAL,KAMPONG JAVA ROAD,09,Non-landed Properties,3,"3,700",110 - 120,"1,200 - 1,300",Feb 2021
PARC CENTENNIAL,KAMPONG JAVA ROAD,09,Non-landed Properties,2,"2,150",100 - 110,"1,000 - 1,100",Mar 2021
PARC CENTENNIAL,KAMPONG JAVA ROAD,09,Non-landed Properties,2,"3,800",100 - 110,"1,000 - 1,100",Mar 2021
PARC CENTENNIAL,KAMPONG JAVA ROAD,09,Non-landed Properties,3,"4,000",140 - 150,"1,500 - 1,600",Apr 2021
PARC CENTENNIAL,KAMPONG JAVA ROAD,09,Non-landed Properties,3,"3,400",110 - 120,"1,200 - 1,300",Apr 2021
PARC CENTENNIAL,KAMPONG JAVA ROAD,09,Non-landed Properties,3,"3,333",110 - 120,"1,200 - 1,300",Jul 2021
PARC CENTENNIAL,KAMPONG JAVA ROAD,09,Non-landed Properties,3,"4,800",140 - 150,"1,500 - 1,600",Aug 2021
PARC CENTENNIAL,KAMPONG JAVA ROAD,09,Non-landed Properties,3,"4,600",140 - 150,"1,500 - 1,600",Aug 2021
PARC CENTENNIAL,KAMPONG JAVA ROAD,09,Non-landed Properties,3,"4,000",110 - 120,"1,200 - 1,300",Oct 2021
PARC CENTENNIAL,KAMPONG JAVA ROAD,09,Non-landed Properties,2,"3,450",100 - 110,"1,100 - 1,200",Sep 2021
PARC CENTENNIAL,KAMPONG JAVA ROAD,09,Non-landed Properties,2,"3,700",100 - 110,"1,100 - 1,200",Oct 2021
PARC CENTROS,PUNGGOL CENTRAL,19,Non-landed Properties,3,"2,700",100 - 110,"1,100 - 1,200",Jan 2021
PARC CENTROS,PUNGGOL CENTRAL,19,Non-landed Properties,2,"2,450",70 - 80,700 - 800,Jan 2021
PARC CENTROS,PUNGGOL CENTRAL,19,Non-landed Properties,3,"2,500",90 - 100,"900 - 1,000",Jan 2021
PARC CENTROS,PUNGGOL CENTRAL,19,Non-landed Properties,1,"1,800",40 - 50,400 - 500,Jan 2021
PARC CENTROS,PUNGGOL CENTRAL,19,Non-landed Properties,2,"2,200",70 - 80,700 - 800,Jan 2021
PARC CENTROS,PUNGGOL CENTRAL,19,Non-landed Properties,1,"1,900",40 - 50,400 - 500,Jan 2021
PARC CENTROS,PUNGGOL CENTRAL,19,Non-landed Properties,1,"2,000",40 - 50,400 - 500,Jan 2021
PARC CENTROS,PUNGGOL CENTRAL,19,Non-landed Properties,2,"2,350",70 - 80,700 - 800,Jan 2021
PARC CENTROS,PUNGGOL CENTRAL,19,Non-landed Properties,2,"2,400",70 - 80,700 - 800,Jan 2021
PARC CENTROS,PUNGGOL CENTRAL,19,Non-landed Properties,3,"2,800",100 - 110,"1,100 - 1,200",Jan 2021
PARC CENTROS,PUNGGOL CENTRAL,19,Non-landed Properties,1,"1,700",40 - 50,400 - 500,Jan 2021
PARC CENTROS,PUNGGOL CENTRAL,19,Non-landed Properties,1,"1,900",40 - 50,400 - 500,Jan 2021
PARC CENTROS,PUNGGOL CENTRAL,19,Non-landed Properties,1,"1,700",40 - 50,400 - 500,Jan 2021
PARC CENTROS,PUNGGOL CENTRAL,19,Non-landed Properties,2,"2,450",70 - 80,700 - 800,Jan 2021
PARC CENTROS,PUNGGOL CENTRAL,19,Non-landed Properties,1,"1,800",50 - 60,500 - 600,Jan 2021
PARC CENTROS,PUNGGOL CENTRAL,19,Non-landed Properties,1,"1,600",40 - 50,400 - 500,Feb 2021
PARC CENTROS,PUNGGOL CENTRAL,19,Non-landed Properties,3,"2,600",100 - 110,"1,100 - 1,200",Feb 2021
PARC CENTROS,PUNGGOL CENTRAL,19,Non-landed Properties,1,"1,850",40 - 50,400 - 500,Feb 2021
PARC CENTROS,PUNGGOL CENTRAL,19,Non-landed Properties,3,"2,800",90 - 100,"900 - 1,000",Feb 2021
PARC CENTROS,PUNGGOL CENTRAL,19,Non-landed Properties,2,"2,300",70 - 80,700 - 800,Feb 2021
PARC CENTROS,PUNGGOL CENTRAL,19,Non-landed Properties,3,"2,900",100 - 110,"1,100 - 1,200",Feb 2021
PARC CENTROS,PUNGGOL CENTRAL,19,Non-landed Properties,2,"2,200",70 - 80,700 - 800,Jan 2021
PARC CENTROS,PUNGGOL CENTRAL,19,Non-landed Properties,2,"2,000",70 - 80,700 - 800,Mar 2021
PARC CENTROS,PUNGGOL CENTRAL,19,Non-landed Properties,1,"1,850",40 - 50,400 - 500,Mar 2021
PARC CENTROS,PUNGGOL CENTRAL,19,Non-landed Properties,2,"2,350",70 - 80,700 - 800,Mar 2021
PARC CENTROS,PUNGGOL CENTRAL,19,Non-landed Properties,2,"2,550",70 - 80,700 - 800,Mar 2021
PARC CENTROS,PUNGGOL CENTRAL,19,Non-landed Properties,1,"2,050",40 - 50,400 - 500,Mar 2021
PARC CENTROS,PUNGGOL CENTRAL,19,Non-landed Properties,1,"2,100",40 - 50,400 - 500,Mar 2021
PARC CENTROS,PUNGGOL CENTRAL,19,Non-landed Properties,1,"1,750",40 - 50,400 - 500,Mar 2021
PARC CENTROS,PUNGGOL CENTRAL,19,Non-landed Properties,3,"2,550",90 - 100,"900 - 1,000",Mar 2021
PARC CENTROS,PUNGGOL CENTRAL,19,Non-landed Properties,3,"2,900",100 - 110,"1,100 - 1,200",Apr 2021
PARC CENTROS,PUNGGOL CENTRAL,19,Non-landed Properties,2,"2,300",70 - 80,700 - 800,Apr 2021
PARC CENTROS,PUNGGOL CENTRAL,19,Non-landed Properties,1,"1,800",50 - 60,500 - 600,Apr 2021
PARC CENTROS,PUNGGOL CENTRAL,19,Non-landed Properties,1,"1,800",40 - 50,400 - 500,Apr 2021
PARC CENTROS,PUNGGOL CENTRAL,19,Non-landed Properties,1,"1,800",40 - 50,400 - 500,Apr 2021
PARC CENTROS,PUNGGOL CENTRAL,19,Non-landed Properties,3,"3,200",100 - 110,"1,100 - 1,200",Apr 2021
PARC CENTROS,PUNGGOL CENTRAL,19,Non-landed Properties,2,"2,100",70 - 80,700 - 800,Apr 2021
PARC CENTROS,PUNGGOL CENTRAL,19,Non-landed Properties,1,"1,850",40 - 50,400 - 500,Apr 2021
PARC CENTROS,PUNGGOL CENTRAL,19,Non-landed Properties,2,"2,350",70 - 80,700 - 800,Apr 2021
PARC CENTROS,PUNGGOL CENTRAL,19,Non-landed Properties,3,"2,900",100 - 110,"1,100 - 1,200",Apr 2021
PARC CENTROS,PUNGGOL CENTRAL,19,Non-landed Properties,3,"2,700",100 - 110,"1,100 - 1,200",May 2021
PARC CENTROS,PUNGGOL CENTRAL,19,Non-landed Properties,3,"2,400",90 - 100,"900 - 1,000",May 2021
PARC CENTROS,PUNGGOL CENTRAL,19,Non-landed Properties,2,"2,300",70 - 80,700 - 800,May 2021
PARC CENTROS,PUNGGOL CENTRAL,19,Non-landed Properties,3,"2,800",100 - 110,"1,100 - 1,200",May 2021
PARC CENTROS,PUNGGOL CENTRAL,19,Non-landed Properties,1,"1,950",40 - 50,400 - 500,May 2021
PARC CENTROS,PUNGGOL CENTRAL,19,Non-landed Properties,2,"2,150",70 - 80,700 - 800,May 2021
PARC CENTROS,PUNGGOL CENTRAL,19,Non-landed Properties,1,"1,750",40 - 50,400 - 500,May 2021
PARC CENTROS,PUNGGOL CENTRAL,19,Non-landed Properties,2,"2,350",70 - 80,700 - 800,May 2021
PARC CENTROS,PUNGGOL CENTRAL,19,Non-landed Properties,3,"2,600",100 - 110,"1,100 - 1,200",Jun 2021
PARC CENTROS,PUNGGOL CENTRAL,19,Non-landed Properties,3,"3,000",90 - 100,"900 - 1,000",Jun 2021
PARC CENTROS,PUNGGOL CENTRAL,19,Non-landed Properties,3,"2,900",90 - 100,"900 - 1,000",Jun 2021
PARC CENTROS,PUNGGOL CENTRAL,19,Non-landed Properties,2,"2,550",70 - 80,700 - 800,Jun 2021
PARC CENTROS,PUNGGOL CENTRAL,19,Non-landed Properties,2,"2,350",70 - 80,700 - 800,Jun 2021
PARC CENTROS,PUNGGOL CENTRAL,19,Non-landed Properties,3,"2,700",90 - 100,"900 - 1,000",Jun 2021
PARC CENTROS,PUNGGOL CENTRAL,19,Non-landed Properties,1,"2,100",40 - 50,400 - 500,Jun 2021
PARC CENTROS,PUNGGOL CENTRAL,19,Non-landed Properties,2,"2,650",90 - 100,"1,000 - 1,100",Jun 2021
PARC CENTROS,PUNGGOL CENTRAL,19,Non-landed Properties,3,"2,700",90 - 100,"900 - 1,000",Jun 2021
PARC CENTROS,PUNGGOL CENTRAL,19,Non-landed Properties,1,"2,300",40 - 50,400 - 500,Jun 2021
PARC CENTROS,PUNGGOL CENTRAL,19,Non-landed Properties,3,"2,675",90 - 100,"900 - 1,000",Jun 2021
PARC CENTROS,PUNGGOL CENTRAL,19,Non-landed Properties,1,"1,800",40 - 50,400 - 500,Jul 2021
PARC CENTROS,PUNGGOL CENTRAL,19,Non-landed Properties,1,"1,900",40 - 50,400 - 500,Jul 2021
PARC CENTROS,PUNGGOL CENTRAL,19,Non-landed Properties,3,"3,250",100 - 110,"1,100 - 1,200",Jul 2021
PARC CENTROS,PUNGGOL CENTRAL,19,Non-landed Properties,4,"3,550",120 - 130,"1,300 - 1,400",Jul 2021
PARC CENTROS,PUNGGOL CENTRAL,19,Non-landed Properties,1,"2,100",40 - 50,400 - 500,Jul 2021
PARC CENTROS,PUNGGOL CENTRAL,19,Non-landed Properties,3,"2,700",100 - 110,"1,100 - 1,200",Jul 2021
PARC CENTROS,PUNGGOL CENTRAL,19,Non-landed Properties,1,"1,800",40 - 50,400 - 500,Jul 2021
PARC CENTROS,PUNGGOL CENTRAL,19,Non-landed Properties,3,"2,650",90 - 100,"900 - 1,000",Jul 2021
PARC CENTROS,PUNGGOL CENTRAL,19,Non-landed Properties,2,"2,450",70 - 80,700 - 800,Jun 2021
PARC CENTROS,PUNGGOL CENTRAL,19,Non-landed Properties,1,"2,000",40 - 50,400 - 500,Jul 2021
PARC CENTROS,PUNGGOL CENTRAL,19,Non-landed Properties,3,"2,600",100 - 110,"1,100 - 1,200",Jul 2021
PARC CENTROS,PUNGGOL CENTRAL,19,Non-landed Properties,3,"2,500",90 - 100,"900 - 1,000",Jul 2021
PARC CENTROS,PUNGGOL CENTRAL,19,Non-landed Properties,3,"2,600",100 - 110,"1,100 - 1,200",Jul 2021
PARC CENTROS,PUNGGOL CENTRAL,19,Non-landed Properties,1,"1,900",40 - 50,400 - 500,Jun 2021
PARC CENTROS,PUNGGOL CENTRAL,19,Non-landed Properties,3,"3,000",120 - 130,"1,200 - 1,300",Jul 2021
PARC CENTROS,PUNGGOL CENTRAL,19,Non-landed Properties,3,"3,000",100 - 110,"1,100 - 1,200",Jul 2021
PARC CENTROS,PUNGGOL CENTRAL,19,Non-landed Properties,2,"2,450",70 - 80,700 - 800,Jul 2021
PARC CENTROS,PUNGGOL CENTRAL,19,Non-landed Properties,1,"2,500",50 - 60,500 - 600,Jul 2021
PARC CENTROS,PUNGGOL CENTRAL,19,Non-landed Properties,2,"2,450",70 - 80,700 - 800,Jul 2021
PARC CENTROS,PUNGGOL CENTRAL,19,Non-landed Properties,2,"2,500",70 - 80,700 - 800,Jul 2021
PARC CENTROS,PUNGGOL CENTRAL,19,Non-landed Properties,2,"2,600",70 - 80,700 - 800,Aug 2021
PARC CENTROS,PUNGGOL CENTRAL,19,Non-landed Properties,1,"2,000",40 - 50,400 - 500,Aug 2021
PARC CENTROS,PUNGGOL CENTRAL,19,Non-landed Properties,2,"2,450",70 - 80,700 - 800,Aug 2021
PARC CENTROS,PUNGGOL CENTRAL,19,Non-landed Properties,3,"2,600",90 - 100,"900 - 1,000",Aug 2021
PARC CENTROS,PUNGGOL CENTRAL,19,Non-landed Properties,1,"2,000",40 - 50,400 - 500,Aug 2021
PARC CENTROS,PUNGGOL CENTRAL,19,Non-landed Properties,1,"2,200",40 - 50,400 - 500,Aug 2021
PARC CENTROS,PUNGGOL CENTRAL,19,Non-landed Properties,1,"1,750",40 - 50,400 - 500,Aug 2021
PARC CENTROS,PUNGGOL CENTRAL,19,Non-landed Properties,1,"2,050",40 - 50,400 - 500,Aug 2021
PARC CENTROS,PUNGGOL CENTRAL,19,Non-landed Properties,1,"1,950",40 - 50,400 - 500,Aug 2021
PARC CENTROS,PUNGGOL CENTRAL,19,Non-landed Properties,1,"1,900",40 - 50,400 - 500,Aug 2021
PARC CENTROS,PUNGGOL CENTRAL,19,Non-landed Properties,1,"2,100",40 - 50,400 - 500,Aug 2021
PARC CENTROS,PUNGGOL CENTRAL,19,Non-landed Properties,3,"2,600",90 - 100,"900 - 1,000",Aug 2021
PARC CENTROS,PUNGGOL CENTRAL,19,Non-landed Properties,2,"2,500",70 - 80,700 - 800,Aug 2021
PARC CENTROS,PUNGGOL CENTRAL,19,Non-landed Properties,1,"2,000",40 - 50,400 - 500,Sep 2021
PARC CENTROS,PUNGGOL CENTRAL,19,Non-landed Properties,2,"2,350",70 - 80,700 - 800,Sep 2021
PARC CENTROS,PUNGGOL CENTRAL,19,Non-landed Properties,2,"2,200",70 - 80,700 - 800,Sep 2021
PARC CENTROS,PUNGGOL CENTRAL,19,Non-landed Properties,3,"2,550",90 - 100,"900 - 1,000",Sep 2021
PARC CENTROS,PUNGGOL CENTRAL,19,Non-landed Properties,1,"2,250",50 - 60,500 - 600,Sep 2021
PARC CENTROS,PUNGGOL CENTRAL,19,Non-landed Properties,2,"2,500",70 - 80,700 - 800,Sep 2021
PARC CENTROS,PUNGGOL CENTRAL,19,Non-landed Properties,1,"1,850",40 - 50,400 - 500,Sep 2021
PARC CENTROS,PUNGGOL CENTRAL,19,Non-landed Properties,3,"3,000",100 - 110,"1,100 - 1,200",Sep 2021
PARC CENTROS,PUNGGOL CENTRAL,19,Non-landed Properties,1,"1,900",40 - 50,400 - 500,Sep 2021
PARC CENTROS,PUNGGOL CENTRAL,19,Non-landed Properties,2,"2,350",70 - 80,700 - 800,Sep 2021
PARC CENTROS,PUNGGOL CENTRAL,19,Non-landed Properties,2,"2,300",70 - 80,700 - 800,Sep 2021
PARC CENTROS,PUNGGOL CENTRAL,19,Non-landed Properties,3,"2,570",100 - 110,"1,100 - 1,200",Sep 2021
PARC CENTROS,PUNGGOL CENTRAL,19,Non-landed Properties,3,"3,200",100 - 110,"1,100 - 1,200",Sep 2021
PARC CENTROS,PUNGGOL CENTRAL,19,Non-landed Properties,1,"2,100",40 - 50,400 - 500,Sep 2021
PARC CENTROS,PUNGGOL CENTRAL,19,Non-landed Properties,3,"2,650",90 - 100,"900 - 1,000",Sep 2021
PARC CENTROS,PUNGGOL CENTRAL,19,Non-landed Properties,1,"1,800",40 - 50,400 - 500,Aug 2021
PARC CENTROS,PUNGGOL CENTRAL,19,Non-landed Properties,3,"2,950",90 - 100,"900 - 1,000",Sep 2021
PARC CENTROS,PUNGGOL CENTRAL,19,Non-landed Properties,3,"3,150",100 - 110,"1,100 - 1,200",Sep 2021
PARC CENTROS,PUNGGOL CENTRAL,19,Non-landed Properties,1,"1,950",40 - 50,400 - 500,Sep 2021
PARC CENTROS,PUNGGOL CENTRAL,19,Non-landed Properties,2,"2,400",70 - 80,700 - 800,Oct 2021
PARC CENTROS,PUNGGOL CENTRAL,19,Non-landed Properties,3,"2,600",90 - 100,"900 - 1,000",Oct 2021
PARC CENTROS,PUNGGOL CENTRAL,19,Non-landed Properties,2,"2,400",70 - 80,700 - 800,Oct 2021
PARC CENTROS,PUNGGOL CENTRAL,19,Non-landed Properties,2,"2,500",70 - 80,700 - 800,Oct 2021
PARC CENTROS,PUNGGOL CENTRAL,19,Non-landed Properties,1,"2,100",40 - 50,400 - 500,Oct 2021
PARC CENTROS,PUNGGOL CENTRAL,19,Non-landed Properties,3,"2,700",100 - 110,"1,100 - 1,200",Oct 2021
PARC CENTROS,PUNGGOL CENTRAL,19,Non-landed Properties,1,"2,100",40 - 50,400 - 500,Oct 2021
PARC CENTROS,PUNGGOL CENTRAL,19,Non-landed Properties,1,"2,100",40 - 50,400 - 500,Oct 2021
PARC CENTROS,PUNGGOL CENTRAL,19,Non-landed Properties,3,"2,800",90 - 100,"900 - 1,000",Aug 2021
PARC CENTROS,PUNGGOL CENTRAL,19,Non-landed Properties,3,"2,900",90 - 100,"900 - 1,000",Oct 2021
PARC CENTROS,PUNGGOL CENTRAL,19,Non-landed Properties,4,"3,400",120 - 130,"1,300 - 1,400",Oct 2021
PARC CENTROS,PUNGGOL CENTRAL,19,Non-landed Properties,2,"2,300",70 - 80,700 - 800,Oct 2021
PARC CENTROS,PUNGGOL CENTRAL,19,Non-landed Properties,1,"1,780",40 - 50,400 - 500,Nov 2021
PARC CENTROS,PUNGGOL CENTRAL,19,Non-landed Properties,4,"3,600",120 - 130,"1,300 - 1,400",Nov 2021
PARC CENTROS,PUNGGOL CENTRAL,19,Non-landed Properties,2,"2,300",70 - 80,700 - 800,Nov 2021
PARC CENTROS,PUNGGOL CENTRAL,19,Non-landed Properties,1,"1,900",40 - 50,400 - 500,Nov 2021
PARC CENTROS,PUNGGOL CENTRAL,19,Non-landed Properties,2,"2,500",70 - 80,700 - 800,Nov 2021
PARC CENTROS,PUNGGOL CENTRAL,19,Non-landed Properties,1,"1,900",40 - 50,400 - 500,Nov 2021
PARC CENTROS,PUNGGOL CENTRAL,19,Non-landed Properties,3,"2,500",90 - 100,"900 - 1,000",Nov 2021
PARC CENTROS,PUNGGOL CENTRAL,19,Non-landed Properties,2,"2,400",70 - 80,700 - 800,Nov 2021
PARC CENTROS,PUNGGOL CENTRAL,19,Non-landed Properties,1,"2,100",40 - 50,400 - 500,Nov 2021
PARC CENTROS,PUNGGOL CENTRAL,19,Non-landed Properties,3,"2,900",100 - 110,"1,100 - 1,200",Nov 2021
PARC CENTROS,PUNGGOL CENTRAL,19,Non-landed Properties,3,"3,000",100 - 110,"1,100 - 1,200",Nov 2021
PARC CENTROS,PUNGGOL CENTRAL,19,Non-landed Properties,1,"2,200",40 - 50,400 - 500,Nov 2021
PARC CENTROS,PUNGGOL CENTRAL,19,Non-landed Properties,3,"2,800",100 - 110,"1,100 - 1,200",Nov 2021
PARC CENTROS,PUNGGOL CENTRAL,19,Non-landed Properties,2,"2,800",70 - 80,700 - 800,Nov 2021
PARC CENTROS,PUNGGOL CENTRAL,19,Non-landed Properties,3,"2,700",100 - 110,"1,100 - 1,200",Nov 2021
PARC CENTROS,PUNGGOL CENTRAL,19,Non-landed Properties,3,"2,700",90 - 100,"900 - 1,000",Nov 2021
PARC CENTROS,PUNGGOL CENTRAL,19,Non-landed Properties,1,"1,700",40 - 50,400 - 500,Nov 2021
PARC ELEGANCE,TELOK KURAU ROAD,15,Non-landed Properties,1,"1,900",40 - 50,400 - 500,Jan 2021
PARC ELEGANCE,TELOK KURAU ROAD,15,Non-landed Properties,NA,"1,500",30 - 40,400 - 500,Jan 2021
PARC ELEGANCE,TELOK KURAU ROAD,15,Non-landed Properties,NA,"1,700",30 - 40,300 - 400,Jan 2021
PARC ELEGANCE,TELOK KURAU ROAD,15,Non-landed Properties,NA,"1,500",40 - 50,400 - 500,Jan 2021
PARC ELEGANCE,TELOK KURAU ROAD,15,Non-landed Properties,1,"1,700",40 - 50,400 - 500,Jan 2021
PARC ELEGANCE,TELOK KURAU ROAD,15,Non-landed Properties,1,"1,550",40 - 50,400 - 500,Jan 2021
PARC ELEGANCE,TELOK KURAU ROAD,15,Non-landed Properties,NA,"1,700",30 - 40,300 - 400,Jan 2021
PARC ELEGANCE,TELOK KURAU ROAD,15,Non-landed Properties,1,"1,500",40 - 50,400 - 500,Jan 2021
PARC ELEGANCE,TELOK KURAU ROAD,15,Non-landed Properties,1,"1,850",40 - 50,400 - 500,Jan 2021
PARC ELEGANCE,TELOK KURAU ROAD,15,Non-landed Properties,NA,"1,600",30 - 40,300 - 400,Jan 2021
PARC ELEGANCE,TELOK KURAU ROAD,15,Non-landed Properties,1,"1,800",40 - 50,400 - 500,Jan 2021
PARC ELEGANCE,TELOK KURAU ROAD,15,Non-landed Properties,1,"1,650",40 - 50,400 - 500,Jan 2021
PARC ELEGANCE,TELOK KURAU ROAD,15,Non-landed Properties,NA,"1,650",30 - 40,300 - 400,Feb 2021
PARC ELEGANCE,TELOK KURAU ROAD,15,Non-landed Properties,3,"2,300",60 - 70,600 - 700,Feb 2021
PARC ELEGANCE,TELOK KURAU ROAD,15,Non-landed Properties,2,"2,200",50 - 60,500 - 600,Jan 2021
PARC ELEGANCE,TELOK KURAU ROAD,15,Non-landed Properties,1,"1,700",40 - 50,400 - 500,Feb 2021
PARC ELEGANCE,TELOK KURAU ROAD,15,Non-landed Properties,NA,"1,700",40 - 50,400 - 500,Feb 2021
PARC ELEGANCE,TELOK KURAU ROAD,15,Non-landed Properties,NA,"1,650",40 - 50,400 - 500,Mar 2021
PARC ELEGANCE,TELOK KURAU ROAD,15,Non-landed Properties,1,"1,800",40 - 50,500 - 600,Mar 2021
PARC ELEGANCE,TELOK KURAU ROAD,15,Non-landed Properties,NA,"1,850",30 - 40,400 - 500,Mar 2021
PARC ELEGANCE,TELOK KURAU ROAD,15,Non-landed Properties,NA,"1,800",40 - 50,400 - 500,Mar 2021
PARC ELEGANCE,TELOK KURAU ROAD,15,Non-landed Properties,NA,"2,000",30 - 40,300 - 400,Mar 2021
PARC ELEGANCE,TELOK KURAU ROAD,15,Non-landed Properties,2,"1,900",50 - 60,500 - 600,Jan 2021
PARC ELEGANCE,TELOK KURAU ROAD,15,Non-landed Properties,1,"1,800",30 - 40,400 - 500,Mar 2021
PARC ELEGANCE,TELOK KURAU ROAD,15,Non-landed Properties,2,"1,800",50 - 60,500 - 600,Apr 2021
PARC ELEGANCE,TELOK KURAU ROAD,15,Non-landed Properties,NA,"1,700",40 - 50,400 - 500,Apr 2021
PARC ELEGANCE,TELOK KURAU ROAD,15,Non-landed Properties,2,"2,000",50 - 60,500 - 600,May 2021
PARC ELEGANCE,TELOK KURAU ROAD,15,Non-landed Properties,NA,"1,700",40 - 50,400 - 500,May 2021
PARC ELEGANCE,TELOK KURAU ROAD,15,Non-landed Properties,NA,"2,000",30 - 40,400 - 500,May 2021
PARC ELEGANCE,TELOK KURAU ROAD,15,Non-landed Properties,NA,"1,650",30 - 40,400 - 500,Jun 2021
PARC ELEGANCE,TELOK KURAU ROAD,15,Non-landed Properties,NA,"1,800",30 - 40,300 - 400,Jun 2021
PARC ELEGANCE,TELOK KURAU ROAD,15,Non-landed Properties,1,"1,700",40 - 50,400 - 500,Jun 2021
PARC ELEGANCE,TELOK KURAU ROAD,15,Non-landed Properties,NA,"1,500",30 - 40,300 - 400,Jul 2021
PARC ELEGANCE,TELOK KURAU ROAD,15,Non-landed Properties,NA,"1,800",30 - 40,400 - 500,Jul 2021
PARC ELEGANCE,TELOK KURAU ROAD,15,Non-landed Properties,1,"1,800",40 - 50,400 - 500,Jul 2021
PARC ELEGANCE,TELOK KURAU ROAD,15,Non-landed Properties,1,"1,850",40 - 50,400 - 500,Jul 2021
PARC ELEGANCE,TELOK KURAU ROAD,15,Non-landed Properties,NA,"1,650",40 - 50,400 - 500,Jul 2021
PARC ELEGANCE,TELOK KURAU ROAD,15,Non-landed Properties,3,"2,700",80 - 90,"900 - 1,000",Jul 2021
PARC ELEGANCE,TELOK KURAU ROAD,15,Non-landed Properties,NA,"1,750",40 - 50,400 - 500,Jul 2021
PARC ELEGANCE,TELOK KURAU ROAD,15,Non-landed Properties,NA,"1,900",30 - 40,300 - 400,Jul 2021
PARC ELEGANCE,TELOK KURAU ROAD,15,Non-landed Properties,NA,"1,750",30 - 40,300 - 400,Jun 2021
PARC ELEGANCE,TELOK KURAU ROAD,15,Non-landed Properties,NA,"1,800",30 - 40,300 - 400,Jul 2021
PARC ELEGANCE,TELOK KURAU ROAD,15,Non-landed Properties,NA,"2,000",30 - 40,300 - 400,Jul 2021
PARC ELEGANCE,TELOK KURAU ROAD,15,Non-landed Properties,NA,"1,700",40 - 50,400 - 500,Jul 2021
PARC ELEGANCE,TELOK KURAU ROAD,15,Non-landed Properties,1,"1,850",30 - 40,400 - 500,Aug 2021
PARC ELEGANCE,TELOK KURAU ROAD,15,Non-landed Properties,1,"2,100",40 - 50,400 - 500,Aug 2021
PARC ELEGANCE,TELOK KURAU ROAD,15,Non-landed Properties,NA,"1,700",30 - 40,300 - 400,Aug 2021
PARC ELEGANCE,TELOK KURAU ROAD,15,Non-landed Properties,1,"1,690",40 - 50,400 - 500,Sep 2021
PARC ELEGANCE,TELOK KURAU ROAD,15,Non-landed Properties,NA,"1,750",40 - 50,400 - 500,Sep 2021
PARC ELEGANCE,TELOK KURAU ROAD,15,Non-landed Properties,1,"1,850",40 - 50,400 - 500,Sep 2021
PARC ELEGANCE,TELOK KURAU ROAD,15,Non-landed Properties,1,"1,900",40 - 50,400 - 500,Oct 2021
PARC ELEGANCE,TELOK KURAU ROAD,15,Non-landed Properties,NA,"1,700",30 - 40,400 - 500,Oct 2021
PARC ELEGANCE,TELOK KURAU ROAD,15,Non-landed Properties,NA,"1,850",40 - 50,400 - 500,Oct 2021
PARC ELEGANCE,TELOK KURAU ROAD,15,Non-landed Properties,1,"1,900",30 - 40,400 - 500,Sep 2021
PARC ELEGANCE,TELOK KURAU ROAD,15,Non-landed Properties,2,"2,300",90 - 100,"1,000 - 1,100",Oct 2021
PARC ELEGANCE,TELOK KURAU ROAD,15,Non-landed Properties,2,"2,300",50 - 60,500 - 600,Oct 2021
PARC ELEGANCE,TELOK KURAU ROAD,15,Non-landed Properties,NA,"1,700",30 - 40,300 - 400,Nov 2021
PARC ELEGANCE,TELOK KURAU ROAD,15,Non-landed Properties,1,"1,700",40 - 50,400 - 500,Nov 2021
PARC ELEGANCE,TELOK KURAU ROAD,15,Non-landed Properties,NA,"1,650",40 - 50,400 - 500,Nov 2021
PARC ELEGANCE,TELOK KURAU ROAD,15,Non-landed Properties,NA,"1,700",30 - 40,400 - 500,Nov 2021
PARC ELEGANCE,TELOK KURAU ROAD,15,Non-landed Properties,NA,"2,100",40 - 50,400 - 500,Nov 2021
PARC EMILY,MOUNT EMILY ROAD,09,Non-landed Properties,1,"2,600",50 - 60,500 - 600,Jan 2021
PARC EMILY,MOUNT EMILY ROAD,09,Non-landed Properties,1,"2,700",50 - 60,500 - 600,Jan 2021
PARC EMILY,MOUNT EMILY ROAD,09,Non-landed Properties,3,"3,800",110 - 120,"1,200 - 1,300",Jan 2021
PARC EMILY,MOUNT EMILY ROAD,09,Non-landed Properties,1,"2,600",50 - 60,500 - 600,Jan 2021
PARC EMILY,MOUNT EMILY ROAD,09,Non-landed Properties,2,"3,000",80 - 90,"900 - 1,000",Jan 2021
PARC EMILY,MOUNT EMILY ROAD,09,Non-landed Properties,1,"2,800",50 - 60,500 - 600,Jan 2021
PARC EMILY,MOUNT EMILY ROAD,09,Non-landed Properties,1,"2,800",50 - 60,500 - 600,Jan 2021
PARC EMILY,MOUNT EMILY ROAD,09,Non-landed Properties,2,"3,500",90 - 100,"900 - 1,000",Jan 2021
PARC EMILY,MOUNT EMILY ROAD,09,Non-landed Properties,2,"3,700",90 - 100,"900 - 1,000",Jan 2021
PARC EMILY,MOUNT EMILY ROAD,09,Non-landed Properties,4,"7,200",160 - 170,"1,700 - 1,800",Jan 2021
PARC EMILY,MOUNT EMILY ROAD,09,Non-landed Properties,3,"5,650",110 - 120,"1,200 - 1,300",Jan 2021
PARC EMILY,MOUNT EMILY ROAD,09,Non-landed Properties,1,"2,550",50 - 60,600 - 700,Jan 2021
PARC EMILY,MOUNT EMILY ROAD,09,Non-landed Properties,3,"4,600",110 - 120,"1,200 - 1,300",Jan 2021
PARC EMILY,MOUNT EMILY ROAD,09,Non-landed Properties,3,"5,200",110 - 120,"1,200 - 1,300",Jan 2021
PARC EMILY,MOUNT EMILY ROAD,09,Non-landed Properties,2,"3,800",90 - 100,"900 - 1,000",Jan 2021
PARC EMILY,MOUNT EMILY ROAD,09,Non-landed Properties,1,"2,300",50 - 60,500 - 600,Feb 2021
PARC EMILY,MOUNT EMILY ROAD,09,Non-landed Properties,2,"3,600",80 - 90,"900 - 1,000",Feb 2021
PARC EMILY,MOUNT EMILY ROAD,09,Non-landed Properties,3,"5,000",130 - 140,"1,300 - 1,400",Feb 2021
PARC EMILY,MOUNT EMILY ROAD,09,Non-landed Properties,1,"2,700",50 - 60,500 - 600,Feb 2021
PARC EMILY,MOUNT EMILY ROAD,09,Non-landed Properties,2,"3,600",80 - 90,800 - 900,Feb 2021
PARC EMILY,MOUNT EMILY ROAD,09,Non-landed Properties,3,"4,800",110 - 120,"1,200 - 1,300",Feb 2021
PARC EMILY,MOUNT EMILY ROAD,09,Non-landed Properties,1,"2,900",60 - 70,600 - 700,Feb 2021
PARC EMILY,MOUNT EMILY ROAD,09,Non-landed Properties,2,"3,400",80 - 90,"900 - 1,000",Feb 2021
PARC EMILY,MOUNT EMILY ROAD,09,Non-landed Properties,2,"3,400",80 - 90,800 - 900,Feb 2021
PARC EMILY,MOUNT EMILY ROAD,09,Non-landed Properties,1,"2,700",50 - 60,500 - 600,Jan 2021
PARC EMILY,MOUNT EMILY ROAD,09,Non-landed Properties,2,"3,800",80 - 90,"900 - 1,000",Feb 2021
PARC EMILY,MOUNT EMILY ROAD,09,Non-landed Properties,1,"2,900",50 - 60,600 - 700,Feb 2021
PARC EMILY,MOUNT EMILY ROAD,09,Non-landed Properties,3,"4,800",110 - 120,"1,200 - 1,300",Mar 2021
PARC EMILY,MOUNT EMILY ROAD,09,Non-landed Properties,4,"6,250",170 - 180,"1,900 - 2,000",Mar 2021
PARC EMILY,MOUNT EMILY ROAD,09,Non-landed Properties,1,"2,800",50 - 60,500 - 600,Mar 2021
PARC EMILY,MOUNT EMILY ROAD,09,Non-landed Properties,2,"3,800",100 - 110,"1,000 - 1,100",Mar 2021
PARC EMILY,MOUNT EMILY ROAD,09,Non-landed Properties,1,"2,700",50 - 60,500 - 600,Mar 2021
PARC EMILY,MOUNT EMILY ROAD,09,Non-landed Properties,3,"5,000",130 - 140,"1,300 - 1,400",Mar 2021
PARC EMILY,MOUNT EMILY ROAD,09,Non-landed Properties,2,"3,600",80 - 90,800 - 900,Mar 2021
PARC EMILY,MOUNT EMILY ROAD,09,Non-landed Properties,2,"3,700",110 - 120,"1,200 - 1,300",Mar 2021
PARC EMILY,MOUNT EMILY ROAD,09,Non-landed Properties,1,"2,600",50 - 60,500 - 600,Mar 2021
PARC EMILY,MOUNT EMILY ROAD,09,Non-landed Properties,2,"3,900",90 - 100,"1,000 - 1,100",Apr 2021
PARC EMILY,MOUNT EMILY ROAD,09,Non-landed Properties,2,"4,500",110 - 120,"1,200 - 1,300",Apr 2021
PARC EMILY,MOUNT EMILY ROAD,09,Non-landed Properties,1,"3,100",50 - 60,500 - 600,Apr 2021
PARC EMILY,MOUNT EMILY ROAD,09,Non-landed Properties,2,"3,900",90 - 100,"900 - 1,000",Apr 2021
PARC EMILY,MOUNT EMILY ROAD,09,Non-landed Properties,2,"3,500",80 - 90,"900 - 1,000",Apr 2021
PARC EMILY,MOUNT EMILY ROAD,09,Non-landed Properties,2,"4,300",100 - 110,"1,100 - 1,200",Apr 2021
PARC EMILY,MOUNT EMILY ROAD,09,Non-landed Properties,1,"2,700",50 - 60,500 - 600,Apr 2021
PARC EMILY,MOUNT EMILY ROAD,09,Non-landed Properties,1,"2,800",50 - 60,500 - 600,Apr 2021
PARC EMILY,MOUNT EMILY ROAD,09,Non-landed Properties,3,"4,600",110 - 120,"1,200 - 1,300",Apr 2021
PARC EMILY,MOUNT EMILY ROAD,09,Non-landed Properties,1,"3,000",50 - 60,600 - 700,Apr 2021
PARC EMILY,MOUNT EMILY ROAD,09,Non-landed Properties,1,"2,800",50 - 60,500 - 600,Apr 2021
PARC EMILY,MOUNT EMILY ROAD,09,Non-landed Properties,1,"2,800",50 - 60,600 - 700,Apr 2021
PARC EMILY,MOUNT EMILY ROAD,09,Non-landed Properties,2,"3,500",80 - 90,800 - 900,Apr 2021
PARC EMILY,MOUNT EMILY ROAD,09,Non-landed Properties,2,"3,800",80 - 90,"900 - 1,000",Apr 2021
PARC EMILY,MOUNT EMILY ROAD,09,Non-landed Properties,3,"4,400",110 - 120,"1,200 - 1,300",Apr 2021
PARC EMILY,MOUNT EMILY ROAD,09,Non-landed Properties,2,"3,850",110 - 120,"1,200 - 1,300",May 2021
PARC EMILY,MOUNT EMILY ROAD,09,Non-landed Properties,2,"3,600",80 - 90,"900 - 1,000",May 2021
PARC EMILY,MOUNT EMILY ROAD,09,Non-landed Properties,3,"4,550",90 - 100,"1,000 - 1,100",May 2021
PARC EMILY,MOUNT EMILY ROAD,09,Non-landed Properties,1,"2,750",50 - 60,500 - 600,May 2021
PARC EMILY,MOUNT EMILY ROAD,09,Non-landed Properties,3,"4,700",100 - 110,"1,000 - 1,100",May 2021
PARC EMILY,MOUNT EMILY ROAD,09,Non-landed Properties,1,"2,700",50 - 60,500 - 600,May 2021
PARC EMILY,MOUNT EMILY ROAD,09,Non-landed Properties,1,"3,050",50 - 60,600 - 700,May 2021
PARC EMILY,MOUNT EMILY ROAD,09,Non-landed Properties,1,"2,600",50 - 60,500 - 600,May 2021
PARC EMILY,MOUNT EMILY ROAD,09,Non-landed Properties,3,"5,200",110 - 120,"1,200 - 1,300",May 2021
PARC EMILY,MOUNT EMILY ROAD,09,Non-landed Properties,1,"2,800",70 - 80,700 - 800,May 2021
PARC EMILY,MOUNT EMILY ROAD,09,Non-landed Properties,2,"3,800",80 - 90,"900 - 1,000",May 2021
PARC EMILY,MOUNT EMILY ROAD,09,Non-landed Properties,3,"5,100",130 - 140,"1,300 - 1,400",May 2021
PARC EMILY,MOUNT EMILY ROAD,09,Non-landed Properties,1,"2,500",50 - 60,500 - 600,May 2021
PARC EMILY,MOUNT EMILY ROAD,09,Non-landed Properties,3,"4,500",110 - 120,"1,200 - 1,300",May 2021
PARC EMILY,MOUNT EMILY ROAD,09,Non-landed Properties,2,"3,600",80 - 90,"900 - 1,000",May 2021
PARC EMILY,MOUNT EMILY ROAD,09,Non-landed Properties,1,"2,900",50 - 60,600 - 700,May 2021
PARC EMILY,MOUNT EMILY ROAD,09,Non-landed Properties,2,"4,800",80 - 90,800 - 900,Jun 2021
PARC EMILY,MOUNT EMILY ROAD,09,Non-landed Properties,3,"5,000",110 - 120,"1,200 - 1,300",Jun 2021
PARC EMILY,MOUNT EMILY ROAD,09,Non-landed Properties,1,"2,700",50 - 60,500 - 600,Jun 2021
PARC EMILY,MOUNT EMILY ROAD,09,Non-landed Properties,1,"2,800",50 - 60,500 - 600,Jun 2021
PARC EMILY,MOUNT EMILY ROAD,09,Non-landed Properties,3,"5,600",110 - 120,"1,200 - 1,300",Jun 2021
PARC EMILY,MOUNT EMILY ROAD,09,Non-landed Properties,2,"3,800",80 - 90,"900 - 1,000",Jun 2021
PARC EMILY,MOUNT EMILY ROAD,09,Non-landed Properties,2,"3,800",90 - 100,"1,000 - 1,100",Jun 2021
PARC EMILY,MOUNT EMILY ROAD,09,Non-landed Properties,4,"6,300",160 - 170,"1,700 - 1,800",Jun 2021
PARC EMILY,MOUNT EMILY ROAD,09,Non-landed Properties,2,"3,900",90 - 100,"1,000 - 1,100",Jun 2021
PARC EMILY,MOUNT EMILY ROAD,09,Non-landed Properties,3,"5,000",110 - 120,"1,200 - 1,300",Jun 2021
PARC EMILY,MOUNT EMILY ROAD,09,Non-landed Properties,3,"4,700",110 - 120,"1,200 - 1,300",May 2021
PARC EMILY,MOUNT EMILY ROAD,09,Non-landed Properties,2,"4,100",90 - 100,"1,000 - 1,100",Jun 2021
PARC EMILY,MOUNT EMILY ROAD,09,Non-landed Properties,1,"2,800",50 - 60,500 - 600,Jun 2021
PARC EMILY,MOUNT EMILY ROAD,09,Non-landed Properties,1,"2,900",60 - 70,600 - 700,Jun 2021
PARC EMILY,MOUNT EMILY ROAD,09,Non-landed Properties,2,"4,200",80 - 90,800 - 900,May 2021
PARC EMILY,MOUNT EMILY ROAD,09,Non-landed Properties,1,"3,400",70 - 80,700 - 800,Jun 2021
PARC EMILY,MOUNT EMILY ROAD,09,Non-landed Properties,3,"4,800",110 - 120,"1,200 - 1,300",Jun 2021
PARC EMILY,MOUNT EMILY ROAD,09,Non-landed Properties,2,"4,000",90 - 100,"1,000 - 1,100",Jun 2021
PARC EMILY,MOUNT EMILY ROAD,09,Non-landed Properties,3,"4,600",110 - 120,"1,200 - 1,300",Jun 2021
PARC EMILY,MOUNT EMILY ROAD,09,Non-landed Properties,2,"4,100",90 - 100,"900 - 1,000",Jul 2021
PARC EMILY,MOUNT EMILY ROAD,09,Non-landed Properties,2,"3,800",80 - 90,"900 - 1,000",Jul 2021
PARC EMILY,MOUNT EMILY ROAD,09,Non-landed Properties,2,"3,900",100 - 110,"1,000 - 1,100",Jul 2021
PARC EMILY,MOUNT EMILY ROAD,09,Non-landed Properties,1,"2,700",50 - 60,500 - 600,Jul 2021
PARC EMILY,MOUNT EMILY ROAD,09,Non-landed Properties,2,"4,600",90 - 100,"1,000 - 1,100",Jul 2021
PARC EMILY,MOUNT EMILY ROAD,09,Non-landed Properties,1,"2,900",50 - 60,600 - 700,Jul 2021
PARC EMILY,MOUNT EMILY ROAD,09,Non-landed Properties,1,"3,000",50 - 60,600 - 700,Jul 2021
PARC EMILY,MOUNT EMILY ROAD,09,Non-landed Properties,1,"2,800",50 - 60,500 - 600,Jul 2021
PARC EMILY,MOUNT EMILY ROAD,09,Non-landed Properties,2,"4,300",90 - 100,"900 - 1,000",Jul 2021
PARC EMILY,MOUNT EMILY ROAD,09,Non-landed Properties,1,"2,700",50 - 60,500 - 600,Jul 2021
PARC EMILY,MOUNT EMILY ROAD,09,Non-landed Properties,2,"4,300",80 - 90,800 - 900,Jul 2021
PARC EMILY,MOUNT EMILY ROAD,09,Non-landed Properties,2,"3,600",80 - 90,"900 - 1,000",Jul 2021
PARC EMILY,MOUNT EMILY ROAD,09,Non-landed Properties,1,"3,100",60 - 70,700 - 800,Jul 2021
PARC EMILY,MOUNT EMILY ROAD,09,Non-landed Properties,1,"2,750",50 - 60,500 - 600,Jul 2021
PARC EMILY,MOUNT EMILY ROAD,09,Non-landed Properties,2,"3,550",80 - 90,800 - 900,Jul 2021
PARC EMILY,MOUNT EMILY ROAD,09,Non-landed Properties,1,"2,550",50 - 60,600 - 700,Jul 2021
PARC EMILY,MOUNT EMILY ROAD,09,Non-landed Properties,1,"2,800",50 - 60,600 - 700,Jul 2021
PARC EMILY,MOUNT EMILY ROAD,09,Non-landed Properties,3,"4,600",110 - 120,"1,200 - 1,300",Aug 2021
PARC EMILY,MOUNT EMILY ROAD,09,Non-landed Properties,1,"2,900",50 - 60,500 - 600,Aug 2021
PARC EMILY,MOUNT EMILY ROAD,09,Non-landed Properties,4,"6,400",160 - 170,"1,700 - 1,800",Aug 2021
PARC EMILY,MOUNT EMILY ROAD,09,Non-landed Properties,1,"2,800",50 - 60,500 - 600,Aug 2021
PARC EMILY,MOUNT EMILY ROAD,09,Non-landed Properties,2,"3,700",90 - 100,"900 - 1,000",Aug 2021
PARC EMILY,MOUNT EMILY ROAD,09,Non-landed Properties,3,"5,200",110 - 120,"1,200 - 1,300",Aug 2021
PARC EMILY,MOUNT EMILY ROAD,09,Non-landed Properties,1,"2,500",50 - 60,500 - 600,Aug 2021
PARC EMILY,MOUNT EMILY ROAD,09,Non-landed Properties,3,"4,650",110 - 120,"1,200 - 1,300",Aug 2021
PARC EMILY,MOUNT EMILY ROAD,09,Non-landed Properties,1,"2,800",50 - 60,500 - 600,Aug 2021
PARC EMILY,MOUNT EMILY ROAD,09,Non-landed Properties,3,"4,650",110 - 120,"1,200 - 1,300",Aug 2021
PARC EMILY,MOUNT EMILY ROAD,09,Non-landed Properties,3,"4,500",110 - 120,"1,200 - 1,300",Jul 2021
PARC EMILY,MOUNT EMILY ROAD,09,Non-landed Properties,2,"3,000",100 - 110,"1,000 - 1,100",Aug 2021
PARC EMILY,MOUNT EMILY ROAD,09,Non-landed Properties,1,"2,800",50 - 60,500 - 600,Aug 2021
PARC EMILY,MOUNT EMILY ROAD,09,Non-landed Properties,3,"5,100",130 - 140,"1,300 - 1,400",Sep 2021
PARC EMILY,MOUNT EMILY ROAD,09,Non-landed Properties,2,"4,100",90 - 100,"1,000 - 1,100",Sep 2021
PARC EMILY,MOUNT EMILY ROAD,09,Non-landed Properties,2,"4,000",90 - 100,"900 - 1,000",Sep 2021
PARC EMILY,MOUNT EMILY ROAD,09,Non-landed Properties,3,"5,000",110 - 120,"1,200 - 1,300",Sep 2021
PARC EMILY,MOUNT EMILY ROAD,09,Non-landed Properties,1,"2,800",50 - 60,500 - 600,Sep 2021
PARC EMILY,MOUNT EMILY ROAD,09,Non-landed Properties,3,"5,000",110 - 120,"1,200 - 1,300",Sep 2021
PARC EMILY,MOUNT EMILY ROAD,09,Non-landed Properties,2,"4,300",90 - 100,"900 - 1,000",Sep 2021
PARC EMILY,MOUNT EMILY ROAD,09,Non-landed Properties,3,"5,100",110 - 120,"1,200 - 1,300",Sep 2021
PARC EMILY,MOUNT EMILY ROAD,09,Non-landed Properties,2,"4,300",90 - 100,"1,000 - 1,100",Aug 2021
PARC EMILY,MOUNT EMILY ROAD,09,Non-landed Properties,2,"3,850",80 - 90,800 - 900,Sep 2021
PARC EMILY,MOUNT EMILY ROAD,09,Non-landed Properties,1,"2,800",50 - 60,500 - 600,Sep 2021
PARC EMILY,MOUNT EMILY ROAD,09,Non-landed Properties,1,"2,700",50 - 60,500 - 600,Sep 2021
PARC EMILY,MOUNT EMILY ROAD,09,Non-landed Properties,2,"3,700",80 - 90,"900 - 1,000",Sep 2021
PARC EMILY,MOUNT EMILY ROAD,09,Non-landed Properties,3,"4,850",110 - 120,"1,200 - 1,300",Sep 2021
PARC EMILY,MOUNT EMILY ROAD,09,Non-landed Properties,1,"2,900",50 - 60,600 - 700,Sep 2021
PARC EMILY,MOUNT EMILY ROAD,09,Non-landed Properties,1,"2,700",50 - 60,500 - 600,Sep 2021
PARC EMILY,MOUNT EMILY ROAD,09,Non-landed Properties,1,"3,000",50 - 60,500 - 600,Sep 2021
PARC EMILY,MOUNT EMILY ROAD,09,Non-landed Properties,1,"2,400",50 - 60,500 - 600,Oct 2021
PARC EMILY,MOUNT EMILY ROAD,09,Non-landed Properties,2,"3,900",90 - 100,"900 - 1,000",Oct 2021
PARC EMILY,MOUNT EMILY ROAD,09,Non-landed Properties,2,"3,900",90 - 100,"1,000 - 1,100",Oct 2021
PARC EMILY,MOUNT EMILY ROAD,09,Non-landed Properties,1,"3,000",60 - 70,600 - 700,Oct 2021
PARC EMILY,MOUNT EMILY ROAD,09,Non-landed Properties,1,"3,100",50 - 60,600 - 700,Oct 2021
PARC EMILY,MOUNT EMILY ROAD,09,Non-landed Properties,3,"5,100",110 - 120,"1,200 - 1,300",Oct 2021
PARC EMILY,MOUNT EMILY ROAD,09,Non-landed Properties,2,"3,800",80 - 90,800 - 900,Oct 2021
PARC EMILY,MOUNT EMILY ROAD,09,Non-landed Properties,1,"3,100",50 - 60,500 - 600,Oct 2021
PARC EMILY,MOUNT EMILY ROAD,09,Non-landed Properties,2,"4,100",90 - 100,"900 - 1,000",Oct 2021
PARC EMILY,MOUNT EMILY ROAD,09,Non-landed Properties,1,"2,750",50 - 60,500 - 600,Nov 2021
PARC EMILY,MOUNT EMILY ROAD,09,Non-landed Properties,2,"3,900",90 - 100,"900 - 1,000",Nov 2021
PARC EMILY,MOUNT EMILY ROAD,09,Non-landed Properties,1,"2,700",50 - 60,500 - 600,Nov 2021
PARC EMILY,MOUNT EMILY ROAD,09,Non-landed Properties,3,"5,000",130 - 140,"1,300 - 1,400",Nov 2021
PARC EMILY,MOUNT EMILY ROAD,09,Non-landed Properties,2,"3,850",80 - 90,800 - 900,Oct 2021
PARC EMILY,MOUNT EMILY ROAD,09,Non-landed Properties,2,"3,700",80 - 90,800 - 900,Nov 2021
PARC EMILY,MOUNT EMILY ROAD,09,Non-landed Properties,2,"3,800",80 - 90,"900 - 1,000",Nov 2021
PARC EMILY,MOUNT EMILY ROAD,09,Non-landed Properties,1,"2,900",60 - 70,600 - 700,Nov 2021
PARC EMILY,MOUNT EMILY ROAD,09,Non-landed Properties,2,"4,000",80 - 90,800 - 900,Nov 2021
PARC EMILY,MOUNT EMILY ROAD,09,Non-landed Properties,1,"3,100",50 - 60,500 - 600,Nov 2021
PARC HAVEN,LORONG LIMAU,12,Non-landed Properties,2,"2,700",90 - 100,"1,000 - 1,100",Jan 2021
PARC HAVEN,LORONG LIMAU,12,Non-landed Properties,1,"2,100",60 - 70,600 - 700,Jan 2021
PARC HAVEN,LORONG LIMAU,12,Non-landed Properties,1,"2,200",60 - 70,600 - 700,Jan 2021
PARC HAVEN,LORONG LIMAU,12,Non-landed Properties,1,"2,050",60 - 70,600 - 700,Jan 2021
PARC HAVEN,LORONG LIMAU,12,Non-landed Properties,2,"2,800",90 - 100,"1,000 - 1,100",Feb 2021
PARC HAVEN,LORONG LIMAU,12,Non-landed Properties,2,"2,800",90 - 100,"1,000 - 1,100",Feb 2021
PARC HAVEN,LORONG LIMAU,12,Non-landed Properties,NA,"1,800",40 - 50,400 - 500,Feb 2021
PARC HAVEN,LORONG LIMAU,12,Non-landed Properties,NA,"1,900",40 - 50,400 - 500,Feb 2021
PARC HAVEN,LORONG LIMAU,12,Non-landed Properties,1,"2,500",60 - 70,600 - 700,Feb 2021
PARC HAVEN,LORONG LIMAU,12,Non-landed Properties,NA,"1,600",40 - 50,400 - 500,Jan 2021
PARC HAVEN,LORONG LIMAU,12,Non-landed Properties,3,"3,300",110 - 120,"1,200 - 1,300",Apr 2021
PARC HAVEN,LORONG LIMAU,12,Non-landed Properties,2,"3,000",90 - 100,"1,000 - 1,100",Apr 2021
PARC HAVEN,LORONG LIMAU,12,Non-landed Properties,3,"3,300",110 - 120,"1,200 - 1,300",May 2021
PARC HAVEN,LORONG LIMAU,12,Non-landed Properties,2,"2,000",90 - 100,"1,000 - 1,100",May 2021
PARC HAVEN,LORONG LIMAU,12,Non-landed Properties,3,"3,200",110 - 120,"1,200 - 1,300",May 2021
PARC HAVEN,LORONG LIMAU,12,Non-landed Properties,3,"4,000",240 - 250,"2,600 - 2,700",Jun 2021
PARC HAVEN,LORONG LIMAU,12,Non-landed Properties,NA,"1,600",40 - 50,400 - 500,Jun 2021
PARC HAVEN,LORONG LIMAU,12,Non-landed Properties,3,"2,800",120 - 130,"1,300 - 1,400",Jul 2021
PARC HAVEN,LORONG LIMAU,12,Non-landed Properties,3,"3,300",110 - 120,"1,200 - 1,300",Jul 2021
PARC HAVEN,LORONG LIMAU,12,Non-landed Properties,2,"2,950",90 - 100,"1,000 - 1,100",Jul 2021
PARC HAVEN,LORONG LIMAU,12,Non-landed Properties,3,"5,000",130 - 140,"1,400 - 1,500",Jul 2021
PARC HAVEN,LORONG LIMAU,12,Non-landed Properties,3,"3,800",130 - 140,"1,400 - 1,500",Aug 2021
PARC HAVEN,LORONG LIMAU,12,Non-landed Properties,1,"2,300",60 - 70,600 - 700,Aug 2021
PARC HAVEN,LORONG LIMAU,12,Non-landed Properties,1,"2,400",60 - 70,600 - 700,Aug 2021
PARC HAVEN,LORONG LIMAU,12,Non-landed Properties,1,"2,600",60 - 70,600 - 700,Aug 2021
PARC HAVEN,LORONG LIMAU,12,Non-landed Properties,3,"3,900",130 - 140,"1,400 - 1,500",Aug 2021
PARC HAVEN,LORONG LIMAU,12,Non-landed Properties,NA,"1,800",40 - 50,400 - 500,Sep 2021
PARC HAVEN,LORONG LIMAU,12,Non-landed Properties,NA,"2,000",40 - 50,400 - 500,Sep 2021
PARC HAVEN,LORONG LIMAU,12,Non-landed Properties,2,"3,000",90 - 100,"1,000 - 1,100",Oct 2021
PARC HAVEN,LORONG LIMAU,12,Non-landed Properties,NA,"1,800",40 - 50,500 - 600,Sep 2021
PARC HAVEN,LORONG LIMAU,12,Non-landed Properties,1,"2,100",60 - 70,600 - 700,Oct 2021
PARC HAVEN,LORONG LIMAU,12,Non-landed Properties,NA,"2,000",40 - 50,400 - 500,Nov 2021
PARC HAVEN,LORONG LIMAU,12,Non-landed Properties,1,"2,300",60 - 70,600 - 700,Nov 2021
PARC HAVEN,LORONG LIMAU,12,Non-landed Properties,NA,"1,900",40 - 50,400 - 500,Nov 2021
PARC HAVEN,LORONG LIMAU,12,Non-landed Properties,3,"4,280",130 - 140,"1,400 - 1,500",Nov 2021
PARC HAVEN,LORONG LIMAU,12,Non-landed Properties,1,"2,000",70 - 80,700 - 800,Nov 2021
PARC HAVEN,LORONG LIMAU,12,Non-landed Properties,3,"4,000",110 - 120,"1,200 - 1,300",Nov 2021
PARC HAVEN,LORONG LIMAU,12,Non-landed Properties,2,"3,000",90 - 100,"1,000 - 1,100",Nov 2021
PARC IMPERIAL,PASIR PANJANG ROAD,05,Non-landed Properties,NA,"2,000",30 - 40,300 - 400,Jan 2021
PARC IMPERIAL,PASIR PANJANG ROAD,05,Non-landed Properties,NA,"2,000",30 - 40,300 - 400,Jan 2021
PARC IMPERIAL,PASIR PANJANG ROAD,05,Non-landed Properties,NA,"2,000",30 - 40,300 - 400,Jan 2021
PARC IMPERIAL,PASIR PANJANG ROAD,05,Non-landed Properties,NA,"2,000",30 - 40,300 - 400,Jan 2021
PARC IMPERIAL,PASIR PANJANG ROAD,05,Non-landed Properties,NA,"2,000",30 - 40,400 - 500,Jan 2021
PARC IMPERIAL,PASIR PANJANG ROAD,05,Non-landed Properties,NA,"1,900",30 - 40,300 - 400,Jan 2021
PARC IMPERIAL,PASIR PANJANG ROAD,05,Non-landed Properties,NA,"1,900",30 - 40,300 - 400,Jan 2021
PARC IMPERIAL,PASIR PANJANG ROAD,05,Non-landed Properties,NA,"2,000",30 - 40,300 - 400,Jan 2021
PARC IMPERIAL,PASIR PANJANG ROAD,05,Non-landed Properties,NA,"1,950",30 - 40,400 - 500,Feb 2021
PARC IMPERIAL,PASIR PANJANG ROAD,05,Non-landed Properties,NA,"2,000",30 - 40,400 - 500,Feb 2021
PARC IMPERIAL,PASIR PANJANG ROAD,05,Non-landed Properties,1,"2,000",40 - 50,400 - 500,Feb 2021
PARC IMPERIAL,PASIR PANJANG ROAD,05,Non-landed Properties,NA,"2,350",30 - 40,400 - 500,Feb 2021
PARC IMPERIAL,PASIR PANJANG ROAD,05,Non-landed Properties,NA,"2,050",30 - 40,400 - 500,Jan 2021
PARC IMPERIAL,PASIR PANJANG ROAD,05,Non-landed Properties,NA,"2,000",30 - 40,400 - 500,Feb 2021
PARC IMPERIAL,PASIR PANJANG ROAD,05,Non-landed Properties,NA,"1,850",30 - 40,300 - 400,Feb 2021
PARC IMPERIAL,PASIR PANJANG ROAD,05,Non-landed Properties,NA,"2,100",30 - 40,300 - 400,Feb 2021
PARC IMPERIAL,PASIR PANJANG ROAD,05,Non-landed Properties,NA,"2,100",30 - 40,400 - 500,Feb 2021
PARC IMPERIAL,PASIR PANJANG ROAD,05,Non-landed Properties,NA,"2,450",30 - 40,300 - 400,Jan 2021
PARC IMPERIAL,PASIR PANJANG ROAD,05,Non-landed Properties,NA,"1,850",30 - 40,400 - 500,Mar 2021
PARC IMPERIAL,PASIR PANJANG ROAD,05,Non-landed Properties,NA,"2,000",30 - 40,300 - 400,Mar 2021
PARC IMPERIAL,PASIR PANJANG ROAD,05,Non-landed Properties,NA,"2,000",30 - 40,300 - 400,Mar 2021
PARC IMPERIAL,PASIR PANJANG ROAD,05,Non-landed Properties,NA,"2,100",30 - 40,300 - 400,Feb 2021
PARC IMPERIAL,PASIR PANJANG ROAD,05,Non-landed Properties,NA,"2,300",30 - 40,400 - 500,Mar 2021
PARC IMPERIAL,PASIR PANJANG ROAD,05,Non-landed Properties,NA,"2,100",30 - 40,300 - 400,Mar 2021
PARC IMPERIAL,PASIR PANJANG ROAD,05,Non-landed Properties,NA,"1,900",30 - 40,300 - 400,Mar 2021
PARC IMPERIAL,PASIR PANJANG ROAD,05,Non-landed Properties,NA,"2,050",30 - 40,400 - 500,Mar 2021
PARC IMPERIAL,PASIR PANJANG ROAD,05,Non-landed Properties,1,"2,200",40 - 50,400 - 500,Apr 2021
PARC IMPERIAL,PASIR PANJANG ROAD,05,Non-landed Properties,NA,"2,050",30 - 40,300 - 400,Apr 2021
PARC IMPERIAL,PASIR PANJANG ROAD,05,Non-landed Properties,NA,"2,000",30 - 40,400 - 500,Apr 2021
PARC IMPERIAL,PASIR PANJANG ROAD,05,Non-landed Properties,NA,"2,000",30 - 40,300 - 400,Apr 2021
PARC IMPERIAL,PASIR PANJANG ROAD,05,Non-landed Properties,NA,"2,150",30 - 40,300 - 400,Apr 2021
PARC IMPERIAL,PASIR PANJANG ROAD,05,Non-landed Properties,NA,"2,100",30 - 40,300 - 400,May 2021
PARC IMPERIAL,PASIR PANJANG ROAD,05,Non-landed Properties,NA,"2,000",40 - 50,400 - 500,May 2021
PARC IMPERIAL,PASIR PANJANG ROAD,05,Non-landed Properties,NA,"2,200",30 - 40,300 - 400,May 2021
PARC IMPERIAL,PASIR PANJANG ROAD,05,Non-landed Properties,NA,"2,000",30 - 40,400 - 500,May 2021
PARC IMPERIAL,PASIR PANJANG ROAD,05,Non-landed Properties,NA,"2,000",30 - 40,300 - 400,Jun 2021
PARC IMPERIAL,PASIR PANJANG ROAD,05,Non-landed Properties,1,"2,400",40 - 50,400 - 500,Jun 2021
PARC IMPERIAL,PASIR PANJANG ROAD,05,Non-landed Properties,1,"2,200",40 - 50,400 - 500,Jun 2021
PARC IMPERIAL,PASIR PANJANG ROAD,05,Non-landed Properties,NA,"2,200",30 - 40,300 - 400,Jun 2021
PARC IMPERIAL,PASIR PANJANG ROAD,05,Non-landed Properties,NA,"2,300",30 - 40,400 - 500,Jun 2021
PARC IMPERIAL,PASIR PANJANG ROAD,05,Non-landed Properties,NA,"1,900",30 - 40,400 - 500,Jun 2021
PARC IMPERIAL,PASIR PANJANG ROAD,05,Non-landed Properties,NA,"2,200",40 - 50,400 - 500,Jun 2021
PARC IMPERIAL,PASIR PANJANG ROAD,05,Non-landed Properties,NA,"2,200",30 - 40,300 - 400,Jun 2021
PARC IMPERIAL,PASIR PANJANG ROAD,05,Non-landed Properties,NA,"2,000",30 - 40,300 - 400,Jun 2021
PARC IMPERIAL,PASIR PANJANG ROAD,05,Non-landed Properties,NA,"2,000",30 - 40,300 - 400,Jun 2021
PARC IMPERIAL,PASIR PANJANG ROAD,05,Non-landed Properties,NA,"2,050",30 - 40,300 - 400,Jun 2021
PARC IMPERIAL,PASIR PANJANG ROAD,05,Non-landed Properties,NA,"2,100",30 - 40,300 - 400,Jun 2021
PARC IMPERIAL,PASIR PANJANG ROAD,05,Non-landed Properties,NA,"2,000",30 - 40,400 - 500,Jun 2021
PARC IMPERIAL,PASIR PANJANG ROAD,05,Non-landed Properties,NA,"2,300",30 - 40,400 - 500,Jun 2021
PARC IMPERIAL,PASIR PANJANG ROAD,05,Non-landed Properties,NA,"2,100",30 - 40,300 - 400,Jul 2021
PARC IMPERIAL,PASIR PANJANG ROAD,05,Non-landed Properties,NA,"2,000",30 - 40,300 - 400,Jul 2021
PARC IMPERIAL,PASIR PANJANG ROAD,05,Non-landed Properties,NA,"2,200",30 - 40,300 - 400,Jul 2021
PARC IMPERIAL,PASIR PANJANG ROAD,05,Non-landed Properties,NA,"2,200",30 - 40,300 - 400,Jul 2021
PARC IMPERIAL,PASIR PANJANG ROAD,05,Non-landed Properties,NA,"1,800",30 - 40,300 - 400,Jul 2021
PARC IMPERIAL,PASIR PANJANG ROAD,05,Non-landed Properties,NA,"2,000",30 - 40,400 - 500,Jul 2021
PARC IMPERIAL,PASIR PANJANG ROAD,05,Non-landed Properties,1,"2,300",40 - 50,400 - 500,Jul 2021
PARC IMPERIAL,PASIR PANJANG ROAD,05,Non-landed Properties,NA,"2,000",30 - 40,300 - 400,Jul 2021
PARC IMPERIAL,PASIR PANJANG ROAD,05,Non-landed Properties,1,"2,000",40 - 50,400 - 500,Jul 2021
PARC IMPERIAL,PASIR PANJANG ROAD,05,Non-landed Properties,NA,"2,000",30 - 40,300 - 400,Aug 2021
PARC IMPERIAL,PASIR PANJANG ROAD,05,Non-landed Properties,NA,"2,200",30 - 40,300 - 400,Aug 2021
PARC IMPERIAL,PASIR PANJANG ROAD,05,Non-landed Properties,1,"2,200",40 - 50,400 - 500,Aug 2021
PARC IMPERIAL,PASIR PANJANG ROAD,05,Non-landed Properties,NA,"2,000",30 - 40,300 - 400,Aug 2021
PARC IMPERIAL,PASIR PANJANG ROAD,05,Non-landed Properties,NA,"2,350",30 - 40,400 - 500,Aug 2021
PARC IMPERIAL,PASIR PANJANG ROAD,05,Non-landed Properties,NA,"2,050",30 - 40,300 - 400,Aug 2021
PARC IMPERIAL,PASIR PANJANG ROAD,05,Non-landed Properties,NA,"2,350",30 - 40,400 - 500,Aug 2021
PARC IMPERIAL,PASIR PANJANG ROAD,05,Non-landed Properties,NA,"2,000",30 - 40,400 - 500,Aug 2021
PARC IMPERIAL,PASIR PANJANG ROAD,05,Non-landed Properties,NA,"2,100",30 - 40,300 - 400,Aug 2021
PARC IMPERIAL,PASIR PANJANG ROAD,05,Non-landed Properties,NA,"2,200",30 - 40,300 - 400,Aug 2021
PARC IMPERIAL,PASIR PANJANG ROAD,05,Non-landed Properties,1,"2,100",40 - 50,400 - 500,Sep 2021
PARC IMPERIAL,PASIR PANJANG ROAD,05,Non-landed Properties,1,"2,100",40 - 50,400 - 500,Sep 2021
PARC IMPERIAL,PASIR PANJANG ROAD,05,Non-landed Properties,NA,"2,050",30 - 40,400 - 500,Sep 2021
PARC IMPERIAL,PASIR PANJANG ROAD,05,Non-landed Properties,NA,"2,100",40 - 50,400 - 500,Sep 2021
PARC IMPERIAL,PASIR PANJANG ROAD,05,Non-landed Properties,NA,"2,300",30 - 40,400 - 500,Sep 2021
PARC IMPERIAL,PASIR PANJANG ROAD,05,Non-landed Properties,NA,"2,200",30 - 40,300 - 400,Sep 2021
PARC IMPERIAL,PASIR PANJANG ROAD,05,Non-landed Properties,NA,"2,300",30 - 40,300 - 400,Sep 2021
PARC IMPERIAL,PASIR PANJANG ROAD,05,Non-landed Properties,NA,"2,250",30 - 40,300 - 400,Aug 2021
PARC IMPERIAL,PASIR PANJANG ROAD,05,Non-landed Properties,NA,"2,500",30 - 40,300 - 400,Sep 2021
PARC IMPERIAL,PASIR PANJANG ROAD,05,Non-landed Properties,NA,"2,450",30 - 40,300 - 400,Sep 2021
PARC IMPERIAL,PASIR PANJANG ROAD,05,Non-landed Properties,NA,"2,100",30 - 40,300 - 400,Oct 2021
PARC IMPERIAL,PASIR PANJANG ROAD,05,Non-landed Properties,1,"2,200",40 - 50,400 - 500,Oct 2021
PARC IMPERIAL,PASIR PANJANG ROAD,05,Non-landed Properties,NA,"1,900",30 - 40,400 - 500,Oct 2021
PARC IMPERIAL,PASIR PANJANG ROAD,05,Non-landed Properties,1,"2,150",40 - 50,400 - 500,Oct 2021
PARC IMPERIAL,PASIR PANJANG ROAD,05,Non-landed Properties,NA,"1,900",30 - 40,300 - 400,Sep 2021
PARC IMPERIAL,PASIR PANJANG ROAD,05,Non-landed Properties,NA,"2,100",30 - 40,400 - 500,Oct 2021
PARC IMPERIAL,PASIR PANJANG ROAD,05,Non-landed Properties,NA,"2,300",30 - 40,400 - 500,Oct 2021
PARC IMPERIAL,PASIR PANJANG ROAD,05,Non-landed Properties,1,"2,400",40 - 50,400 - 500,Oct 2021
PARC IMPERIAL,PASIR PANJANG ROAD,05,Non-landed Properties,NA,"2,100",40 - 50,400 - 500,Nov 2021
PARC IMPERIAL,PASIR PANJANG ROAD,05,Non-landed Properties,NA,"2,000",30 - 40,300 - 400,Nov 2021
PARC IMPERIAL,PASIR PANJANG ROAD,05,Non-landed Properties,NA,"2,100",40 - 50,400 - 500,Nov 2021
PARC IMPERIAL,PASIR PANJANG ROAD,05,Non-landed Properties,NA,"1,900",30 - 40,300 - 400,Oct 2021
PARC IMPERIAL,PASIR PANJANG ROAD,05,Non-landed Properties,NA,"2,000",30 - 40,400 - 500,Nov 2021
PARC IMPERIAL,PASIR PANJANG ROAD,05,Non-landed Properties,3,"3,250",80 - 90,"900 - 1,000",Nov 2021
PARC IMPERIAL,PASIR PANJANG ROAD,05,Non-landed Properties,NA,"1,950",30 - 40,300 - 400,Nov 2021
PARC IMPERIAL,PASIR PANJANG ROAD,05,Non-landed Properties,NA,"2,350",30 - 40,300 - 400,Nov 2021
PARC LIFE,SEMBAWANG CRESCENT,27,Executive Condominium,3,"2,600",90 - 100,"1,000 - 1,100",Feb 2021
PARC LIFE,SEMBAWANG CRESCENT,27,Executive Condominium,3,"3,200",90 - 100,"1,000 - 1,100",Feb 2021
PARC LIFE,SEMBAWANG CRESCENT,27,Executive Condominium,3,"2,650",100 - 110,"1,100 - 1,200",May 2021
PARC LIFE,SEMBAWANG CRESCENT,27,Executive Condominium,3,"3,200",90 - 100,"1,000 - 1,100",Sep 2021
PARC LIFE,SEMBAWANG CRESCENT,27,Executive Condominium,4,"4,000",110 - 120,"1,200 - 1,300",Oct 2021
PARC MACKENZIE,MACKENZIE ROAD,09,Non-landed Properties,2,"3,000",80 - 90,"900 - 1,000",Jan 2021
PARC MACKENZIE,MACKENZIE ROAD,09,Non-landed Properties,2,"3,200",70 - 80,800 - 900,Feb 2021
PARC MACKENZIE,MACKENZIE ROAD,09,Non-landed Properties,3,"3,750",120 - 130,"1,300 - 1,400",Feb 2021
PARC MACKENZIE,MACKENZIE ROAD,09,Non-landed Properties,2,"2,800",70 - 80,800 - 900,Feb 2021
PARC MACKENZIE,MACKENZIE ROAD,09,Non-landed Properties,2,"3,000",70 - 80,800 - 900,Feb 2021
PARC MACKENZIE,MACKENZIE ROAD,09,Non-landed Properties,2,"3,000",80 - 90,"900 - 1,000",Mar 2021
PARC MACKENZIE,MACKENZIE ROAD,09,Non-landed Properties,2,"2,850",70 - 80,800 - 900,Mar 2021
PARC MACKENZIE,MACKENZIE ROAD,09,Non-landed Properties,2,"2,800",70 - 80,800 - 900,May 2021
PARC MACKENZIE,MACKENZIE ROAD,09,Non-landed Properties,3,"4,300",120 - 130,"1,300 - 1,400",May 2021
PARC MACKENZIE,MACKENZIE ROAD,09,Non-landed Properties,3,"4,500",120 - 130,"1,300 - 1,400",Jul 2021
PARC MACKENZIE,MACKENZIE ROAD,09,Non-landed Properties,3,"4,100",120 - 130,"1,300 - 1,400",Jul 2021
PARC MACKENZIE,MACKENZIE ROAD,09,Non-landed Properties,2,"3,000",70 - 80,800 - 900,Jul 2021
PARC MACKENZIE,MACKENZIE ROAD,09,Non-landed Properties,2,"2,900",70 - 80,800 - 900,Aug 2021
PARC MACKENZIE,MACKENZIE ROAD,09,Non-landed Properties,2,"3,100",80 - 90,"900 - 1,000",Oct 2021
PARC MACKENZIE,MACKENZIE ROAD,09,Non-landed Properties,3,"4,250",120 - 130,"1,300 - 1,400",Oct 2021
PARC MACKENZIE,MACKENZIE ROAD,09,Non-landed Properties,2,"3,100",80 - 90,"900 - 1,000",Nov 2021
PARC MACKENZIE,MACKENZIE ROAD,09,Non-landed Properties,2,"3,100",80 - 90,"900 - 1,000",Nov 2021
PARC MACKENZIE,MACKENZIE ROAD,09,Non-landed Properties,2,"3,000",80 - 90,"900 - 1,000",Oct 2021
PARC MONDRIAN,WOODLEIGH CLOSE,13,Non-landed Properties,3,"3,200",110 - 120,"1,100 - 1,200",Jan 2021
PARC MONDRIAN,WOODLEIGH CLOSE,13,Non-landed Properties,3,"4,200",130 - 140,"1,300 - 1,400",Jan 2021
PARC MONDRIAN,WOODLEIGH CLOSE,13,Non-landed Properties,3,"4,000",130 - 140,"1,300 - 1,400",Feb 2021
PARC MONDRIAN,WOODLEIGH CLOSE,13,Non-landed Properties,3,"4,200",130 - 140,"1,300 - 1,400",Feb 2021
PARC MONDRIAN,WOODLEIGH CLOSE,13,Non-landed Properties,3,"3,800",130 - 140,"1,300 - 1,400",Feb 2021
PARC MONDRIAN,WOODLEIGH CLOSE,13,Non-landed Properties,2,"3,200",80 - 90,"900 - 1,000",Apr 2021
PARC MONDRIAN,WOODLEIGH CLOSE,13,Non-landed Properties,2,"3,000",80 - 90,"900 - 1,000",Apr 2021
PARC MONDRIAN,WOODLEIGH CLOSE,13,Non-landed Properties,2,"2,900",80 - 90,"900 - 1,000",May 2021
PARC MONDRIAN,WOODLEIGH CLOSE,13,Non-landed Properties,3,"3,700",110 - 120,"1,100 - 1,200",May 2021
PARC MONDRIAN,WOODLEIGH CLOSE,13,Non-landed Properties,2,"2,800",80 - 90,"900 - 1,000",Jun 2021
PARC MONDRIAN,WOODLEIGH CLOSE,13,Non-landed Properties,3,"3,200",110 - 120,"1,200 - 1,300",Jun 2021
PARC MONDRIAN,WOODLEIGH CLOSE,13,Non-landed Properties,3,"3,200",110 - 120,"1,100 - 1,200",Jul 2021
PARC MONDRIAN,WOODLEIGH CLOSE,13,Non-landed Properties,2,"2,800",80 - 90,"900 - 1,000",Jul 2021
PARC MONDRIAN,WOODLEIGH CLOSE,13,Non-landed Properties,2,"2,900",80 - 90,"900 - 1,000",Jul 2021
PARC MONDRIAN,WOODLEIGH CLOSE,13,Non-landed Properties,3,"3,900",130 - 140,"1,300 - 1,400",Jul 2021
PARC MONDRIAN,WOODLEIGH CLOSE,13,Non-landed Properties,2,"2,700",80 - 90,"900 - 1,000",Jul 2021
PARC MONDRIAN,WOODLEIGH CLOSE,13,Non-landed Properties,3,"3,400",110 - 120,"1,100 - 1,200",Jul 2021
PARC MONDRIAN,WOODLEIGH CLOSE,13,Non-landed Properties,2,"2,800",100 - 110,"1,000 - 1,100",Aug 2021
PARC MONDRIAN,WOODLEIGH CLOSE,13,Non-landed Properties,3,"3,900",110 - 120,"1,200 - 1,300",Aug 2021
PARC MONDRIAN,WOODLEIGH CLOSE,13,Non-landed Properties,4,"6,900",220 - 230,"2,300 - 2,400",Aug 2021
PARC MONDRIAN,WOODLEIGH CLOSE,13,Non-landed Properties,3,"3,200",110 - 120,"1,100 - 1,200",Aug 2021
PARC MONDRIAN,WOODLEIGH CLOSE,13,Non-landed Properties,2,"3,200",80 - 90,"900 - 1,000",Aug 2021
PARC MONDRIAN,WOODLEIGH CLOSE,13,Non-landed Properties,3,"3,800",100 - 110,"1,100 - 1,200",Sep 2021
PARC MONDRIAN,WOODLEIGH CLOSE,13,Non-landed Properties,2,"3,300",80 - 90,"900 - 1,000",Nov 2021
PARC OASIS,JURONG EAST AVENUE 1,22,Non-landed Properties,2,"2,300",100 - 110,"1,000 - 1,100",Jan 2021
PARC OASIS,JURONG EAST AVENUE 1,22,Non-landed Properties,3,"3,800",120 - 130,"1,300 - 1,400",Jan 2021
PARC OASIS,JURONG EAST AVENUE 1,22,Non-landed Properties,1,"2,200",70 - 80,700 - 800,Jan 2021
PARC OASIS,JURONG EAST AVENUE 1,22,Non-landed Properties,4,"3,500",140 - 150,"1,500 - 1,600",Jan 2021
PARC OASIS,JURONG EAST AVENUE 1,22,Non-landed Properties,4,"4,000",140 - 150,"1,500 - 1,600",Jan 2021
PARC OASIS,JURONG EAST AVENUE 1,22,Non-landed Properties,3,"2,650",110 - 120,"1,200 - 1,300",Jan 2021
PARC OASIS,JURONG EAST AVENUE 1,22,Non-landed Properties,2,"2,550",100 - 110,"1,000 - 1,100",Jan 2021
PARC OASIS,JURONG EAST AVENUE 1,22,Non-landed Properties,3,"3,860",120 - 130,"1,300 - 1,400",Jan 2021
PARC OASIS,JURONG EAST AVENUE 1,22,Non-landed Properties,1,"2,300",70 - 80,700 - 800,Jan 2021
PARC OASIS,JURONG EAST AVENUE 1,22,Non-landed Properties,4,"3,200",140 - 150,"1,500 - 1,600",Jan 2021
PARC OASIS,JURONG EAST AVENUE 1,22,Non-landed Properties,2,"2,900",100 - 110,"1,000 - 1,100",Jan 2021
PARC OASIS,JURONG EAST AVENUE 1,22,Non-landed Properties,3,"2,900",110 - 120,"1,200 - 1,300",Jan 2021
PARC OASIS,JURONG EAST AVENUE 1,22,Non-landed Properties,2,"2,500",100 - 110,"1,000 - 1,100",Jan 2021
PARC OASIS,JURONG EAST AVENUE 1,22,Non-landed Properties,5,"4,000",160 - 170,"1,700 - 1,800",Jan 2021
PARC OASIS,JURONG EAST AVENUE 1,22,Non-landed Properties,2,"2,200",100 - 110,"1,000 - 1,100",Jan 2021
PARC OASIS,JURONG EAST AVENUE 1,22,Non-landed Properties,2,"2,550",100 - 110,"1,000 - 1,100",Feb 2021
PARC OASIS,JURONG EAST AVENUE 1,22,Non-landed Properties,3,"2,700",120 - 130,"1,300 - 1,400",Feb 2021
PARC OASIS,JURONG EAST AVENUE 1,22,Non-landed Properties,2,"2,750",100 - 110,"1,000 - 1,100",Feb 2021
PARC OASIS,JURONG EAST AVENUE 1,22,Non-landed Properties,4,"4,000",140 - 150,"1,500 - 1,600",Feb 2021
PARC OASIS,JURONG EAST AVENUE 1,22,Non-landed Properties,3,"3,000",120 - 130,"1,300 - 1,400",Feb 2021
PARC OASIS,JURONG EAST AVENUE 1,22,Non-landed Properties,3,"3,200",120 - 130,"1,300 - 1,400",Feb 2021
PARC OASIS,JURONG EAST AVENUE 1,22,Non-landed Properties,3,"2,750",110 - 120,"1,200 - 1,300",Feb 2021
PARC OASIS,JURONG EAST AVENUE 1,22,Non-landed Properties,3,"2,900",120 - 130,"1,300 - 1,400",Jan 2021
PARC OASIS,JURONG EAST AVENUE 1,22,Non-landed Properties,2,"2,700",100 - 110,"1,000 - 1,100",Feb 2021
PARC OASIS,JURONG EAST AVENUE 1,22,Non-landed Properties,2,"2,650",100 - 110,"1,000 - 1,100",Feb 2021
PARC OASIS,JURONG EAST AVENUE 1,22,Non-landed Properties,2,"3,000",100 - 110,"1,000 - 1,100",Feb 2021
PARC OASIS,JURONG EAST AVENUE 1,22,Non-landed Properties,4,"3,750",140 - 150,"1,500 - 1,600",Mar 2021
PARC OASIS,JURONG EAST AVENUE 1,22,Non-landed Properties,3,"3,200",120 - 130,"1,300 - 1,400",Mar 2021
PARC OASIS,JURONG EAST AVENUE 1,22,Non-landed Properties,3,"2,800",110 - 120,"1,200 - 1,300",Mar 2021
PARC OASIS,JURONG EAST AVENUE 1,22,Non-landed Properties,2,"2,500",100 - 110,"1,000 - 1,100",Mar 2021
PARC OASIS,JURONG EAST AVENUE 1,22,Non-landed Properties,1,"2,400",70 - 80,700 - 800,Mar 2021
PARC OASIS,JURONG EAST AVENUE 1,22,Non-landed Properties,3,"2,800",110 - 120,"1,200 - 1,300",Mar 2021
PARC OASIS,JURONG EAST AVENUE 1,22,Non-landed Properties,3,"3,300",120 - 130,"1,300 - 1,400",Mar 2021
PARC OASIS,JURONG EAST AVENUE 1,22,Non-landed Properties,3,"3,200",120 - 130,"1,300 - 1,400",Mar 2021
PARC OASIS,JURONG EAST AVENUE 1,22,Non-landed Properties,3,"2,850",110 - 120,"1,200 - 1,300",Mar 2021
PARC OASIS,JURONG EAST AVENUE 1,22,Non-landed Properties,3,"2,800",110 - 120,"1,200 - 1,300",Mar 2021
PARC OASIS,JURONG EAST AVENUE 1,22,Non-landed Properties,2,"2,150",100 - 110,"1,000 - 1,100",Mar 2021
PARC OASIS,JURONG EAST AVENUE 1,22,Non-landed Properties,3,"3,000",110 - 120,"1,200 - 1,300",Mar 2021
PARC OASIS,JURONG EAST AVENUE 1,22,Non-landed Properties,3,"2,900",110 - 120,"1,200 - 1,300",Mar 2021
PARC OASIS,JURONG EAST AVENUE 1,22,Non-landed Properties,2,"2,500",100 - 110,"1,000 - 1,100",Apr 2021
PARC OASIS,JURONG EAST AVENUE 1,22,Non-landed Properties,2,"2,850",100 - 110,"1,000 - 1,100",Apr 2021
PARC OASIS,JURONG EAST AVENUE 1,22,Non-landed Properties,2,"2,450",100 - 110,"1,000 - 1,100",Apr 2021
PARC OASIS,JURONG EAST AVENUE 1,22,Non-landed Properties,3,"3,100",110 - 120,"1,200 - 1,300",Apr 2021
PARC OASIS,JURONG EAST AVENUE 1,22,Non-landed Properties,3,"2,850",110 - 120,"1,200 - 1,300",Apr 2021
PARC OASIS,JURONG EAST AVENUE 1,22,Non-landed Properties,3,"3,500",120 - 130,"1,300 - 1,400",Apr 2021
PARC OASIS,JURONG EAST AVENUE 1,22,Non-landed Properties,2,"2,580",100 - 110,"1,000 - 1,100",Apr 2021
PARC OASIS,JURONG EAST AVENUE 1,22,Non-landed Properties,3,"3,300",110 - 120,"1,200 - 1,300",Apr 2021
PARC OASIS,JURONG EAST AVENUE 1,22,Non-landed Properties,3,"3,500",120 - 130,"1,300 - 1,400",Apr 2021
PARC OASIS,JURONG EAST AVENUE 1,22,Non-landed Properties,2,"2,650",100 - 110,"1,000 - 1,100",Apr 2021
PARC OASIS,JURONG EAST AVENUE 1,22,Non-landed Properties,2,"3,000",100 - 110,"1,000 - 1,100",Apr 2021
PARC OASIS,JURONG EAST AVENUE 1,22,Non-landed Properties,3,"3,050",120 - 130,"1,300 - 1,400",Apr 2021
PARC OASIS,JURONG EAST AVENUE 1,22,Non-landed Properties,3,"3,300",110 - 120,"1,200 - 1,300",Apr 2021
PARC OASIS,JURONG EAST AVENUE 1,22,Non-landed Properties,3,"3,300",120 - 130,"1,300 - 1,400",Apr 2021
PARC OASIS,JURONG EAST AVENUE 1,22,Non-landed Properties,3,"2,800",110 - 120,"1,200 - 1,300",Apr 2021
PARC OASIS,JURONG EAST AVENUE 1,22,Non-landed Properties,3,"2,700",110 - 120,"1,200 - 1,300",Apr 2021
PARC OASIS,JURONG EAST AVENUE 1,22,Non-landed Properties,3,"3,400",120 - 130,"1,300 - 1,400",Apr 2021
PARC OASIS,JURONG EAST AVENUE 1,22,Non-landed Properties,2,"2,900",100 - 110,"1,000 - 1,100",Apr 2021
PARC OASIS,JURONG EAST AVENUE 1,22,Non-landed Properties,2,"2,700",100 - 110,"1,000 - 1,100",Apr 2021
PARC OASIS,JURONG EAST AVENUE 1,22,Non-landed Properties,2,"2,700",100 - 110,"1,000 - 1,100",Apr 2021
PARC OASIS,JURONG EAST AVENUE 1,22,Non-landed Properties,2,"2,200",100 - 110,"1,000 - 1,100",Apr 2021
PARC OASIS,JURONG EAST AVENUE 1,22,Non-landed Properties,4,"4,000",140 - 150,"1,500 - 1,600",Apr 2021
PARC OASIS,JURONG EAST AVENUE 1,22,Non-landed Properties,2,"2,450",100 - 110,"1,000 - 1,100",Apr 2021
PARC OASIS,JURONG EAST AVENUE 1,22,Non-landed Properties,3,"4,000",120 - 130,"1,300 - 1,400",Apr 2021
PARC OASIS,JURONG EAST AVENUE 1,22,Non-landed Properties,3,"2,900",120 - 130,"1,300 - 1,400",May 2021
PARC OASIS,JURONG EAST AVENUE 1,22,Non-landed Properties,3,"2,900",110 - 120,"1,200 - 1,300",May 2021
PARC OASIS,JURONG EAST AVENUE 1,22,Non-landed Properties,3,"2,800",110 - 120,"1,200 - 1,300",May 2021
PARC OASIS,JURONG EAST AVENUE 1,22,Non-landed Properties,3,"3,000",110 - 120,"1,200 - 1,300",May 2021
PARC OASIS,JURONG EAST AVENUE 1,22,Non-landed Properties,3,"3,000",120 - 130,"1,300 - 1,400",May 2021
PARC OASIS,JURONG EAST AVENUE 1,22,Non-landed Properties,3,"3,000",110 - 120,"1,200 - 1,300",May 2021
PARC OASIS,JURONG EAST AVENUE 1,22,Non-landed Properties,3,"3,200",110 - 120,"1,200 - 1,300",May 2021
PARC OASIS,JURONG EAST AVENUE 1,22,Non-landed Properties,4,"3,600",140 - 150,"1,500 - 1,600",May 2021
PARC OASIS,JURONG EAST AVENUE 1,22,Non-landed Properties,3,"3,000",120 - 130,"1,300 - 1,400",May 2021
PARC OASIS,JURONG EAST AVENUE 1,22,Non-landed Properties,3,"2,880",110 - 120,"1,200 - 1,300",May 2021
PARC OASIS,JURONG EAST AVENUE 1,22,Non-landed Properties,2,"2,700",100 - 110,"1,000 - 1,100",May 2021
PARC OASIS,JURONG EAST AVENUE 1,22,Non-landed Properties,3,"2,550",110 - 120,"1,200 - 1,300",May 2021
PARC OASIS,JURONG EAST AVENUE 1,22,Non-landed Properties,3,"2,800",110 - 120,"1,200 - 1,300",May 2021
PARC OASIS,JURONG EAST AVENUE 1,22,Non-landed Properties,3,"3,000",110 - 120,"1,200 - 1,300",May 2021
PARC OASIS,JURONG EAST AVENUE 1,22,Non-landed Properties,3,"2,700",110 - 120,"1,200 - 1,300",May 2021
PARC OASIS,JURONG EAST AVENUE 1,22,Non-landed Properties,4,"4,000",140 - 150,"1,500 - 1,600",May 2021
PARC OASIS,JURONG EAST AVENUE 1,22,Non-landed Properties,3,"2,900",110 - 120,"1,200 - 1,300",Apr 2021
PARC OASIS,JURONG EAST AVENUE 1,22,Non-landed Properties,3,"3,000",110 - 120,"1,200 - 1,300",May 2021
PARC OASIS,JURONG EAST AVENUE 1,22,Non-landed Properties,3,"3,000",110 - 120,"1,200 - 1,300",May 2021
PARC OASIS,JURONG EAST AVENUE 1,22,Non-landed Properties,3,"3,000",120 - 130,"1,300 - 1,400",May 2021
PARC OASIS,JURONG EAST AVENUE 1,22,Non-landed Properties,3,"2,800",120 - 130,"1,300 - 1,400",May 2021
PARC OASIS,JURONG EAST AVENUE 1,22,Non-landed Properties,2,"3,500",100 - 110,"1,000 - 1,100",May 2021
PARC OASIS,JURONG EAST AVENUE 1,22,Non-landed Properties,5,"4,200",160 - 170,"1,700 - 1,800",May 2021
PARC OASIS,JURONG EAST AVENUE 1,22,Non-landed Properties,3,"2,850",110 - 120,"1,200 - 1,300",May 2021
PARC OASIS,JURONG EAST AVENUE 1,22,Non-landed Properties,3,"3,100",120 - 130,"1,300 - 1,400",Jun 2021
PARC OASIS,JURONG EAST AVENUE 1,22,Non-landed Properties,4,"3,100",140 - 150,"1,500 - 1,600",Jun 2021
PARC OASIS,JURONG EAST AVENUE 1,22,Non-landed Properties,3,"3,000",110 - 120,"1,200 - 1,300",Jun 2021
PARC OASIS,JURONG EAST AVENUE 1,22,Non-landed Properties,4,"3,600",140 - 150,"1,500 - 1,600",Jun 2021
PARC OASIS,JURONG EAST AVENUE 1,22,Non-landed Properties,3,"3,000",110 - 120,"1,200 - 1,300",Jun 2021
PARC OASIS,JURONG EAST AVENUE 1,22,Non-landed Properties,3,"3,100",120 - 130,"1,300 - 1,400",Jun 2021
PARC OASIS,JURONG EAST AVENUE 1,22,Non-landed Properties,2,"3,050",100 - 110,"1,000 - 1,100",Jun 2021
PARC OASIS,JURONG EAST AVENUE 1,22,Non-landed Properties,3,"3,250",120 - 130,"1,300 - 1,400",Jun 2021
PARC OASIS,JURONG EAST AVENUE 1,22,Non-landed Properties,3,"3,200",120 - 130,"1,300 - 1,400",Jun 2021
PARC OASIS,JURONG EAST AVENUE 1,22,Non-landed Properties,2,"2,800",100 - 110,"1,000 - 1,100",Jun 2021
PARC OASIS,JURONG EAST AVENUE 1,22,Non-landed Properties,3,"3,400",110 - 120,"1,200 - 1,300",May 2021
PARC OASIS,JURONG EAST AVENUE 1,22,Non-landed Properties,3,"3,100",120 - 130,"1,300 - 1,400",Jun 2021
PARC OASIS,JURONG EAST AVENUE 1,22,Non-landed Properties,3,"2,600",110 - 120,"1,200 - 1,300",Jun 2021
PARC OASIS,JURONG EAST AVENUE 1,22,Non-landed Properties,3,"3,200",110 - 120,"1,200 - 1,300",Jun 2021
PARC OASIS,JURONG EAST AVENUE 1,22,Non-landed Properties,3,"3,150",110 - 120,"1,200 - 1,300",Jun 2021
PARC OASIS,JURONG EAST AVENUE 1,22,Non-landed Properties,3,"3,000",110 - 120,"1,200 - 1,300",Jun 2021
PARC OASIS,JURONG EAST AVENUE 1,22,Non-landed Properties,3,"3,000",120 - 130,"1,300 - 1,400",Jun 2021
PARC OASIS,JURONG EAST AVENUE 1,22,Non-landed Properties,2,"3,300",100 - 110,"1,000 - 1,100",Jun 2021
PARC OASIS,JURONG EAST AVENUE 1,22,Non-landed Properties,3,"2,900",110 - 120,"1,200 - 1,300",Jul 2021
PARC OASIS,JURONG EAST AVENUE 1,22,Non-landed Properties,2,"3,050",100 - 110,"1,000 - 1,100",Jul 2021
PARC OASIS,JURONG EAST AVENUE 1,22,Non-landed Properties,2,"2,850",100 - 110,"1,000 - 1,100",Jul 2021
PARC OASIS,JURONG EAST AVENUE 1,22,Non-landed Properties,3,"3,000",110 - 120,"1,200 - 1,300",Jul 2021
PARC OASIS,JURONG EAST AVENUE 1,22,Non-landed Properties,3,"3,200",120 - 130,"1,300 - 1,400",Jul 2021
PARC OASIS,JURONG EAST AVENUE 1,22,Non-landed Properties,4,"3,900",140 - 150,"1,500 - 1,600",Jul 2021
PARC OASIS,JURONG EAST AVENUE 1,22,Non-landed Properties,3,"2,850",110 - 120,"1,200 - 1,300",Jul 2021
PARC OASIS,JURONG EAST AVENUE 1,22,Non-landed Properties,3,"2,700",120 - 130,"1,300 - 1,400",Jul 2021
PARC OASIS,JURONG EAST AVENUE 1,22,Non-landed Properties,3,"3,300",120 - 130,"1,300 - 1,400",Jul 2021
PARC OASIS,JURONG EAST AVENUE 1,22,Non-landed Properties,2,"3,200",100 - 110,"1,000 - 1,100",Jul 2021
PARC OASIS,JURONG EAST AVENUE 1,22,Non-landed Properties,2,"2,800",100 - 110,"1,000 - 1,100",Jul 2021
PARC OASIS,JURONG EAST AVENUE 1,22,Non-landed Properties,3,"3,100",120 - 130,"1,300 - 1,400",Jul 2021
PARC OASIS,JURONG EAST AVENUE 1,22,Non-landed Properties,2,"2,770",100 - 110,"1,000 - 1,100",Jul 2021
PARC OASIS,JURONG EAST AVENUE 1,22,Non-landed Properties,3,"3,700",120 - 130,"1,300 - 1,400",Jul 2021
PARC OASIS,JURONG EAST AVENUE 1,22,Non-landed Properties,4,"3,300",140 - 150,"1,500 - 1,600",Jul 2021
PARC OASIS,JURONG EAST AVENUE 1,22,Non-landed Properties,3,"3,300",120 - 130,"1,300 - 1,400",Jul 2021
PARC OASIS,JURONG EAST AVENUE 1,22,Non-landed Properties,2,"3,300",100 - 110,"1,000 - 1,100",Jul 2021
PARC OASIS,JURONG EAST AVENUE 1,22,Non-landed Properties,2,"2,750",100 - 110,"1,000 - 1,100",Jul 2021
PARC OASIS,JURONG EAST AVENUE 1,22,Non-landed Properties,3,"3,500",120 - 130,"1,300 - 1,400",Jul 2021
PARC OASIS,JURONG EAST AVENUE 1,22,Non-landed Properties,3,"3,500",110 - 120,"1,200 - 1,300",Jul 2021
PARC OASIS,JURONG EAST AVENUE 1,22,Non-landed Properties,2,"2,600",100 - 110,"1,000 - 1,100",Jul 2021
PARC OASIS,JURONG EAST AVENUE 1,22,Non-landed Properties,2,"2,700",100 - 110,"1,000 - 1,100",Jul 2021
PARC OASIS,JURONG EAST AVENUE 1,22,Non-landed Properties,3,"2,600",110 - 120,"1,200 - 1,300",Jul 2021
PARC OASIS,JURONG EAST AVENUE 1,22,Non-landed Properties,3,"3,650",120 - 130,"1,300 - 1,400",Jul 2021
PARC OASIS,JURONG EAST AVENUE 1,22,Non-landed Properties,3,"2,500",110 - 120,"1,200 - 1,300",Jul 2021
PARC OASIS,JURONG EAST AVENUE 1,22,Non-landed Properties,4,"4,000",140 - 150,"1,500 - 1,600",Jul 2021
PARC OASIS,JURONG EAST AVENUE 1,22,Non-landed Properties,3,"2,900",110 - 120,"1,200 - 1,300",Jul 2021
PARC OASIS,JURONG EAST AVENUE 1,22,Non-landed Properties,3,"3,300",110 - 120,"1,200 - 1,300",Jul 2021
PARC OASIS,JURONG EAST AVENUE 1,22,Non-landed Properties,3,"3,000",110 - 120,"1,200 - 1,300",Jul 2021
PARC OASIS,JURONG EAST AVENUE 1,22,Non-landed Properties,3,"3,300",120 - 130,"1,300 - 1,400",Jul 2021
PARC OASIS,JURONG EAST AVENUE 1,22,Non-landed Properties,3,"2,800",110 - 120,"1,200 - 1,300",Jul 2021
PARC OASIS,JURONG EAST AVENUE 1,22,Non-landed Properties,3,"2,900",120 - 130,"1,300 - 1,400",Aug 2021
PARC OASIS,JURONG EAST AVENUE 1,22,Non-landed Properties,2,"2,500",100 - 110,"1,000 - 1,100",Aug 2021
PARC OASIS,JURONG EAST AVENUE 1,22,Non-landed Properties,3,"2,900",110 - 120,"1,200 - 1,300",Aug 2021
PARC OASIS,JURONG EAST AVENUE 1,22,Non-landed Properties,3,"3,200",120 - 130,"1,300 - 1,400",Aug 2021
PARC OASIS,JURONG EAST AVENUE 1,22,Non-landed Properties,3,"2,700",110 - 120,"1,200 - 1,300",Aug 2021
PARC OASIS,JURONG EAST AVENUE 1,22,Non-landed Properties,4,"3,900",140 - 150,"1,500 - 1,600",Aug 2021
PARC OASIS,JURONG EAST AVENUE 1,22,Non-landed Properties,3,"3,400",110 - 120,"1,200 - 1,300",Aug 2021
PARC OASIS,JURONG EAST AVENUE 1,22,Non-landed Properties,4,"3,800",140 - 150,"1,500 - 1,600",Aug 2021
PARC OASIS,JURONG EAST AVENUE 1,22,Non-landed Properties,4,"4,000",140 - 150,"1,500 - 1,600",Aug 2021
PARC OASIS,JURONG EAST AVENUE 1,22,Non-landed Properties,3,"2,700",110 - 120,"1,200 - 1,300",Aug 2021
PARC OASIS,JURONG EAST AVENUE 1,22,Non-landed Properties,2,"3,000",100 - 110,"1,000 - 1,100",Aug 2021
PARC OASIS,JURONG EAST AVENUE 1,22,Non-landed Properties,3,"3,100",120 - 130,"1,300 - 1,400",Aug 2021
PARC OASIS,JURONG EAST AVENUE 1,22,Non-landed Properties,3,"3,000",110 - 120,"1,200 - 1,300",Aug 2021
PARC OASIS,JURONG EAST AVENUE 1,22,Non-landed Properties,3,"3,150",120 - 130,"1,300 - 1,400",Aug 2021
PARC OASIS,JURONG EAST AVENUE 1,22,Non-landed Properties,3,"3,250",110 - 120,"1,200 - 1,300",Aug 2021
PARC OASIS,JURONG EAST AVENUE 1,22,Non-landed Properties,3,"3,100",120 - 130,"1,300 - 1,400",Aug 2021
PARC OASIS,JURONG EAST AVENUE 1,22,Non-landed Properties,3,"3,200",120 - 130,"1,300 - 1,400",Aug 2021
PARC OASIS,JURONG EAST AVENUE 1,22,Non-landed Properties,2,"3,000",100 - 110,"1,000 - 1,100",Aug 2021
PARC OASIS,JURONG EAST AVENUE 1,22,Non-landed Properties,2,"2,900",100 - 110,"1,000 - 1,100",Aug 2021
PARC OASIS,JURONG EAST AVENUE 1,22,Non-landed Properties,3,"3,300",110 - 120,"1,200 - 1,300",Aug 2021
PARC OASIS,JURONG EAST AVENUE 1,22,Non-landed Properties,4,"4,500",140 - 150,"1,500 - 1,600",Aug 2021
PARC OASIS,JURONG EAST AVENUE 1,22,Non-landed Properties,3,"2,900",110 - 120,"1,200 - 1,300",Aug 2021
PARC OASIS,JURONG EAST AVENUE 1,22,Non-landed Properties,3,"3,900",120 - 130,"1,300 - 1,400",Aug 2021
PARC OASIS,JURONG EAST AVENUE 1,22,Non-landed Properties,3,"3,300",120 - 130,"1,300 - 1,400",Aug 2021
PARC OASIS,JURONG EAST AVENUE 1,22,Non-landed Properties,3,"2,920",110 - 120,"1,200 - 1,300",Aug 2021
PARC OASIS,JURONG EAST AVENUE 1,22,Non-landed Properties,3,"3,900",110 - 120,"1,200 - 1,300",Aug 2021
PARC OASIS,JURONG EAST AVENUE 1,22,Non-landed Properties,3,"2,700",120 - 130,"1,300 - 1,400",Aug 2021
PARC OASIS,JURONG EAST AVENUE 1,22,Non-landed Properties,3,"3,000",110 - 120,"1,200 - 1,300",Sep 2021
PARC OASIS,JURONG EAST AVENUE 1,22,Non-landed Properties,3,"3,000",120 - 130,"1,300 - 1,400",Sep 2021
PARC OASIS,JURONG EAST AVENUE 1,22,Non-landed Properties,2,"2,500",100 - 110,"1,000 - 1,100",Sep 2021
PARC OASIS,JURONG EAST AVENUE 1,22,Non-landed Properties,3,"3,100",110 - 120,"1,200 - 1,300",Sep 2021
PARC OASIS,JURONG EAST AVENUE 1,22,Non-landed Properties,3,"2,700",120 - 130,"1,300 - 1,400",Sep 2021
PARC OASIS,JURONG EAST AVENUE 1,22,Non-landed Properties,4,"3,950",140 - 150,"1,500 - 1,600",Sep 2021
PARC OASIS,JURONG EAST AVENUE 1,22,Non-landed Properties,4,"3,700",140 - 150,"1,500 - 1,600",Sep 2021
PARC OASIS,JURONG EAST AVENUE 1,22,Non-landed Properties,3,"3,300",110 - 120,"1,200 - 1,300",Sep 2021
PARC OASIS,JURONG EAST AVENUE 1,22,Non-landed Properties,2,"2,600",100 - 110,"1,000 - 1,100",Sep 2021
PARC OASIS,JURONG EAST AVENUE 1,22,Non-landed Properties,3,"3,200",110 - 120,"1,200 - 1,300",Sep 2021
PARC OASIS,JURONG EAST AVENUE 1,22,Non-landed Properties,3,"3,100",110 - 120,"1,200 - 1,300",Sep 2021
PARC OASIS,JURONG EAST AVENUE 1,22,Non-landed Properties,3,"3,700",120 - 130,"1,300 - 1,400",Sep 2021
PARC OASIS,JURONG EAST AVENUE 1,22,Non-landed Properties,2,"2,850",100 - 110,"1,000 - 1,100",Sep 2021
PARC OASIS,JURONG EAST AVENUE 1,22,Non-landed Properties,3,"3,500",110 - 120,"1,200 - 1,300",Sep 2021
PARC OASIS,JURONG EAST AVENUE 1,22,Non-landed Properties,3,"3,350",110 - 120,"1,200 - 1,300",Sep 2021
PARC OASIS,JURONG EAST AVENUE 1,22,Non-landed Properties,3,"3,000",110 - 120,"1,200 - 1,300",Sep 2021
PARC OASIS,JURONG EAST AVENUE 1,22,Non-landed Properties,3,"3,800",110 - 120,"1,200 - 1,300",Sep 2021
PARC OASIS,JURONG EAST AVENUE 1,22,Non-landed Properties,3,"3,800",110 - 120,"1,200 - 1,300",Sep 2021
PARC OASIS,JURONG EAST AVENUE 1,22,Non-landed Properties,3,"3,500",120 - 130,"1,300 - 1,400",Oct 2021
PARC OASIS,JURONG EAST AVENUE 1,22,Non-landed Properties,3,"3,000",120 - 130,"1,300 - 1,400",Oct 2021
PARC OASIS,JURONG EAST AVENUE 1,22,Non-landed Properties,3,"2,800",110 - 120,"1,200 - 1,300",Oct 2021
PARC OASIS,JURONG EAST AVENUE 1,22,Non-landed Properties,3,"3,700",120 - 130,"1,300 - 1,400",Oct 2021
PARC OASIS,JURONG EAST AVENUE 1,22,Non-landed Properties,3,"3,250",110 - 120,"1,200 - 1,300",Oct 2021
PARC OASIS,JURONG EAST AVENUE 1,22,Non-landed Properties,2,"2,800",100 - 110,"1,000 - 1,100",Oct 2021
PARC OASIS,JURONG EAST AVENUE 1,22,Non-landed Properties,3,"3,150",120 - 130,"1,300 - 1,400",Oct 2021
PARC OASIS,JURONG EAST AVENUE 1,22,Non-landed Properties,2,"3,000",100 - 110,"1,000 - 1,100",Oct 2021
PARC OASIS,JURONG EAST AVENUE 1,22,Non-landed Properties,2,"2,900",100 - 110,"1,000 - 1,100",Oct 2021
PARC OASIS,JURONG EAST AVENUE 1,22,Non-landed Properties,3,"3,500",110 - 120,"1,200 - 1,300",Sep 2021
PARC OASIS,JURONG EAST AVENUE 1,22,Non-landed Properties,3,"3,000",120 - 130,"1,300 - 1,400",Oct 2021
PARC OASIS,JURONG EAST AVENUE 1,22,Non-landed Properties,3,"3,600",110 - 120,"1,200 - 1,300",Oct 2021
PARC OASIS,JURONG EAST AVENUE 1,22,Non-landed Properties,3,"4,500",120 - 130,"1,300 - 1,400",Oct 2021
PARC OASIS,JURONG EAST AVENUE 1,22,Non-landed Properties,3,"3,000",110 - 120,"1,200 - 1,300",Nov 2021
PARC OASIS,JURONG EAST AVENUE 1,22,Non-landed Properties,3,"3,300",110 - 120,"1,200 - 1,300",Nov 2021
PARC OASIS,JURONG EAST AVENUE 1,22,Non-landed Properties,3,"3,100",110 - 120,"1,200 - 1,300",Nov 2021
PARC OASIS,JURONG EAST AVENUE 1,22,Non-landed Properties,3,"3,200",120 - 130,"1,300 - 1,400",Nov 2021
PARC OASIS,JURONG EAST AVENUE 1,22,Non-landed Properties,3,"3,000",110 - 120,"1,200 - 1,300",Nov 2021
PARC OASIS,JURONG EAST AVENUE 1,22,Non-landed Properties,3,"3,600",120 - 130,"1,300 - 1,400",Nov 2021
PARC OASIS,JURONG EAST AVENUE 1,22,Non-landed Properties,3,"3,500",120 - 130,"1,300 - 1,400",Nov 2021
PARC OASIS,JURONG EAST AVENUE 1,22,Non-landed Properties,3,"3,200",120 - 130,"1,300 - 1,400",Nov 2021
PARC OASIS,JURONG EAST AVENUE 1,22,Non-landed Properties,4,"3,500",140 - 150,"1,500 - 1,600",Nov 2021
PARC OASIS,JURONG EAST AVENUE 1,22,Non-landed Properties,3,"3,100",120 - 130,"1,300 - 1,400",Nov 2021
PARC OASIS,JURONG EAST AVENUE 1,22,Non-landed Properties,3,"3,700",120 - 130,"1,300 - 1,400",Nov 2021
PARC OASIS,JURONG EAST AVENUE 1,22,Non-landed Properties,3,"2,500",110 - 120,"1,200 - 1,300",Nov 2021
PARC OASIS,JURONG EAST AVENUE 1,22,Non-landed Properties,2,"3,300",100 - 110,"1,000 - 1,100",Nov 2021
PARC OASIS,JURONG EAST AVENUE 1,22,Non-landed Properties,3,"3,200",110 - 120,"1,200 - 1,300",Nov 2021
PARC OASIS,JURONG EAST AVENUE 1,22,Non-landed Properties,2,"3,000",100 - 110,"1,000 - 1,100",Nov 2021
PARC OASIS,JURONG EAST AVENUE 1,22,Non-landed Properties,3,"2,900",120 - 130,"1,300 - 1,400",Nov 2021
PARC OASIS,JURONG EAST AVENUE 1,22,Non-landed Properties,3,"3,500",120 - 130,"1,300 - 1,400",Nov 2021
PARC OASIS,JURONG EAST AVENUE 1,22,Non-landed Properties,4,"3,500",140 - 150,"1,500 - 1,600",Nov 2021
PARC OASIS,JURONG EAST AVENUE 1,22,Non-landed Properties,2,"3,000",100 - 110,"1,000 - 1,100",Nov 2021
PARC OASIS,JURONG EAST AVENUE 1,22,Non-landed Properties,3,"3,300",120 - 130,"1,300 - 1,400",Nov 2021
PARC OASIS,JURONG EAST AVENUE 1,22,Non-landed Properties,2,"3,500",100 - 110,"1,000 - 1,100",Nov 2021
PARC OASIS,JURONG EAST AVENUE 1,22,Non-landed Properties,2,"2,800",100 - 110,"1,000 - 1,100",Nov 2021
PARC OLYMPIA,FLORA DRIVE,17,Non-landed Properties,3,"2,700",100 - 110,"1,100 - 1,200",Jan 2021
PARC OLYMPIA,FLORA DRIVE,17,Non-landed Properties,4,"3,700",130 - 140,"1,400 - 1,500",Jan 2021
PARC OLYMPIA,FLORA DRIVE,17,Non-landed Properties,3,"3,100",100 - 110,"1,100 - 1,200",Jan 2021
PARC OLYMPIA,FLORA DRIVE,17,Non-landed Properties,3,"2,400",90 - 100,"900 - 1,000",Jan 2021
PARC OLYMPIA,FLORA DRIVE,17,Non-landed Properties,2,"2,000",70 - 80,700 - 800,Jan 2021
PARC OLYMPIA,FLORA DRIVE,17,Non-landed Properties,2,"1,800",60 - 70,600 - 700,Jan 2021
PARC OLYMPIA,FLORA DRIVE,17,Non-landed Properties,2,"1,700",60 - 70,600 - 700,Jan 2021
PARC OLYMPIA,FLORA DRIVE,17,Non-landed Properties,1,"1,900",60 - 70,600 - 700,Jan 2021
PARC OLYMPIA,FLORA DRIVE,17,Non-landed Properties,2,"1,850",60 - 70,600 - 700,Jan 2021
PARC OLYMPIA,FLORA DRIVE,17,Non-landed Properties,1,"1,800",40 - 50,400 - 500,Jan 2021
PARC OLYMPIA,FLORA DRIVE,17,Non-landed Properties,3,"2,700",100 - 110,"1,100 - 1,200",Jan 2021
PARC OLYMPIA,FLORA DRIVE,17,Non-landed Properties,1,"1,600",40 - 50,400 - 500,Feb 2021
PARC OLYMPIA,FLORA DRIVE,17,Non-landed Properties,2,"2,200",70 - 80,700 - 800,Feb 2021
PARC OLYMPIA,FLORA DRIVE,17,Non-landed Properties,1,"1,550",40 - 50,400 - 500,Feb 2021
PARC OLYMPIA,FLORA DRIVE,17,Non-landed Properties,2,"2,050",70 - 80,700 - 800,Feb 2021
PARC OLYMPIA,FLORA DRIVE,17,Non-landed Properties,2,"1,900",60 - 70,600 - 700,Feb 2021
PARC OLYMPIA,FLORA DRIVE,17,Non-landed Properties,3,"2,700",100 - 110,"1,100 - 1,200",Feb 2021
PARC OLYMPIA,FLORA DRIVE,17,Non-landed Properties,2,"2,000",60 - 70,600 - 700,Jan 2021
PARC OLYMPIA,FLORA DRIVE,17,Non-landed Properties,3,"2,600",100 - 110,"1,100 - 1,200",Feb 2021
PARC OLYMPIA,FLORA DRIVE,17,Non-landed Properties,3,"2,400",90 - 100,"900 - 1,000",Mar 2021
PARC OLYMPIA,FLORA DRIVE,17,Non-landed Properties,2,"2,000",70 - 80,700 - 800,Mar 2021
PARC OLYMPIA,FLORA DRIVE,17,Non-landed Properties,3,"2,700",100 - 110,"1,100 - 1,200",Mar 2021
PARC OLYMPIA,FLORA DRIVE,17,Non-landed Properties,2,"2,300",60 - 70,600 - 700,Mar 2021
PARC OLYMPIA,FLORA DRIVE,17,Non-landed Properties,4,"3,300",120 - 130,"1,300 - 1,400",Mar 2021
PARC OLYMPIA,FLORA DRIVE,17,Non-landed Properties,2,"2,500",70 - 80,700 - 800,Mar 2021
PARC OLYMPIA,FLORA DRIVE,17,Non-landed Properties,1,"1,750",40 - 50,400 - 500,Mar 2021
PARC OLYMPIA,FLORA DRIVE,17,Non-landed Properties,2,"1,850",60 - 70,600 - 700,Mar 2021
PARC OLYMPIA,FLORA DRIVE,17,Non-landed Properties,2,"1,900",70 - 80,700 - 800,Mar 2021
PARC OLYMPIA,FLORA DRIVE,17,Non-landed Properties,1,"2,000",40 - 50,400 - 500,Mar 2021
PARC OLYMPIA,FLORA DRIVE,17,Non-landed Properties,2,"2,400",60 - 70,600 - 700,Mar 2021
PARC OLYMPIA,FLORA DRIVE,17,Non-landed Properties,4,"3,500",120 - 130,"1,300 - 1,400",Mar 2021
PARC OLYMPIA,FLORA DRIVE,17,Non-landed Properties,3,"3,500",160 - 170,"1,800 - 1,900",Mar 2021
PARC OLYMPIA,FLORA DRIVE,17,Non-landed Properties,1,"1,700",40 - 50,400 - 500,Mar 2021
PARC OLYMPIA,FLORA DRIVE,17,Non-landed Properties,1,"1,650",40 - 50,400 - 500,Mar 2021
PARC OLYMPIA,FLORA DRIVE,17,Non-landed Properties,2,"2,500",70 - 80,700 - 800,Mar 2021
PARC OLYMPIA,FLORA DRIVE,17,Non-landed Properties,2,"1,950",60 - 70,600 - 700,Mar 2021
PARC OLYMPIA,FLORA DRIVE,17,Non-landed Properties,2,"2,650",70 - 80,700 - 800,Mar 2021
PARC OLYMPIA,FLORA DRIVE,17,Non-landed Properties,3,"2,900",100 - 110,"1,100 - 1,200",Mar 2021
PARC OLYMPIA,FLORA DRIVE,17,Non-landed Properties,2,"2,150",70 - 80,700 - 800,Apr 2021
PARC OLYMPIA,FLORA DRIVE,17,Non-landed Properties,3,"2,600",90 - 100,"900 - 1,000",Apr 2021
PARC OLYMPIA,FLORA DRIVE,17,Non-landed Properties,2,"2,000",70 - 80,700 - 800,Apr 2021
PARC OLYMPIA,FLORA DRIVE,17,Non-landed Properties,1,"1,900",40 - 50,400 - 500,Apr 2021
PARC OLYMPIA,FLORA DRIVE,17,Non-landed Properties,2,"2,200",70 - 80,700 - 800,Apr 2021
PARC OLYMPIA,FLORA DRIVE,17,Non-landed Properties,2,"1,850",60 - 70,600 - 700,Apr 2021
PARC OLYMPIA,FLORA DRIVE,17,Non-landed Properties,2,"2,350",70 - 80,700 - 800,Apr 2021
PARC OLYMPIA,FLORA DRIVE,17,Non-landed Properties,2,"2,150",90 - 100,"1,000 - 1,100",May 2021
PARC OLYMPIA,FLORA DRIVE,17,Non-landed Properties,2,"2,300",70 - 80,800 - 900,May 2021
PARC OLYMPIA,FLORA DRIVE,17,Non-landed Properties,1,"1,900",40 - 50,400 - 500,May 2021
PARC OLYMPIA,FLORA DRIVE,17,Non-landed Properties,2,"2,000",70 - 80,700 - 800,May 2021
PARC OLYMPIA,FLORA DRIVE,17,Non-landed Properties,2,"2,000",70 - 80,700 - 800,May 2021
PARC OLYMPIA,FLORA DRIVE,17,Non-landed Properties,1,"1,800",40 - 50,400 - 500,May 2021
PARC OLYMPIA,FLORA DRIVE,17,Non-landed Properties,3,"2,000",90 - 100,"900 - 1,000",May 2021
PARC OLYMPIA,FLORA DRIVE,17,Non-landed Properties,3,"2,200",100 - 110,"1,100 - 1,200",May 2021
PARC OLYMPIA,FLORA DRIVE,17,Non-landed Properties,3,"2,300",90 - 100,"900 - 1,000",Apr 2021
PARC OLYMPIA,FLORA DRIVE,17,Non-landed Properties,3,"2,400",100 - 110,"1,100 - 1,200",May 2021
PARC OLYMPIA,FLORA DRIVE,17,Non-landed Properties,2,"3,200",90 - 100,"1,000 - 1,100",Jun 2021
PARC OLYMPIA,FLORA DRIVE,17,Non-landed Properties,2,"2,000",80 - 90,800 - 900,Jun 2021
PARC OLYMPIA,FLORA DRIVE,17,Non-landed Properties,3,"2,567",100 - 110,"1,100 - 1,200",Jun 2021
PARC OLYMPIA,FLORA DRIVE,17,Non-landed Properties,1,"1,800",40 - 50,400 - 500,Jun 2021
PARC OLYMPIA,FLORA DRIVE,17,Non-landed Properties,1,"1,900",60 - 70,600 - 700,Jun 2021
PARC OLYMPIA,FLORA DRIVE,17,Non-landed Properties,1,"1,800",40 - 50,400 - 500,Jun 2021
PARC OLYMPIA,FLORA DRIVE,17,Non-landed Properties,2,"2,200",60 - 70,600 - 700,Jun 2021
PARC OLYMPIA,FLORA DRIVE,17,Non-landed Properties,2,"2,200",60 - 70,600 - 700,Jun 2021
PARC OLYMPIA,FLORA DRIVE,17,Non-landed Properties,2,"2,400",70 - 80,800 - 900,Jun 2021
PARC OLYMPIA,FLORA DRIVE,17,Non-landed Properties,2,"2,200",70 - 80,700 - 800,Jun 2021
PARC OLYMPIA,FLORA DRIVE,17,Non-landed Properties,2,"1,850",60 - 70,600 - 700,Jun 2021
PARC OLYMPIA,FLORA DRIVE,17,Non-landed Properties,2,"1,900",60 - 70,600 - 700,Jun 2021
PARC OLYMPIA,FLORA DRIVE,17,Non-landed Properties,1,"1,750",40 - 50,400 - 500,Jun 2021
PARC OLYMPIA,FLORA DRIVE,17,Non-landed Properties,2,"2,350",70 - 80,700 - 800,Jun 2021
PARC OLYMPIA,FLORA DRIVE,17,Non-landed Properties,3,"3,000",100 - 110,"1,100 - 1,200",Jun 2021
PARC OLYMPIA,FLORA DRIVE,17,Non-landed Properties,4,"2,900",150 - 160,"1,600 - 1,700",Jun 2021
PARC OLYMPIA,FLORA DRIVE,17,Non-landed Properties,2,"2,400",70 - 80,700 - 800,Jul 2021
PARC OLYMPIA,FLORA DRIVE,17,Non-landed Properties,3,"2,350",90 - 100,"900 - 1,000",Jul 2021
PARC OLYMPIA,FLORA DRIVE,17,Non-landed Properties,3,"2,800",100 - 110,"1,100 - 1,200",Jul 2021
PARC OLYMPIA,FLORA DRIVE,17,Non-landed Properties,3,"2,600",100 - 110,"1,100 - 1,200",Jul 2021
PARC OLYMPIA,FLORA DRIVE,17,Non-landed Properties,1,"1,550",40 - 50,400 - 500,Jul 2021
PARC OLYMPIA,FLORA DRIVE,17,Non-landed Properties,2,"2,000",70 - 80,700 - 800,Jul 2021
PARC OLYMPIA,FLORA DRIVE,17,Non-landed Properties,2,"2,500",70 - 80,700 - 800,Jul 2021
PARC OLYMPIA,FLORA DRIVE,17,Non-landed Properties,3,"2,400",90 - 100,"900 - 1,000",Jun 2021
PARC OLYMPIA,FLORA DRIVE,17,Non-landed Properties,3,"2,800",90 - 100,"900 - 1,000",Jul 2021
PARC OLYMPIA,FLORA DRIVE,17,Non-landed Properties,4,"3,300",150 - 160,"1,600 - 1,700",Jul 2021
PARC OLYMPIA,FLORA DRIVE,17,Non-landed Properties,2,"2,900",70 - 80,700 - 800,Jul 2021
PARC OLYMPIA,FLORA DRIVE,17,Non-landed Properties,1,"2,100",60 - 70,600 - 700,Jul 2021
PARC OLYMPIA,FLORA DRIVE,17,Non-landed Properties,3,"3,000",100 - 110,"1,100 - 1,200",Jul 2021
PARC OLYMPIA,FLORA DRIVE,17,Non-landed Properties,2,"1,900",60 - 70,600 - 700,Aug 2021
PARC OLYMPIA,FLORA DRIVE,17,Non-landed Properties,3,"3,200",130 - 140,"1,400 - 1,500",Aug 2021
PARC OLYMPIA,FLORA DRIVE,17,Non-landed Properties,2,"2,700",90 - 100,"1,000 - 1,100",Aug 2021
PARC OLYMPIA,FLORA DRIVE,17,Non-landed Properties,2,"2,100",70 - 80,800 - 900,Aug 2021
PARC OLYMPIA,FLORA DRIVE,17,Non-landed Properties,3,"4,150",200 - 210,"2,100 - 2,200",Aug 2021
PARC OLYMPIA,FLORA DRIVE,17,Non-landed Properties,2,"2,000",60 - 70,600 - 700,Aug 2021
PARC OLYMPIA,FLORA DRIVE,17,Non-landed Properties,2,"2,050",70 - 80,700 - 800,Aug 2021
PARC OLYMPIA,FLORA DRIVE,17,Non-landed Properties,3,"2,300",90 - 100,"900 - 1,000",Aug 2021
PARC OLYMPIA,FLORA DRIVE,17,Non-landed Properties,1,"1,900",40 - 50,400 - 500,Aug 2021
PARC OLYMPIA,FLORA DRIVE,17,Non-landed Properties,2,"2,000",70 - 80,800 - 900,Aug 2021
PARC OLYMPIA,FLORA DRIVE,17,Non-landed Properties,3,"2,650",130 - 140,"1,400 - 1,500",Aug 2021
PARC OLYMPIA,FLORA DRIVE,17,Non-landed Properties,2,"2,400",70 - 80,700 - 800,Aug 2021
PARC OLYMPIA,FLORA DRIVE,17,Non-landed Properties,1,"1,750",40 - 50,400 - 500,Aug 2021
PARC OLYMPIA,FLORA DRIVE,17,Non-landed Properties,4,"3,200",130 - 140,"1,400 - 1,500",Aug 2021
PARC OLYMPIA,FLORA DRIVE,17,Non-landed Properties,2,"2,100",70 - 80,700 - 800,Aug 2021
PARC OLYMPIA,FLORA DRIVE,17,Non-landed Properties,2,"1,850",60 - 70,600 - 700,Aug 2021
PARC OLYMPIA,FLORA DRIVE,17,Non-landed Properties,3,"2,600",110 - 120,"1,200 - 1,300",Sep 2021
PARC OLYMPIA,FLORA DRIVE,17,Non-landed Properties,3,"2,400",90 - 100,"900 - 1,000",Sep 2021
PARC OLYMPIA,FLORA DRIVE,17,Non-landed Properties,2,"1,950",60 - 70,600 - 700,Sep 2021
PARC OLYMPIA,FLORA DRIVE,17,Non-landed Properties,1,"1,750",40 - 50,400 - 500,Sep 2021
PARC OLYMPIA,FLORA DRIVE,17,Non-landed Properties,2,"2,400",70 - 80,700 - 800,Sep 2021
PARC OLYMPIA,FLORA DRIVE,17,Non-landed Properties,2,"2,200",60 - 70,600 - 700,Sep 2021
PARC OLYMPIA,FLORA DRIVE,17,Non-landed Properties,2,"2,500",70 - 80,700 - 800,Sep 2021
PARC OLYMPIA,FLORA DRIVE,17,Non-landed Properties,2,"2,600",80 - 90,800 - 900,Sep 2021
PARC OLYMPIA,FLORA DRIVE,17,Non-landed Properties,1,"1,900",40 - 50,400 - 500,Sep 2021
PARC OLYMPIA,FLORA DRIVE,17,Non-landed Properties,3,"2,400",90 - 100,"900 - 1,000",Sep 2021
PARC OLYMPIA,FLORA DRIVE,17,Non-landed Properties,3,"2,350",90 - 100,"900 - 1,000",Aug 2021
PARC OLYMPIA,FLORA DRIVE,17,Non-landed Properties,3,"2,550",100 - 110,"1,100 - 1,200",Oct 2021
PARC OLYMPIA,FLORA DRIVE,17,Non-landed Properties,3,"2,750",100 - 110,"1,100 - 1,200",Oct 2021
PARC OLYMPIA,FLORA DRIVE,17,Non-landed Properties,2,"2,200",70 - 80,700 - 800,Oct 2021
PARC OLYMPIA,FLORA DRIVE,17,Non-landed Properties,1,"1,700",60 - 70,600 - 700,Oct 2021
PARC OLYMPIA,FLORA DRIVE,17,Non-landed Properties,1,"1,750",40 - 50,400 - 500,Oct 2021
PARC OLYMPIA,FLORA DRIVE,17,Non-landed Properties,3,"2,250",90 - 100,"900 - 1,000",Oct 2021
PARC OLYMPIA,FLORA DRIVE,17,Non-landed Properties,3,"3,000",90 - 100,"900 - 1,000",Oct 2021
PARC OLYMPIA,FLORA DRIVE,17,Non-landed Properties,2,"2,200",70 - 80,700 - 800,Oct 2021
PARC OLYMPIA,FLORA DRIVE,17,Non-landed Properties,2,"2,200",80 - 90,800 - 900,Oct 2021
PARC OLYMPIA,FLORA DRIVE,17,Non-landed Properties,2,"1,850",60 - 70,600 - 700,Oct 2021
PARC OLYMPIA,FLORA DRIVE,17,Non-landed Properties,2,"2,050",60 - 70,600 - 700,Oct 2021
PARC OLYMPIA,FLORA DRIVE,17,Non-landed Properties,2,"1,950",60 - 70,600 - 700,Oct 2021
PARC OLYMPIA,FLORA DRIVE,17,Non-landed Properties,2,"2,500",70 - 80,700 - 800,Oct 2021
PARC OLYMPIA,FLORA DRIVE,17,Non-landed Properties,3,"2,200",90 - 100,"900 - 1,000",Nov 2021
PARC OLYMPIA,FLORA DRIVE,17,Non-landed Properties,3,"2,700",100 - 110,"1,100 - 1,200",Nov 2021
PARC OLYMPIA,FLORA DRIVE,17,Non-landed Properties,1,"1,800",40 - 50,400 - 500,Nov 2021
PARC OLYMPIA,FLORA DRIVE,17,Non-landed Properties,2,"1,900",60 - 70,600 - 700,Nov 2021
PARC OLYMPIA,FLORA DRIVE,17,Non-landed Properties,2,"2,100",70 - 80,700 - 800,Nov 2021
PARC OLYMPIA,FLORA DRIVE,17,Non-landed Properties,1,"1,500",60 - 70,600 - 700,Nov 2021
PARC OLYMPIA,FLORA DRIVE,17,Non-landed Properties,2,"2,500",70 - 80,700 - 800,Nov 2021
PARC OLYMPIA,FLORA DRIVE,17,Non-landed Properties,2,"1,800",60 - 70,600 - 700,Oct 2021
PARC OLYMPIA,FLORA DRIVE,17,Non-landed Properties,1,"1,800",40 - 50,400 - 500,Nov 2021
PARC OLYMPIA,FLORA DRIVE,17,Non-landed Properties,2,"2,400",70 - 80,700 - 800,Nov 2021
PARC OLYMPIA,FLORA DRIVE,17,Non-landed Properties,2,"2,200",60 - 70,600 - 700,Oct 2021
PARC PALAIS,HUME AVENUE,21,Non-landed Properties,3,"2,500",120 - 130,"1,300 - 1,400",Jan 2021
PARC PALAIS,HUME AVENUE,21,Non-landed Properties,3,"2,300",120 - 130,"1,300 - 1,400",Jan 2021
PARC PALAIS,HUME AVENUE,21,Non-landed Properties,3,"2,900",130 - 140,"1,400 - 1,500",Jan 2021
PARC PALAIS,HUME AVENUE,21,Non-landed Properties,2,"2,400",90 - 100,"900 - 1,000",Jan 2021
PARC PALAIS,HUME AVENUE,21,Non-landed Properties,3,"3,000",130 - 140,"1,400 - 1,500",Jan 2021
PARC PALAIS,HUME AVENUE,21,Non-landed Properties,3,"3,000",110 - 120,"1,200 - 1,300",Jan 2021
PARC PALAIS,HUME AVENUE,21,Non-landed Properties,3,"3,000",110 - 120,"1,200 - 1,300",Jan 2021
PARC PALAIS,HUME AVENUE,21,Non-landed Properties,3,"3,000",130 - 140,"1,400 - 1,500",Feb 2021
PARC PALAIS,HUME AVENUE,21,Non-landed Properties,3,"2,600",110 - 120,"1,200 - 1,300",Feb 2021
PARC PALAIS,HUME AVENUE,21,Non-landed Properties,3,"3,600",130 - 140,"1,400 - 1,500",Feb 2021
PARC PALAIS,HUME AVENUE,21,Non-landed Properties,3,"2,500",120 - 130,"1,200 - 1,300",Mar 2021
PARC PALAIS,HUME AVENUE,21,Non-landed Properties,3,"2,800",120 - 130,"1,300 - 1,400",Mar 2021
PARC PALAIS,HUME AVENUE,21,Non-landed Properties,3,"2,450",110 - 120,"1,200 - 1,300",Mar 2021
PARC PALAIS,HUME AVENUE,21,Non-landed Properties,2,"2,600",90 - 100,"900 - 1,000",Mar 2021
PARC PALAIS,HUME AVENUE,21,Non-landed Properties,3,"2,600",110 - 120,"1,200 - 1,300",Mar 2021
PARC PALAIS,HUME AVENUE,21,Non-landed Properties,2,"2,350",90 - 100,"900 - 1,000",Mar 2021
PARC PALAIS,HUME AVENUE,21,Non-landed Properties,4,"2,800",140 - 150,"1,500 - 1,600",Apr 2021
PARC PALAIS,HUME AVENUE,21,Non-landed Properties,3,"2,400",110 - 120,"1,200 - 1,300",Apr 2021
PARC PALAIS,HUME AVENUE,21,Non-landed Properties,2,"2,350",80 - 90,"900 - 1,000",Apr 2021
PARC PALAIS,HUME AVENUE,21,Non-landed Properties,2,"1,900",80 - 90,"900 - 1,000",Apr 2021
PARC PALAIS,HUME AVENUE,21,Non-landed Properties,2,"2,400",90 - 100,"900 - 1,000",Apr 2021
PARC PALAIS,HUME AVENUE,21,Non-landed Properties,3,"3,000",130 - 140,"1,400 - 1,500",May 2021
PARC PALAIS,HUME AVENUE,21,Non-landed Properties,4,"3,100",140 - 150,"1,500 - 1,600",May 2021
PARC PALAIS,HUME AVENUE,21,Non-landed Properties,3,"2,550",110 - 120,"1,200 - 1,300",May 2021
PARC PALAIS,HUME AVENUE,21,Non-landed Properties,3,"2,700",120 - 130,"1,300 - 1,400",May 2021
PARC PALAIS,HUME AVENUE,21,Non-landed Properties,2,"2,650",80 - 90,"900 - 1,000",May 2021
PARC PALAIS,HUME AVENUE,21,Non-landed Properties,2,"2,400",90 - 100,"900 - 1,000",May 2021
PARC PALAIS,HUME AVENUE,21,Non-landed Properties,3,"2,300",110 - 120,"1,200 - 1,300",Jun 2021
PARC PALAIS,HUME AVENUE,21,Non-landed Properties,4,"3,400",140 - 150,"1,500 - 1,600",Jun 2021
PARC PALAIS,HUME AVENUE,21,Non-landed Properties,3,"2,400",110 - 120,"1,200 - 1,300",Jun 2021
PARC PALAIS,HUME AVENUE,21,Non-landed Properties,3,"2,700",110 - 120,"1,200 - 1,300",Jun 2021
PARC PALAIS,HUME AVENUE,21,Non-landed Properties,3,"3,300",130 - 140,"1,400 - 1,500",Jun 2021
PARC PALAIS,HUME AVENUE,21,Non-landed Properties,3,"2,600",120 - 130,"1,300 - 1,400",Jun 2021
PARC PALAIS,HUME AVENUE,21,Non-landed Properties,3,"3,050",140 - 150,"1,500 - 1,600",Jun 2021
PARC PALAIS,HUME AVENUE,21,Non-landed Properties,2,"2,500",90 - 100,"900 - 1,000",Apr 2021
PARC PALAIS,HUME AVENUE,21,Non-landed Properties,2,"2,700",80 - 90,"900 - 1,000",Jun 2021
PARC PALAIS,HUME AVENUE,21,Non-landed Properties,2,"2,500",80 - 90,"900 - 1,000",Jun 2021
PARC PALAIS,HUME AVENUE,21,Non-landed Properties,3,"3,200",130 - 140,"1,400 - 1,500",Jul 2021
PARC PALAIS,HUME AVENUE,21,Non-landed Properties,4,"3,300",140 - 150,"1,500 - 1,600",Jul 2021
PARC PALAIS,HUME AVENUE,21,Non-landed Properties,2,"2,000",90 - 100,"900 - 1,000",Jul 2021
PARC PALAIS,HUME AVENUE,21,Non-landed Properties,3,"2,725",110 - 120,"1,200 - 1,300",Jul 2021
PARC PALAIS,HUME AVENUE,21,Non-landed Properties,3,"3,200",110 - 120,"1,200 - 1,300",Jul 2021
PARC PALAIS,HUME AVENUE,21,Non-landed Properties,3,"2,400",110 - 120,"1,200 - 1,300",Jul 2021
PARC PALAIS,HUME AVENUE,21,Non-landed Properties,3,"2,600",120 - 130,"1,300 - 1,400",Jul 2021
PARC PALAIS,HUME AVENUE,21,Non-landed Properties,3,"2,500",120 - 130,"1,300 - 1,400",Jul 2021
PARC PALAIS,HUME AVENUE,21,Non-landed Properties,2,"2,200",90 - 100,"900 - 1,000",Jul 2021
PARC PALAIS,HUME AVENUE,21,Non-landed Properties,3,"2,600",110 - 120,"1,200 - 1,300",Jul 2021
PARC PALAIS,HUME AVENUE,21,Non-landed Properties,3,"2,400",120 - 130,"1,300 - 1,400",Jul 2021
PARC PALAIS,HUME AVENUE,21,Non-landed Properties,4,"3,150",140 - 150,"1,600 - 1,700",Jul 2021
PARC PALAIS,HUME AVENUE,21,Non-landed Properties,3,"3,000",130 - 140,"1,400 - 1,500",Jul 2021
PARC PALAIS,HUME AVENUE,21,Non-landed Properties,3,"2,600",110 - 120,"1,200 - 1,300",Jul 2021
PARC PALAIS,HUME AVENUE,21,Non-landed Properties,3,"2,800",110 - 120,"1,200 - 1,300",Jul 2021
PARC PALAIS,HUME AVENUE,21,Non-landed Properties,3,"2,800",120 - 130,"1,300 - 1,400",Aug 2021
PARC PALAIS,HUME AVENUE,21,Non-landed Properties,2,"2,100",90 - 100,"900 - 1,000",Aug 2021
PARC PALAIS,HUME AVENUE,21,Non-landed Properties,3,"3,400",140 - 150,"1,500 - 1,600",Aug 2021
PARC PALAIS,HUME AVENUE,21,Non-landed Properties,3,"2,700",110 - 120,"1,200 - 1,300",Aug 2021
PARC PALAIS,HUME AVENUE,21,Non-landed Properties,3,"3,000",130 - 140,"1,400 - 1,500",Jul 2021
PARC PALAIS,HUME AVENUE,21,Non-landed Properties,3,"3,100",110 - 120,"1,200 - 1,300",Aug 2021
PARC PALAIS,HUME AVENUE,21,Non-landed Properties,3,"3,900",110 - 120,"1,200 - 1,300",Aug 2021
PARC PALAIS,HUME AVENUE,21,Non-landed Properties,3,"2,800",110 - 120,"1,200 - 1,300",Sep 2021
PARC PALAIS,HUME AVENUE,21,Non-landed Properties,3,"2,450",110 - 120,"1,200 - 1,300",Sep 2021
PARC PALAIS,HUME AVENUE,21,Non-landed Properties,3,"3,000",110 - 120,"1,200 - 1,300",Sep 2021
PARC PALAIS,HUME AVENUE,21,Non-landed Properties,3,"3,500",120 - 130,"1,300 - 1,400",Sep 2021
PARC PALAIS,HUME AVENUE,21,Non-landed Properties,2,"2,700",80 - 90,"900 - 1,000",Sep 2021
PARC PALAIS,HUME AVENUE,21,Non-landed Properties,4,"8,000",260 - 270,"2,700 - 2,800",Sep 2021
PARC PALAIS,HUME AVENUE,21,Non-landed Properties,4,"5,000",260 - 270,"2,700 - 2,800",Sep 2021
PARC PALAIS,HUME AVENUE,21,Non-landed Properties,3,"2,600",120 - 130,"1,300 - 1,400",Oct 2021
PARC PALAIS,HUME AVENUE,21,Non-landed Properties,3,"3,300",110 - 120,"1,200 - 1,300",Oct 2021
PARC PALAIS,HUME AVENUE,21,Non-landed Properties,3,"3,100",120 - 130,"1,300 - 1,400",Oct 2021
PARC PALAIS,HUME AVENUE,21,Non-landed Properties,3,"2,800",120 - 130,"1,300 - 1,400",Oct 2021
PARC PALAIS,HUME AVENUE,21,Non-landed Properties,2,"2,500",90 - 100,"900 - 1,000",Oct 2021
PARC PALAIS,HUME AVENUE,21,Non-landed Properties,3,"3,300",110 - 120,"1,200 - 1,300",Oct 2021
PARC PALAIS,HUME AVENUE,21,Non-landed Properties,2,"2,500",90 - 100,"900 - 1,000",Nov 2021
PARC PALAIS,HUME AVENUE,21,Non-landed Properties,3,"2,750",110 - 120,"1,200 - 1,300",Nov 2021
PARC PALAIS,HUME AVENUE,21,Non-landed Properties,2,"2,700",90 - 100,"900 - 1,000",Nov 2021
PARC REGENCY,PASIR PANJANG ROAD,05,Non-landed Properties,3,"4,100",150 - 160,"1,600 - 1,700",Jan 2021
PARC REGENCY,PASIR PANJANG ROAD,05,Non-landed Properties,3,"3,200",120 - 130,"1,300 - 1,400",Aug 2021
PARC RIVIERA,WEST COAST VALE,05,Non-landed Properties,3,"3,150",80 - 90,"900 - 1,000",Jan 2021
PARC RIVIERA,WEST COAST VALE,05,Non-landed Properties,1,"2,200",40 - 50,400 - 500,Jan 2021
PARC RIVIERA,WEST COAST VALE,05,Non-landed Properties,3,"3,100",90 - 100,"1,000 - 1,100",Jan 2021
PARC RIVIERA,WEST COAST VALE,05,Non-landed Properties,2,"2,400",50 - 60,600 - 700,Jan 2021
PARC RIVIERA,WEST COAST VALE,05,Non-landed Properties,1,"2,000",40 - 50,400 - 500,Jan 2021
PARC RIVIERA,WEST COAST VALE,05,Non-landed Properties,3,"3,350",90 - 100,"1,000 - 1,100",Jan 2021
PARC RIVIERA,WEST COAST VALE,05,Non-landed Properties,1,"2,400",40 - 50,400 - 500,Jan 2021
PARC RIVIERA,WEST COAST VALE,05,Non-landed Properties,2,"2,600",60 - 70,700 - 800,Jan 2021
PARC RIVIERA,WEST COAST VALE,05,Non-landed Properties,2,"2,500",50 - 60,600 - 700,Jan 2021
PARC RIVIERA,WEST COAST VALE,05,Non-landed Properties,2,"1,829",50 - 60,600 - 700,Jan 2021
PARC RIVIERA,WEST COAST VALE,05,Non-landed Properties,2,"2,500",60 - 70,600 - 700,Jan 2021
PARC RIVIERA,WEST COAST VALE,05,Non-landed Properties,1,"1,950",40 - 50,400 - 500,Jan 2021
PARC RIVIERA,WEST COAST VALE,05,Non-landed Properties,1,"1,950",40 - 50,400 - 500,Jan 2021
PARC RIVIERA,WEST COAST VALE,05,Non-landed Properties,3,"3,500",90 - 100,"1,000 - 1,100",Jan 2021
PARC RIVIERA,WEST COAST VALE,05,Non-landed Properties,2,"2,650",50 - 60,600 - 700,Jan 2021
PARC RIVIERA,WEST COAST VALE,05,Non-landed Properties,1,"2,000",40 - 50,400 - 500,Jan 2021
PARC RIVIERA,WEST COAST VALE,05,Non-landed Properties,3,"3,800",90 - 100,"1,000 - 1,100",Jan 2021
PARC RIVIERA,WEST COAST VALE,05,Non-landed Properties,1,"2,000",40 - 50,400 - 500,Jan 2021
PARC RIVIERA,WEST COAST VALE,05,Non-landed Properties,2,"2,400",60 - 70,600 - 700,Jan 2021
PARC RIVIERA,WEST COAST VALE,05,Non-landed Properties,2,"2,500",50 - 60,600 - 700,Jan 2021
PARC RIVIERA,WEST COAST VALE,05,Non-landed Properties,2,"3,000",60 - 70,700 - 800,Jan 2021
PARC RIVIERA,WEST COAST VALE,05,Non-landed Properties,2,"2,400",50 - 60,600 - 700,Jan 2021
PARC RIVIERA,WEST COAST VALE,05,Non-landed Properties,1,"2,100",40 - 50,400 - 500,Jan 2021
PARC RIVIERA,WEST COAST VALE,05,Non-landed Properties,2,"2,800",60 - 70,700 - 800,Jan 2021
PARC RIVIERA,WEST COAST VALE,05,Non-landed Properties,1,"2,200",40 - 50,400 - 500,Jan 2021
PARC RIVIERA,WEST COAST VALE,05,Non-landed Properties,2,"2,200",50 - 60,600 - 700,Feb 2021
PARC RIVIERA,WEST COAST VALE,05,Non-landed Properties,2,"2,450",50 - 60,600 - 700,Feb 2021
PARC RIVIERA,WEST COAST VALE,05,Non-landed Properties,1,"2,000",40 - 50,400 - 500,Feb 2021
PARC RIVIERA,WEST COAST VALE,05,Non-landed Properties,1,"2,000",40 - 50,400 - 500,Feb 2021
PARC RIVIERA,WEST COAST VALE,05,Non-landed Properties,4,"3,800",100 - 110,"1,100 - 1,200",Feb 2021
PARC RIVIERA,WEST COAST VALE,05,Non-landed Properties,3,"3,200",90 - 100,"900 - 1,000",Feb 2021
PARC RIVIERA,WEST COAST VALE,05,Non-landed Properties,2,"2,500",60 - 70,700 - 800,Feb 2021
PARC RIVIERA,WEST COAST VALE,05,Non-landed Properties,1,"2,000",40 - 50,400 - 500,Feb 2021
PARC RIVIERA,WEST COAST VALE,05,Non-landed Properties,1,"2,100",40 - 50,400 - 500,Feb 2021
PARC RIVIERA,WEST COAST VALE,05,Non-landed Properties,2,"2,450",50 - 60,600 - 700,Feb 2021
PARC RIVIERA,WEST COAST VALE,05,Non-landed Properties,2,"2,300",50 - 60,600 - 700,Feb 2021
PARC RIVIERA,WEST COAST VALE,05,Non-landed Properties,2,"2,300",60 - 70,700 - 800,Feb 2021
PARC RIVIERA,WEST COAST VALE,05,Non-landed Properties,2,"2,950",60 - 70,700 - 800,Feb 2021
PARC RIVIERA,WEST COAST VALE,05,Non-landed Properties,2,"2,600",60 - 70,700 - 800,Feb 2021
PARC RIVIERA,WEST COAST VALE,05,Non-landed Properties,2,"2,400",50 - 60,600 - 700,Feb 2021
PARC RIVIERA,WEST COAST VALE,05,Non-landed Properties,4,"3,800",110 - 120,"1,100 - 1,200",Feb 2021
PARC RIVIERA,WEST COAST VALE,05,Non-landed Properties,2,"2,300",50 - 60,600 - 700,Feb 2021
PARC RIVIERA,WEST COAST VALE,05,Non-landed Properties,1,"1,900",40 - 50,400 - 500,Feb 2021
PARC RIVIERA,WEST COAST VALE,05,Non-landed Properties,2,"2,500",60 - 70,600 - 700,Feb 2021
PARC RIVIERA,WEST COAST VALE,05,Non-landed Properties,1,"2,100",40 - 50,400 - 500,Feb 2021
PARC RIVIERA,WEST COAST VALE,05,Non-landed Properties,2,"2,500",60 - 70,700 - 800,Feb 2021
PARC RIVIERA,WEST COAST VALE,05,Non-landed Properties,2,"2,300",50 - 60,600 - 700,Feb 2021
PARC RIVIERA,WEST COAST VALE,05,Non-landed Properties,1,"1,900",40 - 50,400 - 500,Feb 2021
PARC RIVIERA,WEST COAST VALE,05,Non-landed Properties,2,"2,450",50 - 60,600 - 700,Feb 2021
PARC RIVIERA,WEST COAST VALE,05,Non-landed Properties,2,"2,450",50 - 60,600 - 700,Feb 2021
PARC RIVIERA,WEST COAST VALE,05,Non-landed Properties,2,"2,850",60 - 70,600 - 700,Feb 2021
PARC RIVIERA,WEST COAST VALE,05,Non-landed Properties,2,"2,250",50 - 60,600 - 700,Feb 2021
PARC RIVIERA,WEST COAST VALE,05,Non-landed Properties,2,"2,650",50 - 60,600 - 700,Feb 2021
PARC RIVIERA,WEST COAST VALE,05,Non-landed Properties,1,"2,100",40 - 50,400 - 500,Feb 2021
PARC RIVIERA,WEST COAST VALE,05,Non-landed Properties,1,"2,000",40 - 50,400 - 500,Feb 2021
PARC RIVIERA,WEST COAST VALE,05,Non-landed Properties,2,"2,500",50 - 60,600 - 700,Feb 2021
PARC RIVIERA,WEST COAST VALE,05,Non-landed Properties,2,"2,800",50 - 60,600 - 700,Feb 2021
PARC RIVIERA,WEST COAST VALE,05,Non-landed Properties,2,"3,100",60 - 70,700 - 800,Feb 2021
PARC RIVIERA,WEST COAST VALE,05,Non-landed Properties,1,"2,000",40 - 50,400 - 500,Feb 2021
PARC RIVIERA,WEST COAST VALE,05,Non-landed Properties,3,"3,000",80 - 90,"900 - 1,000",Feb 2021
PARC RIVIERA,WEST COAST VALE,05,Non-landed Properties,2,"2,300",50 - 60,600 - 700,Feb 2021
PARC RIVIERA,WEST COAST VALE,05,Non-landed Properties,2,"2,600",60 - 70,600 - 700,Feb 2021
PARC RIVIERA,WEST COAST VALE,05,Non-landed Properties,2,"2,600",60 - 70,700 - 800,Feb 2021
PARC RIVIERA,WEST COAST VALE,05,Non-landed Properties,3,"3,400",80 - 90,"900 - 1,000",Jan 2021
PARC RIVIERA,WEST COAST VALE,05,Non-landed Properties,1,"2,000",40 - 50,400 - 500,Feb 2021
PARC RIVIERA,WEST COAST VALE,05,Non-landed Properties,2,"2,500",60 - 70,700 - 800,Mar 2021
PARC RIVIERA,WEST COAST VALE,05,Non-landed Properties,1,"2,000",40 - 50,400 - 500,Mar 2021
PARC RIVIERA,WEST COAST VALE,05,Non-landed Properties,2,"2,300",60 - 70,700 - 800,Mar 2021
PARC RIVIERA,WEST COAST VALE,05,Non-landed Properties,1,"2,000",40 - 50,400 - 500,Mar 2021
PARC RIVIERA,WEST COAST VALE,05,Non-landed Properties,2,"2,500",60 - 70,700 - 800,Mar 2021
PARC RIVIERA,WEST COAST VALE,05,Non-landed Properties,1,"2,150",40 - 50,400 - 500,Mar 2021
PARC RIVIERA,WEST COAST VALE,05,Non-landed Properties,2,"2,500",60 - 70,700 - 800,Mar 2021
PARC RIVIERA,WEST COAST VALE,05,Non-landed Properties,2,"2,300",60 - 70,700 - 800,Mar 2021
PARC RIVIERA,WEST COAST VALE,05,Non-landed Properties,3,"3,100",80 - 90,"900 - 1,000",Mar 2021
PARC RIVIERA,WEST COAST VALE,05,Non-landed Properties,2,"2,200",50 - 60,600 - 700,Mar 2021
PARC RIVIERA,WEST COAST VALE,05,Non-landed Properties,2,"2,250",50 - 60,600 - 700,Mar 2021
PARC RIVIERA,WEST COAST VALE,05,Non-landed Properties,2,"2,500",60 - 70,700 - 800,Mar 2021
PARC RIVIERA,WEST COAST VALE,05,Non-landed Properties,4,"4,000",100 - 110,"1,100 - 1,200",Mar 2021
PARC RIVIERA,WEST COAST VALE,05,Non-landed Properties,2,"2,600",60 - 70,700 - 800,Mar 2021
PARC RIVIERA,WEST COAST VALE,05,Non-landed Properties,1,"2,400",40 - 50,400 - 500,Mar 2021
PARC RIVIERA,WEST COAST VALE,05,Non-landed Properties,3,"3,250",80 - 90,"900 - 1,000",Mar 2021
PARC RIVIERA,WEST COAST VALE,05,Non-landed Properties,3,"3,000",80 - 90,"900 - 1,000",Mar 2021
PARC RIVIERA,WEST COAST VALE,05,Non-landed Properties,3,"3,000",80 - 90,"900 - 1,000",Mar 2021
PARC RIVIERA,WEST COAST VALE,05,Non-landed Properties,2,"2,600",60 - 70,700 - 800,Mar 2021
PARC RIVIERA,WEST COAST VALE,05,Non-landed Properties,2,"2,300",60 - 70,600 - 700,Mar 2021
PARC RIVIERA,WEST COAST VALE,05,Non-landed Properties,2,"2,500",60 - 70,600 - 700,Mar 2021
PARC RIVIERA,WEST COAST VALE,05,Non-landed Properties,1,"2,300",40 - 50,400 - 500,Mar 2021
PARC RIVIERA,WEST COAST VALE,05,Non-landed Properties,2,"2,400",50 - 60,600 - 700,Mar 2021
PARC RIVIERA,WEST COAST VALE,05,Non-landed Properties,2,"2,600",50 - 60,600 - 700,Mar 2021
PARC RIVIERA,WEST COAST VALE,05,Non-landed Properties,1,"2,300",40 - 50,400 - 500,Mar 2021
PARC RIVIERA,WEST COAST VALE,05,Non-landed Properties,2,"3,000",60 - 70,700 - 800,Mar 2021
PARC RIVIERA,WEST COAST VALE,05,Non-landed Properties,2,"2,650",60 - 70,700 - 800,Mar 2021
PARC RIVIERA,WEST COAST VALE,05,Non-landed Properties,1,"2,100",40 - 50,400 - 500,Mar 2021
PARC RIVIERA,WEST COAST VALE,05,Non-landed Properties,1,"2,200",40 - 50,400 - 500,Mar 2021
PARC RIVIERA,WEST COAST VALE,05,Non-landed Properties,1,"2,300",40 - 50,400 - 500,Mar 2021
PARC RIVIERA,WEST COAST VALE,05,Non-landed Properties,1,"2,150",40 - 50,400 - 500,Mar 2021
PARC RIVIERA,WEST COAST VALE,05,Non-landed Properties,2,"2,800",60 - 70,700 - 800,Mar 2021
PARC RIVIERA,WEST COAST VALE,05,Non-landed Properties,2,"2,500",60 - 70,700 - 800,Mar 2021
PARC RIVIERA,WEST COAST VALE,05,Non-landed Properties,2,"2,600",50 - 60,600 - 700,Mar 2021
PARC RIVIERA,WEST COAST VALE,05,Non-landed Properties,2,"2,550",60 - 70,700 - 800,Mar 2021
PARC RIVIERA,WEST COAST VALE,05,Non-landed Properties,2,"3,650",60 - 70,700 - 800,Mar 2021
PARC RIVIERA,WEST COAST VALE,05,Non-landed Properties,2,"2,500",60 - 70,600 - 700,Mar 2021
PARC RIVIERA,WEST COAST VALE,05,Non-landed Properties,1,"2,200",40 - 50,400 - 500,Mar 2021
PARC RIVIERA,WEST COAST VALE,05,Non-landed Properties,2,"2,600",60 - 70,700 - 800,Mar 2021
PARC RIVIERA,WEST COAST VALE,05,Non-landed Properties,2,"2,500",50 - 60,600 - 700,Mar 2021
PARC RIVIERA,WEST COAST VALE,05,Non-landed Properties,2,"2,500",60 - 70,600 - 700,Mar 2021
PARC RIVIERA,WEST COAST VALE,05,Non-landed Properties,1,"2,150",40 - 50,400 - 500,Mar 2021
PARC RIVIERA,WEST COAST VALE,05,Non-landed Properties,4,"3,400",110 - 120,"1,100 - 1,200",Mar 2021
PARC RIVIERA,WEST COAST VALE,05,Non-landed Properties,2,"2,500",50 - 60,600 - 700,Mar 2021
PARC RIVIERA,WEST COAST VALE,05,Non-landed Properties,3,"3,000",90 - 100,"1,000 - 1,100",Apr 2021
PARC RIVIERA,WEST COAST VALE,05,Non-landed Properties,2,"2,500",60 - 70,700 - 800,Apr 2021
PARC RIVIERA,WEST COAST VALE,05,Non-landed Properties,3,"3,050",90 - 100,"1,000 - 1,100",Apr 2021
PARC RIVIERA,WEST COAST VALE,05,Non-landed Properties,2,"2,700",60 - 70,700 - 800,Apr 2021
PARC RIVIERA,WEST COAST VALE,05,Non-landed Properties,2,"3,300",60 - 70,600 - 700,Apr 2021
PARC RIVIERA,WEST COAST VALE,05,Non-landed Properties,2,"3,300",60 - 70,600 - 700,Apr 2021
PARC RIVIERA,WEST COAST VALE,05,Non-landed Properties,3,"3,000",80 - 90,"900 - 1,000",Apr 2021
PARC RIVIERA,WEST COAST VALE,05,Non-landed Properties,1,"2,300",40 - 50,400 - 500,Apr 2021
PARC RIVIERA,WEST COAST VALE,05,Non-landed Properties,1,"2,200",40 - 50,400 - 500,Apr 2021
PARC RIVIERA,WEST COAST VALE,05,Non-landed Properties,3,"3,400",90 - 100,"1,000 - 1,100",Apr 2021
PARC RIVIERA,WEST COAST VALE,05,Non-landed Properties,2,"2,400",50 - 60,600 - 700,Apr 2021
PARC RIVIERA,WEST COAST VALE,05,Non-landed Properties,1,"2,360",40 - 50,400 - 500,Apr 2021
PARC RIVIERA,WEST COAST VALE,05,Non-landed Properties,4,"3,800",110 - 120,"1,100 - 1,200",Apr 2021
PARC RIVIERA,WEST COAST VALE,05,Non-landed Properties,2,"2,300",50 - 60,600 - 700,Apr 2021
PARC RIVIERA,WEST COAST VALE,05,Non-landed Properties,2,"2,900",60 - 70,700 - 800,Apr 2021
PARC RIVIERA,WEST COAST VALE,05,Non-landed Properties,1,"2,200",40 - 50,400 - 500,Apr 2021
PARC RIVIERA,WEST COAST VALE,05,Non-landed Properties,2,"3,600",60 - 70,700 - 800,Apr 2021
PARC RIVIERA,WEST COAST VALE,05,Non-landed Properties,2,"2,300",50 - 60,600 - 700,May 2021
PARC RIVIERA,WEST COAST VALE,05,Non-landed Properties,3,"3,200",80 - 90,"900 - 1,000",May 2021
PARC RIVIERA,WEST COAST VALE,05,Non-landed Properties,2,"2,400",50 - 60,600 - 700,May 2021
PARC RIVIERA,WEST COAST VALE,05,Non-landed Properties,3,"3,200",90 - 100,"1,000 - 1,100",May 2021
PARC RIVIERA,WEST COAST VALE,05,Non-landed Properties,1,"2,150",40 - 50,400 - 500,May 2021
PARC RIVIERA,WEST COAST VALE,05,Non-landed Properties,2,"2,700",60 - 70,700 - 800,May 2021
PARC RIVIERA,WEST COAST VALE,05,Non-landed Properties,1,"2,000",40 - 50,400 - 500,May 2021
PARC RIVIERA,WEST COAST VALE,05,Non-landed Properties,1,"2,200",40 - 50,400 - 500,May 2021
PARC RIVIERA,WEST COAST VALE,05,Non-landed Properties,2,"2,400",60 - 70,700 - 800,May 2021
PARC RIVIERA,WEST COAST VALE,05,Non-landed Properties,2,"2,500",50 - 60,600 - 700,May 2021
PARC RIVIERA,WEST COAST VALE,05,Non-landed Properties,1,"2,100",40 - 50,400 - 500,May 2021
PARC RIVIERA,WEST COAST VALE,05,Non-landed Properties,1,"2,000",40 - 50,400 - 500,May 2021
PARC RIVIERA,WEST COAST VALE,05,Non-landed Properties,2,"2,500",60 - 70,600 - 700,May 2021
PARC RIVIERA,WEST COAST VALE,05,Non-landed Properties,2,"2,500",60 - 70,700 - 800,May 2021
PARC RIVIERA,WEST COAST VALE,05,Non-landed Properties,4,"4,000",110 - 120,"1,100 - 1,200",May 2021
PARC RIVIERA,WEST COAST VALE,05,Non-landed Properties,2,"2,400",50 - 60,600 - 700,May 2021
PARC RIVIERA,WEST COAST VALE,05,Non-landed Properties,1,"2,200",40 - 50,400 - 500,May 2021
PARC RIVIERA,WEST COAST VALE,05,Non-landed Properties,4,"5,400",110 - 120,"1,100 - 1,200",May 2021
PARC RIVIERA,WEST COAST VALE,05,Non-landed Properties,3,"3,200",90 - 100,"1,000 - 1,100",May 2021
PARC RIVIERA,WEST COAST VALE,05,Non-landed Properties,2,"2,450",50 - 60,600 - 700,Apr 2021
PARC RIVIERA,WEST COAST VALE,05,Non-landed Properties,3,"3,200",90 - 100,"900 - 1,000",Jun 2021
PARC RIVIERA,WEST COAST VALE,05,Non-landed Properties,3,"3,300",90 - 100,"1,000 - 1,100",Jun 2021
PARC RIVIERA,WEST COAST VALE,05,Non-landed Properties,3,"3,150",80 - 90,"900 - 1,000",Jun 2021
PARC RIVIERA,WEST COAST VALE,05,Non-landed Properties,4,"3,400",110 - 120,"1,100 - 1,200",Jun 2021
PARC RIVIERA,WEST COAST VALE,05,Non-landed Properties,2,"2,500",60 - 70,700 - 800,Jun 2021
PARC RIVIERA,WEST COAST VALE,05,Non-landed Properties,2,"2,500",50 - 60,600 - 700,Jun 2021
PARC RIVIERA,WEST COAST VALE,05,Non-landed Properties,2,"2,150",50 - 60,600 - 700,Jun 2021
PARC RIVIERA,WEST COAST VALE,05,Non-landed Properties,2,"2,500",60 - 70,700 - 800,Jun 2021
PARC RIVIERA,WEST COAST VALE,05,Non-landed Properties,4,"3,900",110 - 120,"1,100 - 1,200",Jun 2021
PARC RIVIERA,WEST COAST VALE,05,Non-landed Properties,4,"3,500",100 - 110,"1,100 - 1,200",Jun 2021
PARC RIVIERA,WEST COAST VALE,05,Non-landed Properties,2,"2,350",60 - 70,700 - 800,Jun 2021
PARC RIVIERA,WEST COAST VALE,05,Non-landed Properties,2,"2,700",60 - 70,600 - 700,Jun 2021
PARC RIVIERA,WEST COAST VALE,05,Non-landed Properties,3,"3,450",90 - 100,"1,000 - 1,100",Jun 2021
PARC RIVIERA,WEST COAST VALE,05,Non-landed Properties,1,"2,200",40 - 50,400 - 500,Jun 2021
PARC RIVIERA,WEST COAST VALE,05,Non-landed Properties,2,"2,650",50 - 60,600 - 700,May 2021
PARC RIVIERA,WEST COAST VALE,05,Non-landed Properties,2,"2,650",50 - 60,600 - 700,Jun 2021
PARC RIVIERA,WEST COAST VALE,05,Non-landed Properties,4,"3,900",110 - 120,"1,100 - 1,200",Jun 2021
PARC RIVIERA,WEST COAST VALE,05,Non-landed Properties,2,"2,330",60 - 70,600 - 700,Jun 2021
PARC RIVIERA,WEST COAST VALE,05,Non-landed Properties,2,"2,500",50 - 60,600 - 700,Jun 2021
PARC RIVIERA,WEST COAST VALE,05,Non-landed Properties,1,"2,500",60 - 70,600 - 700,Jun 2021
PARC RIVIERA,WEST COAST VALE,05,Non-landed Properties,4,"4,000",100 - 110,"1,100 - 1,200",Jun 2021
PARC RIVIERA,WEST COAST VALE,05,Non-landed Properties,2,"2,700",60 - 70,600 - 700,Jul 2021
PARC RIVIERA,WEST COAST VALE,05,Non-landed Properties,1,"2,400",40 - 50,400 - 500,Jul 2021
PARC RIVIERA,WEST COAST VALE,05,Non-landed Properties,1,"1,950",40 - 50,400 - 500,Jul 2021
PARC RIVIERA,WEST COAST VALE,05,Non-landed Properties,2,"2,600",60 - 70,600 - 700,Jul 2021
PARC RIVIERA,WEST COAST VALE,05,Non-landed Properties,2,"2,400",60 - 70,700 - 800,Jul 2021
PARC RIVIERA,WEST COAST VALE,05,Non-landed Properties,2,"2,600",60 - 70,700 - 800,Jul 2021
PARC RIVIERA,WEST COAST VALE,05,Non-landed Properties,2,"2,400",50 - 60,600 - 700,Jul 2021
PARC RIVIERA,WEST COAST VALE,05,Non-landed Properties,2,"2,400",50 - 60,600 - 700,Jul 2021
PARC RIVIERA,WEST COAST VALE,05,Non-landed Properties,1,"2,150",40 - 50,400 - 500,Jul 2021
PARC RIVIERA,WEST COAST VALE,05,Non-landed Properties,2,"2,600",50 - 60,600 - 700,Jul 2021
PARC RIVIERA,WEST COAST VALE,05,Non-landed Properties,4,"3,700",100 - 110,"1,100 - 1,200",Jul 2021
PARC RIVIERA,WEST COAST VALE,05,Non-landed Properties,2,"2,700",60 - 70,700 - 800,Jul 2021
PARC RIVIERA,WEST COAST VALE,05,Non-landed Properties,2,"2,700",60 - 70,600 - 700,Jul 2021
PARC RIVIERA,WEST COAST VALE,05,Non-landed Properties,2,"3,000",60 - 70,600 - 700,Jul 2021
PARC RIVIERA,WEST COAST VALE,05,Non-landed Properties,3,"3,800",80 - 90,"900 - 1,000",Jul 2021
PARC RIVIERA,WEST COAST VALE,05,Non-landed Properties,2,"2,600",60 - 70,700 - 800,Jul 2021
PARC RIVIERA,WEST COAST VALE,05,Non-landed Properties,4,"5,200",110 - 120,"1,100 - 1,200",Jul 2021
PARC RIVIERA,WEST COAST VALE,05,Non-landed Properties,3,"4,380",80 - 90,"900 - 1,000",Jul 2021
PARC RIVIERA,WEST COAST VALE,05,Non-landed Properties,2,"3,000",50 - 60,600 - 700,Jul 2021
PARC RIVIERA,WEST COAST VALE,05,Non-landed Properties,4,"4,000",100 - 110,"1,100 - 1,200",Jul 2021
PARC RIVIERA,WEST COAST VALE,05,Non-landed Properties,1,"2,300",40 - 50,400 - 500,Jul 2021
PARC RIVIERA,WEST COAST VALE,05,Non-landed Properties,3,"4,100",80 - 90,"900 - 1,000",Jul 2021
PARC RIVIERA,WEST COAST VALE,05,Non-landed Properties,2,"3,200",60 - 70,600 - 700,Jul 2021
PARC RIVIERA,WEST COAST VALE,05,Non-landed Properties,4,"5,000",110 - 120,"1,100 - 1,200",Jul 2021
PARC RIVIERA,WEST COAST VALE,05,Non-landed Properties,4,"5,350",110 - 120,"1,100 - 1,200",Jul 2021
PARC RIVIERA,WEST COAST VALE,05,Non-landed Properties,2,"2,400",60 - 70,600 - 700,Jul 2021
PARC RIVIERA,WEST COAST VALE,05,Non-landed Properties,1,"2,250",40 - 50,400 - 500,Aug 2021
PARC RIVIERA,WEST COAST VALE,05,Non-landed Properties,3,"2,950",80 - 90,"900 - 1,000",Aug 2021
PARC RIVIERA,WEST COAST VALE,05,Non-landed Properties,2,"2,350",60 - 70,600 - 700,Aug 2021
PARC RIVIERA,WEST COAST VALE,05,Non-landed Properties,2,"2,800",60 - 70,700 - 800,Aug 2021
PARC RIVIERA,WEST COAST VALE,05,Non-landed Properties,2,"2,300",60 - 70,700 - 800,Aug 2021
PARC RIVIERA,WEST COAST VALE,05,Non-landed Properties,1,"2,250",40 - 50,400 - 500,Aug 2021
PARC RIVIERA,WEST COAST VALE,05,Non-landed Properties,2,"2,400",60 - 70,700 - 800,Aug 2021
PARC RIVIERA,WEST COAST VALE,05,Non-landed Properties,2,"2,450",50 - 60,600 - 700,Aug 2021
PARC RIVIERA,WEST COAST VALE,05,Non-landed Properties,3,"3,200",80 - 90,"900 - 1,000",Aug 2021
PARC RIVIERA,WEST COAST VALE,05,Non-landed Properties,1,"2,150",40 - 50,400 - 500,Aug 2021
PARC RIVIERA,WEST COAST VALE,05,Non-landed Properties,2,"3,000",60 - 70,700 - 800,Aug 2021
PARC RIVIERA,WEST COAST VALE,05,Non-landed Properties,2,"2,600",50 - 60,600 - 700,Aug 2021
PARC RIVIERA,WEST COAST VALE,05,Non-landed Properties,1,"2,000",40 - 50,400 - 500,Aug 2021
PARC RIVIERA,WEST COAST VALE,05,Non-landed Properties,2,"2,800",50 - 60,600 - 700,Aug 2021
PARC RIVIERA,WEST COAST VALE,05,Non-landed Properties,4,"4,300",100 - 110,"1,100 - 1,200",Aug 2021
PARC RIVIERA,WEST COAST VALE,05,Non-landed Properties,3,"4,500",90 - 100,"1,000 - 1,100",Aug 2021
PARC RIVIERA,WEST COAST VALE,05,Non-landed Properties,2,"3,100",60 - 70,700 - 800,Aug 2021
PARC RIVIERA,WEST COAST VALE,05,Non-landed Properties,4,"5,500",110 - 120,"1,100 - 1,200",Jul 2021
PARC RIVIERA,WEST COAST VALE,05,Non-landed Properties,1,"2,700",40 - 50,400 - 500,Aug 2021
PARC RIVIERA,WEST COAST VALE,05,Non-landed Properties,2,"2,300",60 - 70,600 - 700,Aug 2021
PARC RIVIERA,WEST COAST VALE,05,Non-landed Properties,2,"3,300",60 - 70,700 - 800,Aug 2021
PARC RIVIERA,WEST COAST VALE,05,Non-landed Properties,2,"2,400",50 - 60,600 - 700,Sep 2021
PARC RIVIERA,WEST COAST VALE,05,Non-landed Properties,2,"3,000",60 - 70,700 - 800,Sep 2021
PARC RIVIERA,WEST COAST VALE,05,Non-landed Properties,3,"4,000",80 - 90,"900 - 1,000",Sep 2021
PARC RIVIERA,WEST COAST VALE,05,Non-landed Properties,2,"2,500",50 - 60,600 - 700,Sep 2021
PARC RIVIERA,WEST COAST VALE,05,Non-landed Properties,1,"2,400",40 - 50,400 - 500,Sep 2021
PARC RIVIERA,WEST COAST VALE,05,Non-landed Properties,2,"2,800",60 - 70,600 - 700,Sep 2021
PARC RIVIERA,WEST COAST VALE,05,Non-landed Properties,3,"3,100",90 - 100,"1,000 - 1,100",Sep 2021
PARC RIVIERA,WEST COAST VALE,05,Non-landed Properties,2,"2,600",50 - 60,600 - 700,Sep 2021
PARC RIVIERA,WEST COAST VALE,05,Non-landed Properties,2,"2,800",60 - 70,700 - 800,Sep 2021
PARC RIVIERA,WEST COAST VALE,05,Non-landed Properties,2,"2,600",60 - 70,700 - 800,Sep 2021
PARC RIVIERA,WEST COAST VALE,05,Non-landed Properties,1,"2,300",40 - 50,400 - 500,Sep 2021
PARC RIVIERA,WEST COAST VALE,05,Non-landed Properties,1,"2,100",40 - 50,400 - 500,Sep 2021
PARC RIVIERA,WEST COAST VALE,05,Non-landed Properties,4,"5,600",110 - 120,"1,100 - 1,200",Sep 2021
PARC RIVIERA,WEST COAST VALE,05,Non-landed Properties,2,"2,400",60 - 70,600 - 700,Sep 2021
PARC RIVIERA,WEST COAST VALE,05,Non-landed Properties,2,"3,100",90 - 100,"900 - 1,000",Sep 2021
PARC RIVIERA,WEST COAST VALE,05,Non-landed Properties,2,"2,500",50 - 60,600 - 700,Sep 2021
PARC RIVIERA,WEST COAST VALE,05,Non-landed Properties,1,"2,300",40 - 50,400 - 500,Sep 2021
PARC RIVIERA,WEST COAST VALE,05,Non-landed Properties,2,"2,850",60 - 70,600 - 700,Sep 2021
PARC RIVIERA,WEST COAST VALE,05,Non-landed Properties,3,"3,700",90 - 100,"1,000 - 1,100",Sep 2021
PARC RIVIERA,WEST COAST VALE,05,Non-landed Properties,2,"2,800",60 - 70,700 - 800,Aug 2021
PARC RIVIERA,WEST COAST VALE,05,Non-landed Properties,2,"2,750",60 - 70,700 - 800,Sep 2021
PARC RIVIERA,WEST COAST VALE,05,Non-landed Properties,2,"2,700",50 - 60,600 - 700,Sep 2021
PARC RIVIERA,WEST COAST VALE,05,Non-landed Properties,3,"4,500",80 - 90,"900 - 1,000",Sep 2021
PARC RIVIERA,WEST COAST VALE,05,Non-landed Properties,1,"2,100",40 - 50,400 - 500,Sep 2021
PARC RIVIERA,WEST COAST VALE,05,Non-landed Properties,2,"2,600",60 - 70,700 - 800,Sep 2021
PARC RIVIERA,WEST COAST VALE,05,Non-landed Properties,2,"2,800",60 - 70,700 - 800,Oct 2021
PARC RIVIERA,WEST COAST VALE,05,Non-landed Properties,2,"2,450",50 - 60,600 - 700,Oct 2021
PARC RIVIERA,WEST COAST VALE,05,Non-landed Properties,2,"3,150",60 - 70,600 - 700,Oct 2021
PARC RIVIERA,WEST COAST VALE,05,Non-landed Properties,2,"2,900",60 - 70,700 - 800,Oct 2021
PARC RIVIERA,WEST COAST VALE,05,Non-landed Properties,1,"2,300",40 - 50,400 - 500,Oct 2021
PARC RIVIERA,WEST COAST VALE,05,Non-landed Properties,1,"2,300",40 - 50,400 - 500,Oct 2021
PARC RIVIERA,WEST COAST VALE,05,Non-landed Properties,4,"3,850",110 - 120,"1,100 - 1,200",Oct 2021
PARC RIVIERA,WEST COAST VALE,05,Non-landed Properties,2,"2,600",50 - 60,600 - 700,Oct 2021
PARC RIVIERA,WEST COAST VALE,05,Non-landed Properties,1,"2,100",40 - 50,400 - 500,Oct 2021
PARC RIVIERA,WEST COAST VALE,05,Non-landed Properties,1,"2,300",40 - 50,400 - 500,Nov 2021
PARC RIVIERA,WEST COAST VALE,05,Non-landed Properties,1,"2,100",40 - 50,400 - 500,Nov 2021
PARC RIVIERA,WEST COAST VALE,05,Non-landed Properties,1,"2,150",40 - 50,400 - 500,Nov 2021
PARC RIVIERA,WEST COAST VALE,05,Non-landed Properties,2,"2,580",60 - 70,700 - 800,Nov 2021
PARC RIVIERA,WEST COAST VALE,05,Non-landed Properties,3,"3,200",80 - 90,"900 - 1,000",Nov 2021
PARC RIVIERA,WEST COAST VALE,05,Non-landed Properties,1,"2,150",40 - 50,400 - 500,Nov 2021
PARC RIVIERA,WEST COAST VALE,05,Non-landed Properties,3,"3,500",80 - 90,"900 - 1,000",Nov 2021
PARC RIVIERA,WEST COAST VALE,05,Non-landed Properties,1,"2,300",40 - 50,400 - 500,Nov 2021
PARC RIVIERA,WEST COAST VALE,05,Non-landed Properties,1,"2,000",40 - 50,400 - 500,Nov 2021
PARC RIVIERA,WEST COAST VALE,05,Non-landed Properties,1,"2,200",40 - 50,400 - 500,Nov 2021
PARC RIVIERA,WEST COAST VALE,05,Non-landed Properties,2,"2,500",60 - 70,700 - 800,Nov 2021
PARC ROSEWOOD,ROSEWOOD DRIVE,25,Non-landed Properties,2,"1,850",50 - 60,600 - 700,Jan 2021
PARC ROSEWOOD,ROSEWOOD DRIVE,25,Non-landed Properties,1,"1,500",40 - 50,400 - 500,Jan 2021
PARC ROSEWOOD,ROSEWOOD DRIVE,25,Non-landed Properties,2,"1,700",50 - 60,500 - 600,Jan 2021
PARC ROSEWOOD,ROSEWOOD DRIVE,25,Non-landed Properties,1,"1,600",40 - 50,400 - 500,Jan 2021
PARC ROSEWOOD,ROSEWOOD DRIVE,25,Non-landed Properties,1,"1,600",40 - 50,400 - 500,Jan 2021
PARC ROSEWOOD,ROSEWOOD DRIVE,25,Non-landed Properties,1,"1,550",40 - 50,400 - 500,Jan 2021
PARC ROSEWOOD,ROSEWOOD DRIVE,25,Non-landed Properties,2,"1,700",50 - 60,500 - 600,Jan 2021
PARC ROSEWOOD,ROSEWOOD DRIVE,25,Non-landed Properties,2,"2,800",70 - 80,700 - 800,Jan 2021
PARC ROSEWOOD,ROSEWOOD DRIVE,25,Non-landed Properties,2,"1,700",50 - 60,500 - 600,Jan 2021
PARC ROSEWOOD,ROSEWOOD DRIVE,25,Non-landed Properties,1,"1,700",40 - 50,500 - 600,Jan 2021
PARC ROSEWOOD,ROSEWOOD DRIVE,25,Non-landed Properties,1,"1,500",40 - 50,500 - 600,Jan 2021
PARC ROSEWOOD,ROSEWOOD DRIVE,25,Non-landed Properties,1,"1,650",40 - 50,400 - 500,Jan 2021
PARC ROSEWOOD,ROSEWOOD DRIVE,25,Non-landed Properties,1,"1,600",40 - 50,400 - 500,Jan 2021
PARC ROSEWOOD,ROSEWOOD DRIVE,25,Non-landed Properties,1,"1,600",40 - 50,400 - 500,Jan 2021
PARC ROSEWOOD,ROSEWOOD DRIVE,25,Non-landed Properties,2,"1,850",50 - 60,500 - 600,Feb 2021
PARC ROSEWOOD,ROSEWOOD DRIVE,25,Non-landed Properties,1,"1,450",40 - 50,400 - 500,Feb 2021
PARC ROSEWOOD,ROSEWOOD DRIVE,25,Non-landed Properties,1,"1,900",40 - 50,500 - 600,Feb 2021
PARC ROSEWOOD,ROSEWOOD DRIVE,25,Non-landed Properties,1,"1,450",40 - 50,400 - 500,Feb 2021
PARC ROSEWOOD,ROSEWOOD DRIVE,25,Non-landed Properties,1,"1,800",40 - 50,500 - 600,Feb 2021
PARC ROSEWOOD,ROSEWOOD DRIVE,25,Non-landed Properties,3,"2,400",70 - 80,800 - 900,Feb 2021
PARC ROSEWOOD,ROSEWOOD DRIVE,25,Non-landed Properties,1,"1,600",40 - 50,400 - 500,Jan 2021
PARC ROSEWOOD,ROSEWOOD DRIVE,25,Non-landed Properties,1,"1,500",40 - 50,400 - 500,Feb 2021
PARC ROSEWOOD,ROSEWOOD DRIVE,25,Non-landed Properties,3,"2,250",90 - 100,"900 - 1,000",Feb 2021
PARC ROSEWOOD,ROSEWOOD DRIVE,25,Non-landed Properties,1,"1,900",40 - 50,400 - 500,Feb 2021
PARC ROSEWOOD,ROSEWOOD DRIVE,25,Non-landed Properties,1,"1,800",40 - 50,500 - 600,Feb 2021
PARC ROSEWOOD,ROSEWOOD DRIVE,25,Non-landed Properties,1,"1,700",40 - 50,400 - 500,Feb 2021
PARC ROSEWOOD,ROSEWOOD DRIVE,25,Non-landed Properties,1,"1,600",40 - 50,400 - 500,Feb 2021
PARC ROSEWOOD,ROSEWOOD DRIVE,25,Non-landed Properties,1,"1,800",40 - 50,500 - 600,Feb 2021
PARC ROSEWOOD,ROSEWOOD DRIVE,25,Non-landed Properties,2,"2,100",70 - 80,800 - 900,Feb 2021
PARC ROSEWOOD,ROSEWOOD DRIVE,25,Non-landed Properties,1,"1,500",40 - 50,400 - 500,Mar 2021
PARC ROSEWOOD,ROSEWOOD DRIVE,25,Non-landed Properties,1,"1,500",40 - 50,400 - 500,Mar 2021
PARC ROSEWOOD,ROSEWOOD DRIVE,25,Non-landed Properties,2,"2,200",50 - 60,500 - 600,Mar 2021
PARC ROSEWOOD,ROSEWOOD DRIVE,25,Non-landed Properties,2,"1,900",50 - 60,500 - 600,Mar 2021
PARC ROSEWOOD,ROSEWOOD DRIVE,25,Non-landed Properties,1,"1,600",40 - 50,400 - 500,Mar 2021
PARC ROSEWOOD,ROSEWOOD DRIVE,25,Non-landed Properties,2,"1,700",50 - 60,500 - 600,Mar 2021
PARC ROSEWOOD,ROSEWOOD DRIVE,25,Non-landed Properties,2,"2,200",50 - 60,500 - 600,Mar 2021
PARC ROSEWOOD,ROSEWOOD DRIVE,25,Non-landed Properties,1,"1,650",40 - 50,400 - 500,Mar 2021
PARC ROSEWOOD,ROSEWOOD DRIVE,25,Non-landed Properties,1,"1,800",40 - 50,500 - 600,Mar 2021
PARC ROSEWOOD,ROSEWOOD DRIVE,25,Non-landed Properties,1,"1,600",40 - 50,500 - 600,Mar 2021
PARC ROSEWOOD,ROSEWOOD DRIVE,25,Non-landed Properties,3,"2,600",70 - 80,800 - 900,Mar 2021
PARC ROSEWOOD,ROSEWOOD DRIVE,25,Non-landed Properties,2,"1,700",50 - 60,600 - 700,Jan 2021
PARC ROSEWOOD,ROSEWOOD DRIVE,25,Non-landed Properties,1,"1,650",40 - 50,400 - 500,Feb 2021
PARC ROSEWOOD,ROSEWOOD DRIVE,25,Non-landed Properties,1,"1,550",40 - 50,500 - 600,Mar 2021
PARC ROSEWOOD,ROSEWOOD DRIVE,25,Non-landed Properties,1,"1,600",40 - 50,400 - 500,Mar 2021
PARC ROSEWOOD,ROSEWOOD DRIVE,25,Non-landed Properties,1,"1,430",40 - 50,400 - 500,Feb 2021
PARC ROSEWOOD,ROSEWOOD DRIVE,25,Non-landed Properties,1,"1,500",40 - 50,400 - 500,Mar 2021
PARC ROSEWOOD,ROSEWOOD DRIVE,25,Non-landed Properties,2,"1,880",50 - 60,600 - 700,Mar 2021
PARC ROSEWOOD,ROSEWOOD DRIVE,25,Non-landed Properties,1,"1,500",40 - 50,400 - 500,Mar 2021
PARC ROSEWOOD,ROSEWOOD DRIVE,25,Non-landed Properties,1,"1,650",40 - 50,400 - 500,Mar 2021
PARC ROSEWOOD,ROSEWOOD DRIVE,25,Non-landed Properties,1,"1,650",40 - 50,400 - 500,Mar 2021
PARC ROSEWOOD,ROSEWOOD DRIVE,25,Non-landed Properties,3,"2,150",70 - 80,800 - 900,Apr 2021
PARC ROSEWOOD,ROSEWOOD DRIVE,25,Non-landed Properties,2,"2,650",110 - 120,"1,200 - 1,300",Apr 2021
PARC ROSEWOOD,ROSEWOOD DRIVE,25,Non-landed Properties,1,"1,650",40 - 50,400 - 500,Apr 2021
PARC ROSEWOOD,ROSEWOOD DRIVE,25,Non-landed Properties,2,"2,100",50 - 60,500 - 600,Apr 2021
PARC ROSEWOOD,ROSEWOOD DRIVE,25,Non-landed Properties,1,"1,650",40 - 50,400 - 500,Apr 2021
PARC ROSEWOOD,ROSEWOOD DRIVE,25,Non-landed Properties,3,"2,400",90 - 100,"900 - 1,000",Apr 2021
PARC ROSEWOOD,ROSEWOOD DRIVE,25,Non-landed Properties,1,"1,800",40 - 50,400 - 500,Apr 2021
PARC ROSEWOOD,ROSEWOOD DRIVE,25,Non-landed Properties,1,"1,650",40 - 50,400 - 500,Mar 2021
PARC ROSEWOOD,ROSEWOOD DRIVE,25,Non-landed Properties,3,"2,000",70 - 80,800 - 900,Mar 2021
PARC ROSEWOOD,ROSEWOOD DRIVE,25,Non-landed Properties,1,"1,500",40 - 50,400 - 500,Mar 2021
PARC ROSEWOOD,ROSEWOOD DRIVE,25,Non-landed Properties,1,"1,500",40 - 50,400 - 500,Apr 2021
PARC ROSEWOOD,ROSEWOOD DRIVE,25,Non-landed Properties,1,"1,900",40 - 50,400 - 500,Apr 2021
PARC ROSEWOOD,ROSEWOOD DRIVE,25,Non-landed Properties,2,"1,900",70 - 80,700 - 800,Apr 2021
PARC ROSEWOOD,ROSEWOOD DRIVE,25,Non-landed Properties,2,"2,450",50 - 60,600 - 700,Apr 2021
PARC ROSEWOOD,ROSEWOOD DRIVE,25,Non-landed Properties,1,"1,600",40 - 50,400 - 500,May 2021
PARC ROSEWOOD,ROSEWOOD DRIVE,25,Non-landed Properties,1,"1,800",40 - 50,500 - 600,May 2021
PARC ROSEWOOD,ROSEWOOD DRIVE,25,Non-landed Properties,2,"2,000",50 - 60,600 - 700,May 2021
PARC ROSEWOOD,ROSEWOOD DRIVE,25,Non-landed Properties,1,"1,530",40 - 50,400 - 500,May 2021
PARC ROSEWOOD,ROSEWOOD DRIVE,25,Non-landed Properties,1,"1,850",40 - 50,400 - 500,May 2021
PARC ROSEWOOD,ROSEWOOD DRIVE,25,Non-landed Properties,2,"1,850",50 - 60,500 - 600,May 2021
PARC ROSEWOOD,ROSEWOOD DRIVE,25,Non-landed Properties,1,"1,700",40 - 50,400 - 500,May 2021
PARC ROSEWOOD,ROSEWOOD DRIVE,25,Non-landed Properties,1,"1,800",40 - 50,400 - 500,May 2021
PARC ROSEWOOD,ROSEWOOD DRIVE,25,Non-landed Properties,2,"2,300",60 - 70,700 - 800,May 2021
PARC ROSEWOOD,ROSEWOOD DRIVE,25,Non-landed Properties,1,"1,900",40 - 50,500 - 600,May 2021
PARC ROSEWOOD,ROSEWOOD DRIVE,25,Non-landed Properties,1,"1,550",40 - 50,400 - 500,May 2021
PARC ROSEWOOD,ROSEWOOD DRIVE,25,Non-landed Properties,1,"2,100",40 - 50,500 - 600,May 2021
PARC ROSEWOOD,ROSEWOOD DRIVE,25,Non-landed Properties,1,"1,450",40 - 50,400 - 500,May 2021
PARC ROSEWOOD,ROSEWOOD DRIVE,25,Non-landed Properties,2,"2,000",50 - 60,600 - 700,May 2021
PARC ROSEWOOD,ROSEWOOD DRIVE,25,Non-landed Properties,1,"2,000",40 - 50,400 - 500,May 2021
PARC ROSEWOOD,ROSEWOOD DRIVE,25,Non-landed Properties,1,"2,000",40 - 50,500 - 600,May 2021
PARC ROSEWOOD,ROSEWOOD DRIVE,25,Non-landed Properties,1,"1,500",40 - 50,400 - 500,Jun 2021
PARC ROSEWOOD,ROSEWOOD DRIVE,25,Non-landed Properties,1,"1,600",40 - 50,400 - 500,Jun 2021
PARC ROSEWOOD,ROSEWOOD DRIVE,25,Non-landed Properties,1,"1,500",40 - 50,400 - 500,Jun 2021
PARC ROSEWOOD,ROSEWOOD DRIVE,25,Non-landed Properties,1,"1,500",40 - 50,400 - 500,Jun 2021
PARC ROSEWOOD,ROSEWOOD DRIVE,25,Non-landed Properties,1,"1,700",40 - 50,400 - 500,Jun 2021
PARC ROSEWOOD,ROSEWOOD DRIVE,25,Non-landed Properties,1,"1,500",40 - 50,400 - 500,Jun 2021
PARC ROSEWOOD,ROSEWOOD DRIVE,25,Non-landed Properties,1,"1,500",40 - 50,400 - 500,Jun 2021
PARC ROSEWOOD,ROSEWOOD DRIVE,25,Non-landed Properties,1,"1,700",40 - 50,400 - 500,Jun 2021
PARC ROSEWOOD,ROSEWOOD DRIVE,25,Non-landed Properties,2,"2,100",50 - 60,500 - 600,Jun 2021
PARC ROSEWOOD,ROSEWOOD DRIVE,25,Non-landed Properties,2,"2,450",110 - 120,"1,200 - 1,300",Jun 2021
PARC ROSEWOOD,ROSEWOOD DRIVE,25,Non-landed Properties,2,"2,100",50 - 60,500 - 600,Jun 2021
PARC ROSEWOOD,ROSEWOOD DRIVE,25,Non-landed Properties,1,"1,600",40 - 50,400 - 500,Jun 2021
PARC ROSEWOOD,ROSEWOOD DRIVE,25,Non-landed Properties,1,"1,500",40 - 50,400 - 500,Jun 2021
PARC ROSEWOOD,ROSEWOOD DRIVE,25,Non-landed Properties,1,"2,000",40 - 50,500 - 600,Jun 2021
PARC ROSEWOOD,ROSEWOOD DRIVE,25,Non-landed Properties,1,"1,650",40 - 50,500 - 600,Jun 2021
PARC ROSEWOOD,ROSEWOOD DRIVE,25,Non-landed Properties,1,"1,900",40 - 50,400 - 500,Jun 2021
PARC ROSEWOOD,ROSEWOOD DRIVE,25,Non-landed Properties,1,"1,580",40 - 50,400 - 500,Jun 2021
PARC ROSEWOOD,ROSEWOOD DRIVE,25,Non-landed Properties,1,"1,700",40 - 50,400 - 500,Jun 2021
PARC ROSEWOOD,ROSEWOOD DRIVE,25,Non-landed Properties,1,"2,000",40 - 50,400 - 500,Jun 2021
PARC ROSEWOOD,ROSEWOOD DRIVE,25,Non-landed Properties,1,"2,000",50 - 60,500 - 600,Jun 2021
PARC ROSEWOOD,ROSEWOOD DRIVE,25,Non-landed Properties,1,"1,600",40 - 50,400 - 500,Jul 2021
PARC ROSEWOOD,ROSEWOOD DRIVE,25,Non-landed Properties,2,"1,900",50 - 60,600 - 700,Jul 2021
PARC ROSEWOOD,ROSEWOOD DRIVE,25,Non-landed Properties,3,"2,900",70 - 80,800 - 900,Jul 2021
PARC ROSEWOOD,ROSEWOOD DRIVE,25,Non-landed Properties,1,"1,800",40 - 50,400 - 500,Jul 2021
PARC ROSEWOOD,ROSEWOOD DRIVE,25,Non-landed Properties,5,"4,300",200 - 210,"2,200 - 2,300",Jul 2021
PARC ROSEWOOD,ROSEWOOD DRIVE,25,Non-landed Properties,2,"2,200",50 - 60,600 - 700,Jul 2021
PARC ROSEWOOD,ROSEWOOD DRIVE,25,Non-landed Properties,1,"1,700",40 - 50,400 - 500,Jul 2021
PARC ROSEWOOD,ROSEWOOD DRIVE,25,Non-landed Properties,1,"1,650",40 - 50,400 - 500,Jul 2021
PARC ROSEWOOD,ROSEWOOD DRIVE,25,Non-landed Properties,1,"1,600",40 - 50,500 - 600,Jul 2021
PARC ROSEWOOD,ROSEWOOD DRIVE,25,Non-landed Properties,1,"1,800",40 - 50,400 - 500,Jul 2021
PARC ROSEWOOD,ROSEWOOD DRIVE,25,Non-landed Properties,2,"2,000",50 - 60,500 - 600,Jul 2021
PARC ROSEWOOD,ROSEWOOD DRIVE,25,Non-landed Properties,2,"2,030",70 - 80,700 - 800,Jul 2021
PARC ROSEWOOD,ROSEWOOD DRIVE,25,Non-landed Properties,1,"1,700",40 - 50,400 - 500,Jul 2021
PARC ROSEWOOD,ROSEWOOD DRIVE,25,Non-landed Properties,1,"1,500",40 - 50,400 - 500,Jul 2021
PARC ROSEWOOD,ROSEWOOD DRIVE,25,Non-landed Properties,1,"2,100",40 - 50,500 - 600,Jul 2021
PARC ROSEWOOD,ROSEWOOD DRIVE,25,Non-landed Properties,2,"2,250",50 - 60,500 - 600,Jul 2021
PARC ROSEWOOD,ROSEWOOD DRIVE,25,Non-landed Properties,2,"1,900",50 - 60,600 - 700,Jul 2021
PARC ROSEWOOD,ROSEWOOD DRIVE,25,Non-landed Properties,1,"1,650",40 - 50,500 - 600,Jul 2021
PARC ROSEWOOD,ROSEWOOD DRIVE,25,Non-landed Properties,1,"1,500",40 - 50,400 - 500,Jul 2021
PARC ROSEWOOD,ROSEWOOD DRIVE,25,Non-landed Properties,1,"2,000",40 - 50,400 - 500,Jun 2021
PARC ROSEWOOD,ROSEWOOD DRIVE,25,Non-landed Properties,1,"1,600",40 - 50,400 - 500,Jul 2021
PARC ROSEWOOD,ROSEWOOD DRIVE,25,Non-landed Properties,2,"2,000",50 - 60,500 - 600,Jul 2021
PARC ROSEWOOD,ROSEWOOD DRIVE,25,Non-landed Properties,1,"1,900",40 - 50,400 - 500,Jul 2021
PARC ROSEWOOD,ROSEWOOD DRIVE,25,Non-landed Properties,2,"1,700",50 - 60,600 - 700,Jun 2021
PARC ROSEWOOD,ROSEWOOD DRIVE,25,Non-landed Properties,1,"2,000",50 - 60,500 - 600,Aug 2021
PARC ROSEWOOD,ROSEWOOD DRIVE,25,Non-landed Properties,1,"1,700",40 - 50,500 - 600,Aug 2021
PARC ROSEWOOD,ROSEWOOD DRIVE,25,Non-landed Properties,2,"2,100",50 - 60,500 - 600,Aug 2021
PARC ROSEWOOD,ROSEWOOD DRIVE,25,Non-landed Properties,1,"1,900",40 - 50,400 - 500,Aug 2021
PARC ROSEWOOD,ROSEWOOD DRIVE,25,Non-landed Properties,2,"2,000",50 - 60,500 - 600,Aug 2021
PARC ROSEWOOD,ROSEWOOD DRIVE,25,Non-landed Properties,1,"1,700",40 - 50,400 - 500,Aug 2021
PARC ROSEWOOD,ROSEWOOD DRIVE,25,Non-landed Properties,1,"1,900",40 - 50,400 - 500,Aug 2021
PARC ROSEWOOD,ROSEWOOD DRIVE,25,Non-landed Properties,3,"2,200",70 - 80,800 - 900,Aug 2021
PARC ROSEWOOD,ROSEWOOD DRIVE,25,Non-landed Properties,2,"2,400",50 - 60,500 - 600,Aug 2021
PARC ROSEWOOD,ROSEWOOD DRIVE,25,Non-landed Properties,1,"1,800",40 - 50,400 - 500,Aug 2021
PARC ROSEWOOD,ROSEWOOD DRIVE,25,Non-landed Properties,2,"1,800",50 - 60,600 - 700,Aug 2021
PARC ROSEWOOD,ROSEWOOD DRIVE,25,Non-landed Properties,1,"1,950",40 - 50,500 - 600,Aug 2021
PARC ROSEWOOD,ROSEWOOD DRIVE,25,Non-landed Properties,1,"1,900",40 - 50,400 - 500,Aug 2021
PARC ROSEWOOD,ROSEWOOD DRIVE,25,Non-landed Properties,2,"2,300",50 - 60,600 - 700,Aug 2021
PARC ROSEWOOD,ROSEWOOD DRIVE,25,Non-landed Properties,1,"2,000",40 - 50,400 - 500,Aug 2021
PARC ROSEWOOD,ROSEWOOD DRIVE,25,Non-landed Properties,1,"2,100",40 - 50,400 - 500,Aug 2021
PARC ROSEWOOD,ROSEWOOD DRIVE,25,Non-landed Properties,1,"1,600",40 - 50,400 - 500,Aug 2021
PARC ROSEWOOD,ROSEWOOD DRIVE,25,Non-landed Properties,2,"2,000",50 - 60,600 - 700,Aug 2021
PARC ROSEWOOD,ROSEWOOD DRIVE,25,Non-landed Properties,2,"2,350",50 - 60,600 - 700,Aug 2021
PARC ROSEWOOD,ROSEWOOD DRIVE,25,Non-landed Properties,2,"2,200",70 - 80,700 - 800,Sep 2021
PARC ROSEWOOD,ROSEWOOD DRIVE,25,Non-landed Properties,1,"1,900",40 - 50,500 - 600,Sep 2021
PARC ROSEWOOD,ROSEWOOD DRIVE,25,Non-landed Properties,1,"1,500",40 - 50,400 - 500,Sep 2021
PARC ROSEWOOD,ROSEWOOD DRIVE,25,Non-landed Properties,1,"1,500",40 - 50,400 - 500,Sep 2021
PARC ROSEWOOD,ROSEWOOD DRIVE,25,Non-landed Properties,2,"1,700",50 - 60,500 - 600,Sep 2021
PARC ROSEWOOD,ROSEWOOD DRIVE,25,Non-landed Properties,1,"1,650",40 - 50,400 - 500,Sep 2021
PARC ROSEWOOD,ROSEWOOD DRIVE,25,Non-landed Properties,1,"1,500",40 - 50,400 - 500,Sep 2021
PARC ROSEWOOD,ROSEWOOD DRIVE,25,Non-landed Properties,1,"1,850",40 - 50,400 - 500,Sep 2021
PARC ROSEWOOD,ROSEWOOD DRIVE,25,Non-landed Properties,1,"2,100",40 - 50,400 - 500,Aug 2021
PARC ROSEWOOD,ROSEWOOD DRIVE,25,Non-landed Properties,2,"2,350",50 - 60,600 - 700,Sep 2021
PARC ROSEWOOD,ROSEWOOD DRIVE,25,Non-landed Properties,1,"1,900",40 - 50,400 - 500,Sep 2021
PARC ROSEWOOD,ROSEWOOD DRIVE,25,Non-landed Properties,1,"1,900",40 - 50,400 - 500,Sep 2021
PARC ROSEWOOD,ROSEWOOD DRIVE,25,Non-landed Properties,1,"2,200",40 - 50,500 - 600,Sep 2021
PARC ROSEWOOD,ROSEWOOD DRIVE,25,Non-landed Properties,1,"1,850",40 - 50,400 - 500,Sep 2021
PARC ROSEWOOD,ROSEWOOD DRIVE,25,Non-landed Properties,2,"2,350",50 - 60,600 - 700,Aug 2021
PARC ROSEWOOD,ROSEWOOD DRIVE,25,Non-landed Properties,1,"1,900",40 - 50,500 - 600,Sep 2021
PARC ROSEWOOD,ROSEWOOD DRIVE,25,Non-landed Properties,1,"1,550",40 - 50,400 - 500,Oct 2021
PARC ROSEWOOD,ROSEWOOD DRIVE,25,Non-landed Properties,1,"1,800",40 - 50,400 - 500,Oct 2021
PARC ROSEWOOD,ROSEWOOD DRIVE,25,Non-landed Properties,1,"1,425",50 - 60,500 - 600,Oct 2021
PARC ROSEWOOD,ROSEWOOD DRIVE,25,Non-landed Properties,1,"1,900",40 - 50,400 - 500,Oct 2021
PARC ROSEWOOD,ROSEWOOD DRIVE,25,Non-landed Properties,1,"1,650",40 - 50,400 - 500,Oct 2021
PARC ROSEWOOD,ROSEWOOD DRIVE,25,Non-landed Properties,2,"2,400",50 - 60,600 - 700,Oct 2021
PARC ROSEWOOD,ROSEWOOD DRIVE,25,Non-landed Properties,3,"2,500",70 - 80,800 - 900,Oct 2021
PARC ROSEWOOD,ROSEWOOD DRIVE,25,Non-landed Properties,1,"1,550",40 - 50,400 - 500,Oct 2021
PARC ROSEWOOD,ROSEWOOD DRIVE,25,Non-landed Properties,1,"2,000",40 - 50,500 - 600,Oct 2021
PARC ROSEWOOD,ROSEWOOD DRIVE,25,Non-landed Properties,1,"1,900",40 - 50,400 - 500,Oct 2021
PARC ROSEWOOD,ROSEWOOD DRIVE,25,Non-landed Properties,3,"2,200",70 - 80,800 - 900,Sep 2021
PARC ROSEWOOD,ROSEWOOD DRIVE,25,Non-landed Properties,2,"2,500",70 - 80,700 - 800,Oct 2021
PARC ROSEWOOD,ROSEWOOD DRIVE,25,Non-landed Properties,2,"2,600",50 - 60,500 - 600,Oct 2021
PARC ROSEWOOD,ROSEWOOD DRIVE,25,Non-landed Properties,3,"2,300",70 - 80,800 - 900,Oct 2021
PARC ROSEWOOD,ROSEWOOD DRIVE,25,Non-landed Properties,1,"1,500",40 - 50,400 - 500,Oct 2021
PARC ROSEWOOD,ROSEWOOD DRIVE,25,Non-landed Properties,2,"2,600",50 - 60,600 - 700,Oct 2021
PARC ROSEWOOD,ROSEWOOD DRIVE,25,Non-landed Properties,1,"1,900",40 - 50,400 - 500,Nov 2021
PARC ROSEWOOD,ROSEWOOD DRIVE,25,Non-landed Properties,1,"1,750",40 - 50,500 - 600,Nov 2021
PARC ROSEWOOD,ROSEWOOD DRIVE,25,Non-landed Properties,1,"1,500",40 - 50,500 - 600,Nov 2021
PARC ROSEWOOD,ROSEWOOD DRIVE,25,Non-landed Properties,2,"2,850",50 - 60,500 - 600,Nov 2021
PARC ROSEWOOD,ROSEWOOD DRIVE,25,Non-landed Properties,1,"1,600",40 - 50,400 - 500,Nov 2021
PARC ROSEWOOD,ROSEWOOD DRIVE,25,Non-landed Properties,2,"1,900",50 - 60,600 - 700,Nov 2021
PARC ROSEWOOD,ROSEWOOD DRIVE,25,Non-landed Properties,2,"2,000",50 - 60,600 - 700,Nov 2021
PARC ROSEWOOD,ROSEWOOD DRIVE,25,Non-landed Properties,1,"1,950",40 - 50,400 - 500,Nov 2021
PARC ROSEWOOD,ROSEWOOD DRIVE,25,Non-landed Properties,1,"1,950",40 - 50,400 - 500,Nov 2021
PARC ROSEWOOD,ROSEWOOD DRIVE,25,Non-landed Properties,1,"1,900",40 - 50,400 - 500,Nov 2021
PARC ROSEWOOD,ROSEWOOD DRIVE,25,Non-landed Properties,2,"1,900",50 - 60,500 - 600,Nov 2021
PARC ROSEWOOD,ROSEWOOD DRIVE,25,Non-landed Properties,1,"1,900",40 - 50,400 - 500,Nov 2021
PARC ROSEWOOD,ROSEWOOD DRIVE,25,Non-landed Properties,1,"2,450",40 - 50,500 - 600,Nov 2021
PARC ROSEWOOD,ROSEWOOD DRIVE,25,Non-landed Properties,1,"1,550",40 - 50,400 - 500,Nov 2021
PARC ROSEWOOD,ROSEWOOD DRIVE,25,Non-landed Properties,1,"1,700",40 - 50,400 - 500,Nov 2021
PARC ROSEWOOD,ROSEWOOD DRIVE,25,Non-landed Properties,2,"2,600",50 - 60,600 - 700,Nov 2021
PARC SEABREEZE,JOO CHIAT ROAD,15,Non-landed Properties,3,"3,600",120 - 130,"1,300 - 1,400",Jan 2021
PARC SEABREEZE,JOO CHIAT ROAD,15,Non-landed Properties,3,"4,100",120 - 130,"1,200 - 1,300",Jan 2021
PARC SEABREEZE,JOO CHIAT ROAD,15,Non-landed Properties,3,"4,000",120 - 130,"1,200 - 1,300",Jan 2021
PARC SEABREEZE,JOO CHIAT ROAD,15,Non-landed Properties,3,"4,200",120 - 130,"1,300 - 1,400",Feb 2021
PARC SEABREEZE,JOO CHIAT ROAD,15,Non-landed Properties,3,"4,000",120 - 130,"1,200 - 1,300",Feb 2021
PARC SEABREEZE,JOO CHIAT ROAD,15,Non-landed Properties,4,"5,200",140 - 150,"1,500 - 1,600",Mar 2021
PARC SEABREEZE,JOO CHIAT ROAD,15,Non-landed Properties,3,"4,250",120 - 130,"1,300 - 1,400",Mar 2021
PARC SEABREEZE,JOO CHIAT ROAD,15,Non-landed Properties,3,"4,800",120 - 130,"1,300 - 1,400",Mar 2021
PARC SEABREEZE,JOO CHIAT ROAD,15,Non-landed Properties,3,"7,000",230 - 240,"2,500 - 2,600",Apr 2021
PARC SEABREEZE,JOO CHIAT ROAD,15,Non-landed Properties,4,"5,400",140 - 150,"1,500 - 1,600",Apr 2021
PARC SEABREEZE,JOO CHIAT ROAD,15,Non-landed Properties,3,"4,600",120 - 130,"1,200 - 1,300",Jun 2021
PARC SEABREEZE,JOO CHIAT ROAD,15,Non-landed Properties,4,"5,900",150 - 160,"1,600 - 1,700",Jun 2021
PARC SEABREEZE,JOO CHIAT ROAD,15,Non-landed Properties,3,"7,500",230 - 240,"2,500 - 2,600",Jul 2021
PARC SEABREEZE,JOO CHIAT ROAD,15,Non-landed Properties,4,"4,000",150 - 160,"1,600 - 1,700",Jul 2021
PARC SEABREEZE,JOO CHIAT ROAD,15,Non-landed Properties,3,"4,800",120 - 130,"1,200 - 1,300",Jul 2021
PARC SEABREEZE,JOO CHIAT ROAD,15,Non-landed Properties,3,"4,000",120 - 130,"1,300 - 1,400",Aug 2021
PARC SEABREEZE,JOO CHIAT ROAD,15,Non-landed Properties,4,"5,800",150 - 160,"1,600 - 1,700",Aug 2021
PARC SEABREEZE,JOO CHIAT ROAD,15,Non-landed Properties,3,"4,150",120 - 130,"1,300 - 1,400",Aug 2021
PARC SEABREEZE,JOO CHIAT ROAD,15,Non-landed Properties,4,"5,500",140 - 150,"1,500 - 1,600",Oct 2021
PARC SEABREEZE,JOO CHIAT ROAD,15,Non-landed Properties,4,"5,900",150 - 160,"1,600 - 1,700",Nov 2021
PARC SEABREEZE,JOO CHIAT ROAD,15,Non-landed Properties,3,"4,600",120 - 130,"1,200 - 1,300",Nov 2021
PARC SEABREEZE,JOO CHIAT ROAD,15,Non-landed Properties,3,"4,100",120 - 130,"1,200 - 1,300",Nov 2021
PARC SEABREEZE,JOO CHIAT ROAD,15,Non-landed Properties,3,"4,600",120 - 130,"1,300 - 1,400",Nov 2021
PARC SOMME,SOMME ROAD,08,Non-landed Properties,1,"1,850",30 - 40,300 - 400,Jan 2021
PARC SOMME,SOMME ROAD,08,Non-landed Properties,1,"1,800",30 - 40,300 - 400,Feb 2021
PARC SOMME,SOMME ROAD,08,Non-landed Properties,1,"2,000",40 - 50,400 - 500,Feb 2021
PARC SOMME,SOMME ROAD,08,Non-landed Properties,2,"2,850",100 - 110,"1,000 - 1,100",Mar 2021
PARC SOMME,SOMME ROAD,08,Non-landed Properties,1,"1,900",30 - 40,300 - 400,May 2021
PARC SOMME,SOMME ROAD,08,Non-landed Properties,2,"2,000",60 - 70,600 - 700,Jun 2021
PARC SOMME,SOMME ROAD,08,Non-landed Properties,1,"2,300",30 - 40,300 - 400,Jun 2021
PARC SOMME,SOMME ROAD,08,Non-landed Properties,1,"1,980",30 - 40,300 - 400,Jun 2021
PARC SOMME,SOMME ROAD,08,Non-landed Properties,1,"2,000",30 - 40,300 - 400,Jul 2021
PARC SOMME,SOMME ROAD,08,Non-landed Properties,2,"2,500",50 - 60,600 - 700,Sep 2021
PARC SOMME,SOMME ROAD,08,Non-landed Properties,2,"2,600",50 - 60,500 - 600,Oct 2021
PARC SOMME,SOMME ROAD,08,Non-landed Properties,1,"2,400",30 - 40,300 - 400,Nov 2021
PARC SOPHIA,ADIS ROAD,09,Non-landed Properties,1,"2,300",50 - 60,600 - 700,Jan 2021
PARC SOPHIA,ADIS ROAD,09,Non-landed Properties,1,"2,500",70 - 80,800 - 900,Jan 2021
PARC SOPHIA,ADIS ROAD,09,Non-landed Properties,1,"2,100",50 - 60,500 - 600,Jan 2021
PARC SOPHIA,ADIS ROAD,09,Non-landed Properties,1,"2,050",40 - 50,400 - 500,Jan 2021
PARC SOPHIA,ADIS ROAD,09,Non-landed Properties,1,"2,200",50 - 60,500 - 600,Jan 2021
PARC SOPHIA,ADIS ROAD,09,Non-landed Properties,1,"2,400",50 - 60,600 - 700,Jan 2021
PARC SOPHIA,ADIS ROAD,09,Non-landed Properties,1,"2,360",40 - 50,400 - 500,Jan 2021
PARC SOPHIA,ADIS ROAD,09,Non-landed Properties,1,"2,600",40 - 50,400 - 500,Jan 2021
PARC SOPHIA,ADIS ROAD,09,Non-landed Properties,1,"2,700",50 - 60,600 - 700,Jan 2021
PARC SOPHIA,ADIS ROAD,09,Non-landed Properties,1,"2,200",40 - 50,400 - 500,Jan 2021
PARC SOPHIA,ADIS ROAD,09,Non-landed Properties,1,"2,300",60 - 70,600 - 700,Feb 2021
PARC SOPHIA,ADIS ROAD,09,Non-landed Properties,2,"2,800",60 - 70,700 - 800,Feb 2021
PARC SOPHIA,ADIS ROAD,09,Non-landed Properties,1,"2,500",60 - 70,600 - 700,Jan 2021
PARC SOPHIA,ADIS ROAD,09,Non-landed Properties,2,"2,800",60 - 70,700 - 800,Feb 2021
PARC SOPHIA,ADIS ROAD,09,Non-landed Properties,1,"2,500",60 - 70,600 - 700,Jan 2021
PARC SOPHIA,ADIS ROAD,09,Non-landed Properties,2,"2,800",60 - 70,700 - 800,Feb 2021
PARC SOPHIA,ADIS ROAD,09,Non-landed Properties,1,"2,650",60 - 70,600 - 700,Feb 2021
PARC SOPHIA,ADIS ROAD,09,Non-landed Properties,1,"2,300",50 - 60,600 - 700,Feb 2021
PARC SOPHIA,ADIS ROAD,09,Non-landed Properties,1,"2,200",50 - 60,500 - 600,Feb 2021
PARC SOPHIA,ADIS ROAD,09,Non-landed Properties,1,"2,900",60 - 70,600 - 700,Feb 2021
PARC SOPHIA,ADIS ROAD,09,Non-landed Properties,1,"2,200",40 - 50,400 - 500,Jan 2021
PARC SOPHIA,ADIS ROAD,09,Non-landed Properties,1,"2,300",60 - 70,600 - 700,Mar 2021
PARC SOPHIA,ADIS ROAD,09,Non-landed Properties,1,"2,350",40 - 50,400 - 500,Mar 2021
PARC SOPHIA,ADIS ROAD,09,Non-landed Properties,1,"2,800",60 - 70,600 - 700,Mar 2021
PARC SOPHIA,ADIS ROAD,09,Non-landed Properties,1,"2,300",40 - 50,400 - 500,Mar 2021
PARC SOPHIA,ADIS ROAD,09,Non-landed Properties,1,"2,400",60 - 70,600 - 700,Mar 2021
PARC SOPHIA,ADIS ROAD,09,Non-landed Properties,1,"2,500",60 - 70,600 - 700,Mar 2021
PARC SOPHIA,ADIS ROAD,09,Non-landed Properties,1,"2,700",50 - 60,500 - 600,Mar 2021
PARC SOPHIA,ADIS ROAD,09,Non-landed Properties,1,"2,800",60 - 70,600 - 700,Mar 2021
PARC SOPHIA,ADIS ROAD,09,Non-landed Properties,1,"2,600",60 - 70,600 - 700,Mar 2021
PARC SOPHIA,ADIS ROAD,09,Non-landed Properties,1,"2,800",50 - 60,600 - 700,Feb 2021
PARC SOPHIA,ADIS ROAD,09,Non-landed Properties,1,"2,400",40 - 50,400 - 500,Feb 2021
PARC SOPHIA,ADIS ROAD,09,Non-landed Properties,1,"2,400",40 - 50,400 - 500,Apr 2021
PARC SOPHIA,ADIS ROAD,09,Non-landed Properties,1,"2,500",50 - 60,500 - 600,Apr 2021
PARC SOPHIA,ADIS ROAD,09,Non-landed Properties,1,"2,600",60 - 70,600 - 700,Apr 2021
PARC SOPHIA,ADIS ROAD,09,Non-landed Properties,1,"2,600",40 - 50,400 - 500,Apr 2021
PARC SOPHIA,ADIS ROAD,09,Non-landed Properties,2,"2,800",60 - 70,700 - 800,May 2021
PARC SOPHIA,ADIS ROAD,09,Non-landed Properties,2,"2,700",60 - 70,700 - 800,May 2021
PARC SOPHIA,ADIS ROAD,09,Non-landed Properties,2,"2,850",60 - 70,700 - 800,May 2021
PARC SOPHIA,ADIS ROAD,09,Non-landed Properties,1,"2,450",40 - 50,400 - 500,Apr 2021
PARC SOPHIA,ADIS ROAD,09,Non-landed Properties,1,"2,700",60 - 70,600 - 700,Jun 2021
PARC SOPHIA,ADIS ROAD,09,Non-landed Properties,1,"2,400",50 - 60,600 - 700,Jun 2021
PARC SOPHIA,ADIS ROAD,09,Non-landed Properties,1,"2,100",40 - 50,400 - 500,Jun 2021
PARC SOPHIA,ADIS ROAD,09,Non-landed Properties,1,"2,680",60 - 70,600 - 700,Jun 2021
PARC SOPHIA,ADIS ROAD,09,Non-landed Properties,1,"2,700",60 - 70,600 - 700,Jun 2021
PARC SOPHIA,ADIS ROAD,09,Non-landed Properties,2,"2,700",60 - 70,700 - 800,Jun 2021
PARC SOPHIA,ADIS ROAD,09,Non-landed Properties,1,"3,000",60 - 70,600 - 700,Jun 2021
PARC SOPHIA,ADIS ROAD,09,Non-landed Properties,1,"2,500",50 - 60,500 - 600,Jun 2021
PARC SOPHIA,ADIS ROAD,09,Non-landed Properties,1,"2,750",60 - 70,600 - 700,Jun 2021
PARC SOPHIA,ADIS ROAD,09,Non-landed Properties,1,"2,600",60 - 70,600 - 700,May 2021
PARC SOPHIA,ADIS ROAD,09,Non-landed Properties,2,"2,950",60 - 70,700 - 800,Jun 2021
PARC SOPHIA,ADIS ROAD,09,Non-landed Properties,2,"2,700",60 - 70,700 - 800,May 2021
PARC SOPHIA,ADIS ROAD,09,Non-landed Properties,1,"2,500",40 - 50,400 - 500,Jun 2021
PARC SOPHIA,ADIS ROAD,09,Non-landed Properties,2,"3,000",60 - 70,700 - 800,Jul 2021
PARC SOPHIA,ADIS ROAD,09,Non-landed Properties,1,"2,500",40 - 50,400 - 500,Jul 2021
PARC SOPHIA,ADIS ROAD,09,Non-landed Properties,1,"2,200",40 - 50,500 - 600,Jul 2021
PARC SOPHIA,ADIS ROAD,09,Non-landed Properties,2,"2,700",60 - 70,700 - 800,Jul 2021
PARC SOPHIA,ADIS ROAD,09,Non-landed Properties,1,"2,800",60 - 70,600 - 700,Jul 2021
PARC SOPHIA,ADIS ROAD,09,Non-landed Properties,1,"2,600",60 - 70,600 - 700,Jul 2021
PARC SOPHIA,ADIS ROAD,09,Non-landed Properties,1,"2,200",50 - 60,600 - 700,Aug 2021
PARC SOPHIA,ADIS ROAD,09,Non-landed Properties,2,"3,000",60 - 70,700 - 800,Aug 2021
PARC SOPHIA,ADIS ROAD,09,Non-landed Properties,2,"2,700",60 - 70,700 - 800,Aug 2021
PARC SOPHIA,ADIS ROAD,09,Non-landed Properties,2,"3,200",60 - 70,700 - 800,Aug 2021
PARC SOPHIA,ADIS ROAD,09,Non-landed Properties,1,"2,550",50 - 60,500 - 600,Aug 2021
PARC SOPHIA,ADIS ROAD,09,Non-landed Properties,2,"2,800",70 - 80,700 - 800,Aug 2021
PARC SOPHIA,ADIS ROAD,09,Non-landed Properties,2,"2,800",60 - 70,700 - 800,Aug 2021
PARC SOPHIA,ADIS ROAD,09,Non-landed Properties,1,"2,500",40 - 50,400 - 500,Aug 2021
PARC SOPHIA,ADIS ROAD,09,Non-landed Properties,2,"3,000",60 - 70,700 - 800,Aug 2021
PARC SOPHIA,ADIS ROAD,09,Non-landed Properties,1,"2,600",40 - 50,400 - 500,Sep 2021
PARC SOPHIA,ADIS ROAD,09,Non-landed Properties,1,"2,400",60 - 70,600 - 700,Sep 2021
PARC SOPHIA,ADIS ROAD,09,Non-landed Properties,2,"3,500",70 - 80,800 - 900,Sep 2021
PARC SOPHIA,ADIS ROAD,09,Non-landed Properties,1,"2,300",40 - 50,400 - 500,Oct 2021
PARC SOPHIA,ADIS ROAD,09,Non-landed Properties,1,"2,600",50 - 60,500 - 600,Oct 2021
PARC SOPHIA,ADIS ROAD,09,Non-landed Properties,1,"2,500",50 - 60,600 - 700,Oct 2021
PARC SOPHIA,ADIS ROAD,09,Non-landed Properties,1,"2,350",40 - 50,400 - 500,Oct 2021
PARC SOPHIA,ADIS ROAD,09,Non-landed Properties,2,"3,000",60 - 70,700 - 800,Oct 2021
PARC SOPHIA,ADIS ROAD,09,Non-landed Properties,2,"3,000",60 - 70,700 - 800,Oct 2021
PARC SOPHIA,ADIS ROAD,09,Non-landed Properties,1,"2,100",40 - 50,400 - 500,Oct 2021
PARC SOPHIA,ADIS ROAD,09,Non-landed Properties,1,"2,500",50 - 60,600 - 700,Oct 2021
PARC SOPHIA,ADIS ROAD,09,Non-landed Properties,1,"3,000",60 - 70,600 - 700,Nov 2021
PARC SOPHIA,ADIS ROAD,09,Non-landed Properties,1,"2,200",40 - 50,400 - 500,Nov 2021
PARC SOPHIA,ADIS ROAD,09,Non-landed Properties,1,"2,600",60 - 70,600 - 700,Nov 2021
PARC SOPHIA,ADIS ROAD,09,Non-landed Properties,1,"2,500",40 - 50,400 - 500,Nov 2021
PARC SOPHIA,ADIS ROAD,09,Non-landed Properties,1,"2,600",40 - 50,500 - 600,Nov 2021
PARC SOPHIA,ADIS ROAD,09,Non-landed Properties,1,"2,500",50 - 60,500 - 600,Nov 2021
PARC SOPHIA,ADIS ROAD,09,Non-landed Properties,1,"2,300",40 - 50,400 - 500,Nov 2021
PARC SOPHIA,ADIS ROAD,09,Non-landed Properties,1,"3,000",60 - 70,600 - 700,Nov 2021
PARC SOPHIA,ADIS ROAD,09,Non-landed Properties,1,"2,600",60 - 70,600 - 700,Nov 2021
PARC SOPHIA,ADIS ROAD,09,Non-landed Properties,2,"2,900",60 - 70,700 - 800,Nov 2021
PARC SOPHIA,ADIS ROAD,09,Non-landed Properties,2,"3,200",60 - 70,700 - 800,Nov 2021
PARC STEVENS,STEVENS DRIVE,10,Non-landed Properties,5,"12,500",320 - 330,"3,400 - 3,500",Jan 2021
PARC STEVENS,STEVENS DRIVE,10,Non-landed Properties,3,"5,000",170 - 180,"1,800 - 1,900",Feb 2021
PARC STEVENS,STEVENS DRIVE,10,Non-landed Properties,4,"8,400",220 - 230,"2,300 - 2,400",Feb 2021
PARC STEVENS,STEVENS DRIVE,10,Non-landed Properties,4,"4,500",280 - 290,"3,000 - 3,100",Mar 2021
PARC STEVENS,STEVENS DRIVE,10,Non-landed Properties,5,"12,150",300 - 310,"3,300 - 3,400",Mar 2021
PARC STEVENS,STEVENS DRIVE,10,Non-landed Properties,4,"10,600",280 - 290,"3,000 - 3,100",May 2021
PARC STEVENS,STEVENS DRIVE,10,Non-landed Properties,3,"5,000",160 - 170,"1,700 - 1,800",Jun 2021
PARC STEVENS,STEVENS DRIVE,10,Non-landed Properties,3,"5,500",170 - 180,"1,800 - 1,900",Jul 2021
PARC STEVENS,STEVENS DRIVE,10,Non-landed Properties,4,"8,000",220 - 230,"2,300 - 2,400",Aug 2021
PARC STEVENS,STEVENS DRIVE,10,Non-landed Properties,3,"5,250",160 - 170,"1,700 - 1,800",Aug 2021
PARC STEVENS,STEVENS DRIVE,10,Non-landed Properties,4,"10,000",280 - 290,"3,000 - 3,100",Sep 2021
PARC STEVENS,STEVENS DRIVE,10,Non-landed Properties,4,"7,000",220 - 230,"2,300 - 2,400",Oct 2021
PARC STEVENS,STEVENS DRIVE,10,Non-landed Properties,3,"5,000",160 - 170,"1,700 - 1,800",Nov 2021
PARC STEVENS,STEVENS DRIVE,10,Non-landed Properties,3,"6,500",160 - 170,"1,700 - 1,800",Nov 2021
PARC VERA,HOUGANG STREET 32,19,Non-landed Properties,2,"2,100",60 - 70,700 - 800,Jan 2021
PARC VERA,HOUGANG STREET 32,19,Non-landed Properties,2,"2,350",80 - 90,800 - 900,Jan 2021
PARC VERA,HOUGANG STREET 32,19,Non-landed Properties,2,"2,200",60 - 70,700 - 800,Jan 2021
PARC VERA,HOUGANG STREET 32,19,Non-landed Properties,2,"2,000",70 - 80,700 - 800,Jan 2021
PARC VERA,HOUGANG STREET 32,19,Non-landed Properties,2,"2,200",70 - 80,700 - 800,Jan 2021
PARC VERA,HOUGANG STREET 32,19,Non-landed Properties,3,"3,000",100 - 110,"1,100 - 1,200",Jan 2021
PARC VERA,HOUGANG STREET 32,19,Non-landed Properties,3,"2,800",100 - 110,"1,100 - 1,200",Jan 2021
PARC VERA,HOUGANG STREET 32,19,Non-landed Properties,2,"2,300",70 - 80,700 - 800,Jan 2021
PARC VERA,HOUGANG STREET 32,19,Non-landed Properties,2,"2,500",70 - 80,700 - 800,Jan 2021
PARC VERA,HOUGANG STREET 32,19,Non-landed Properties,2,"2,250",60 - 70,700 - 800,Feb 2021
PARC VERA,HOUGANG STREET 32,19,Non-landed Properties,2,"2,250",80 - 90,800 - 900,Feb 2021
PARC VERA,HOUGANG STREET 32,19,Non-landed Properties,2,"2,050",70 - 80,700 - 800,Feb 2021
PARC VERA,HOUGANG STREET 32,19,Non-landed Properties,2,"2,200",60 - 70,700 - 800,Jan 2021
PARC VERA,HOUGANG STREET 32,19,Non-landed Properties,2,"2,125",70 - 80,700 - 800,Mar 2021
PARC VERA,HOUGANG STREET 32,19,Non-landed Properties,2,"2,200",70 - 80,700 - 800,Mar 2021
PARC VERA,HOUGANG STREET 32,19,Non-landed Properties,3,"2,800",100 - 110,"1,100 - 1,200",Mar 2021
PARC VERA,HOUGANG STREET 32,19,Non-landed Properties,2,"2,150",70 - 80,700 - 800,Mar 2021
PARC VERA,HOUGANG STREET 32,19,Non-landed Properties,2,"2,400",70 - 80,700 - 800,Mar 2021
PARC VERA,HOUGANG STREET 32,19,Non-landed Properties,2,"2,200",70 - 80,700 - 800,Mar 2021
PARC VERA,HOUGANG STREET 32,19,Non-landed Properties,2,"2,350",80 - 90,800 - 900,Apr 2021
PARC VERA,HOUGANG STREET 32,19,Non-landed Properties,4,"3,000",130 - 140,"1,400 - 1,500",Apr 2021
PARC VERA,HOUGANG STREET 32,19,Non-landed Properties,2,"2,450",80 - 90,800 - 900,Apr 2021
PARC VERA,HOUGANG STREET 32,19,Non-landed Properties,2,"2,500",80 - 90,800 - 900,Apr 2021
PARC VERA,HOUGANG STREET 32,19,Non-landed Properties,2,"2,100",70 - 80,700 - 800,May 2021
PARC VERA,HOUGANG STREET 32,19,Non-landed Properties,3,"2,700",100 - 110,"1,100 - 1,200",May 2021
PARC VERA,HOUGANG STREET 32,19,Non-landed Properties,2,"2,700",80 - 90,800 - 900,May 2021
PARC VERA,HOUGANG STREET 32,19,Non-landed Properties,2,"2,000",80 - 90,800 - 900,May 2021
PARC VERA,HOUGANG STREET 32,19,Non-landed Properties,2,"2,000",60 - 70,700 - 800,Jun 2021
PARC VERA,HOUGANG STREET 32,19,Non-landed Properties,2,"2,300",70 - 80,700 - 800,Jun 2021
PARC VERA,HOUGANG STREET 32,19,Non-landed Properties,4,"4,200",130 - 140,"1,400 - 1,500",Jun 2021
PARC VERA,HOUGANG STREET 32,19,Non-landed Properties,2,"2,150",70 - 80,700 - 800,Jun 2021
PARC VERA,HOUGANG STREET 32,19,Non-landed Properties,2,"2,050",60 - 70,700 - 800,Jun 2021
PARC VERA,HOUGANG STREET 32,19,Non-landed Properties,2,"2,300",70 - 80,700 - 800,Jun 2021
PARC VERA,HOUGANG STREET 32,19,Non-landed Properties,2,"2,700",80 - 90,800 - 900,May 2021
PARC VERA,HOUGANG STREET 32,19,Non-landed Properties,2,"2,100",70 - 80,700 - 800,Jul 2021
PARC VERA,HOUGANG STREET 32,19,Non-landed Properties,3,"3,000",100 - 110,"1,100 - 1,200",Jul 2021
PARC VERA,HOUGANG STREET 32,19,Non-landed Properties,2,"2,400",80 - 90,800 - 900,Jul 2021
PARC VERA,HOUGANG STREET 32,19,Non-landed Properties,3,"2,750",100 - 110,"1,100 - 1,200",Jul 2021
PARC VERA,HOUGANG STREET 32,19,Non-landed Properties,2,"2,000",70 - 80,700 - 800,Jul 2021
PARC VERA,HOUGANG STREET 32,19,Non-landed Properties,4,"3,500",140 - 150,"1,500 - 1,600",Jun 2021
PARC VERA,HOUGANG STREET 32,19,Non-landed Properties,2,"2,500",70 - 80,700 - 800,Jul 2021
PARC VERA,HOUGANG STREET 32,19,Non-landed Properties,2,"2,300",70 - 80,700 - 800,Jul 2021
PARC VERA,HOUGANG STREET 32,19,Non-landed Properties,2,"2,200",60 - 70,700 - 800,Jul 2021
PARC VERA,HOUGANG STREET 32,19,Non-landed Properties,3,"2,350",100 - 110,"1,100 - 1,200",Jul 2021
PARC VERA,HOUGANG STREET 32,19,Non-landed Properties,3,"2,700",100 - 110,"1,100 - 1,200",Aug 2021
PARC VERA,HOUGANG STREET 32,19,Non-landed Properties,3,"2,900",100 - 110,"1,100 - 1,200",Aug 2021
PARC VERA,HOUGANG STREET 32,19,Non-landed Properties,2,"2,300",60 - 70,700 - 800,Aug 2021
PARC VERA,HOUGANG STREET 32,19,Non-landed Properties,2,"2,750",80 - 90,800 - 900,Aug 2021
PARC VERA,HOUGANG STREET 32,19,Non-landed Properties,2,"2,400",70 - 80,700 - 800,Aug 2021
PARC VERA,HOUGANG STREET 32,19,Non-landed Properties,2,"2,500",70 - 80,700 - 800,Aug 2021
PARC VERA,HOUGANG STREET 32,19,Non-landed Properties,3,"3,000",100 - 110,"1,100 - 1,200",Sep 2021
PARC VERA,HOUGANG STREET 32,19,Non-landed Properties,3,"2,600",100 - 110,"1,100 - 1,200",Sep 2021
PARC VERA,HOUGANG STREET 32,19,Non-landed Properties,3,"2,650",100 - 110,"1,100 - 1,200",Sep 2021
PARC VERA,HOUGANG STREET 32,19,Non-landed Properties,2,"2,200",70 - 80,700 - 800,Sep 2021
PARC VERA,HOUGANG STREET 32,19,Non-landed Properties,2,"2,000",70 - 80,700 - 800,Sep 2021
PARC VERA,HOUGANG STREET 32,19,Non-landed Properties,2,"2,500",70 - 80,700 - 800,Sep 2021
PARC VERA,HOUGANG STREET 32,19,Non-landed Properties,2,"2,300",80 - 90,800 - 900,Sep 2021
PARC VERA,HOUGANG STREET 32,19,Non-landed Properties,2,"2,600",80 - 90,800 - 900,Sep 2021
PARC VERA,HOUGANG STREET 32,19,Non-landed Properties,2,"2,500",80 - 90,800 - 900,Oct 2021
PARC VERA,HOUGANG STREET 32,19,Non-landed Properties,2,"2,200",90 - 100,"900 - 1,000",Oct 2021
PARC VERA,HOUGANG STREET 32,19,Non-landed Properties,4,"3,800",130 - 140,"1,400 - 1,500",Oct 2021
PARC VERA,HOUGANG STREET 32,19,Non-landed Properties,3,"3,500",100 - 110,"1,100 - 1,200",Nov 2021
PARC VERA,HOUGANG STREET 32,19,Non-landed Properties,2,"2,500",80 - 90,800 - 900,Nov 2021
PARC VERA,HOUGANG STREET 32,19,Non-landed Properties,2,"2,200",70 - 80,700 - 800,Nov 2021
PARC VERA,HOUGANG STREET 32,19,Non-landed Properties,3,"3,000",120 - 130,"1,300 - 1,400",Oct 2021
PARC VERA,HOUGANG STREET 32,19,Non-landed Properties,2,"2,400",70 - 80,700 - 800,Nov 2021
PARC VISTA,CORPORATION ROAD,22,Non-landed Properties,2,"2,900",120 - 130,"1,300 - 1,400",Jan 2021
PARC VISTA,CORPORATION ROAD,22,Non-landed Properties,2,"2,550",120 - 130,"1,300 - 1,400",Jan 2021
PARC VISTA,CORPORATION ROAD,22,Non-landed Properties,2,"2,400",90 - 100,"1,000 - 1,100",Jan 2021
PARC VISTA,CORPORATION ROAD,22,Non-landed Properties,2,"2,400",100 - 110,"1,000 - 1,100",Jan 2021
PARC VISTA,CORPORATION ROAD,22,Non-landed Properties,2,"2,500",90 - 100,"1,000 - 1,100",Jan 2021
PARC VISTA,CORPORATION ROAD,22,Non-landed Properties,3,"3,000",110 - 120,"1,200 - 1,300",Jan 2021
PARC VISTA,CORPORATION ROAD,22,Non-landed Properties,3,"2,500",110 - 120,"1,200 - 1,300",Jan 2021
PARC VISTA,CORPORATION ROAD,22,Non-landed Properties,2,"2,350",100 - 110,"1,000 - 1,100",Jan 2021
PARC VISTA,CORPORATION ROAD,22,Non-landed Properties,3,"3,000",110 - 120,"1,200 - 1,300",Jan 2021
PARC VISTA,CORPORATION ROAD,22,Non-landed Properties,2,"2,300",90 - 100,"1,000 - 1,100",Jan 2021
PARC VISTA,CORPORATION ROAD,22,Non-landed Properties,2,"2,200",100 - 110,"1,000 - 1,100",Jan 2021
PARC VISTA,CORPORATION ROAD,22,Non-landed Properties,2,"3,100",110 - 120,"1,200 - 1,300",Jan 2021
PARC VISTA,CORPORATION ROAD,22,Non-landed Properties,2,"2,600",90 - 100,"1,000 - 1,100",Jan 2021
PARC VISTA,CORPORATION ROAD,22,Non-landed Properties,2,"2,300",90 - 100,"1,000 - 1,100",Jan 2021
PARC VISTA,CORPORATION ROAD,22,Non-landed Properties,2,"2,600",90 - 100,"1,000 - 1,100",Jan 2021
PARC VISTA,CORPORATION ROAD,22,Non-landed Properties,3,"2,650",110 - 120,"1,200 - 1,300",Feb 2021
PARC VISTA,CORPORATION ROAD,22,Non-landed Properties,2,"2,400",110 - 120,"1,200 - 1,300",Feb 2021
PARC VISTA,CORPORATION ROAD,22,Non-landed Properties,2,"2,500",90 - 100,"1,000 - 1,100",Feb 2021
PARC VISTA,CORPORATION ROAD,22,Non-landed Properties,2,"2,700",90 - 100,"1,000 - 1,100",Feb 2021
PARC VISTA,CORPORATION ROAD,22,Non-landed Properties,2,"3,300",100 - 110,"1,000 - 1,100",Feb 2021
PARC VISTA,CORPORATION ROAD,22,Non-landed Properties,3,"3,300",110 - 120,"1,200 - 1,300",Feb 2021
PARC VISTA,CORPORATION ROAD,22,Non-landed Properties,2,"2,450",90 - 100,"1,000 - 1,100",Feb 2021
PARC VISTA,CORPORATION ROAD,22,Non-landed Properties,2,"2,450",90 - 100,"1,000 - 1,100",Feb 2021
PARC VISTA,CORPORATION ROAD,22,Non-landed Properties,2,"2,380",100 - 110,"1,000 - 1,100",Feb 2021
PARC VISTA,CORPORATION ROAD,22,Non-landed Properties,2,"2,500",90 - 100,"1,000 - 1,100",Feb 2021
PARC VISTA,CORPORATION ROAD,22,Non-landed Properties,2,"2,950",90 - 100,"1,000 - 1,100",Feb 2021
PARC VISTA,CORPORATION ROAD,22,Non-landed Properties,3,"2,900",110 - 120,"1,200 - 1,300",Feb 2021
PARC VISTA,CORPORATION ROAD,22,Non-landed Properties,2,"2,450",90 - 100,"1,000 - 1,100",Feb 2021
PARC VISTA,CORPORATION ROAD,22,Non-landed Properties,2,"2,600",110 - 120,"1,200 - 1,300",Mar 2021
PARC VISTA,CORPORATION ROAD,22,Non-landed Properties,2,"2,300",90 - 100,"1,000 - 1,100",Mar 2021
PARC VISTA,CORPORATION ROAD,22,Non-landed Properties,2,"2,250",90 - 100,"1,000 - 1,100",Mar 2021
PARC VISTA,CORPORATION ROAD,22,Non-landed Properties,2,"1,700",100 - 110,"1,000 - 1,100",Mar 2021
PARC VISTA,CORPORATION ROAD,22,Non-landed Properties,3,"3,100",110 - 120,"1,200 - 1,300",Mar 2021
PARC VISTA,CORPORATION ROAD,22,Non-landed Properties,2,"2,600",90 - 100,"1,000 - 1,100",Mar 2021
PARC VISTA,CORPORATION ROAD,22,Non-landed Properties,2,"3,050",120 - 130,"1,300 - 1,400",Mar 2021
PARC VISTA,CORPORATION ROAD,22,Non-landed Properties,3,"2,750",110 - 120,"1,200 - 1,300",Mar 2021
PARC VISTA,CORPORATION ROAD,22,Non-landed Properties,2,"2,450",100 - 110,"1,000 - 1,100",Mar 2021
PARC VISTA,CORPORATION ROAD,22,Non-landed Properties,2,"2,400",100 - 110,"1,100 - 1,200",Mar 2021
PARC VISTA,CORPORATION ROAD,22,Non-landed Properties,3,"2,750",110 - 120,"1,200 - 1,300",Mar 2021
PARC VISTA,CORPORATION ROAD,22,Non-landed Properties,1,"1,900",90 - 100,"1,000 - 1,100",Mar 2021
PARC VISTA,CORPORATION ROAD,22,Non-landed Properties,2,"2,700",90 - 100,"1,000 - 1,100",Mar 2021
PARC VISTA,CORPORATION ROAD,22,Non-landed Properties,3,"4,150",180 - 190,"2,000 - 2,100",Mar 2021
PARC VISTA,CORPORATION ROAD,22,Non-landed Properties,2,"2,400",90 - 100,"1,000 - 1,100",Mar 2021
PARC VISTA,CORPORATION ROAD,22,Non-landed Properties,3,"2,600",110 - 120,"1,200 - 1,300",Mar 2021
PARC VISTA,CORPORATION ROAD,22,Non-landed Properties,2,"2,100",100 - 110,"1,000 - 1,100",Mar 2021
PARC VISTA,CORPORATION ROAD,22,Non-landed Properties,2,"2,800",90 - 100,"1,000 - 1,100",Mar 2021
PARC VISTA,CORPORATION ROAD,22,Non-landed Properties,2,"2,300",90 - 100,"1,000 - 1,100",Apr 2021
PARC VISTA,CORPORATION ROAD,22,Non-landed Properties,2,"2,600",90 - 100,"1,000 - 1,100",Apr 2021
PARC VISTA,CORPORATION ROAD,22,Non-landed Properties,2,"2,400",100 - 110,"1,000 - 1,100",Apr 2021
PARC VISTA,CORPORATION ROAD,22,Non-landed Properties,2,"3,100",90 - 100,"1,000 - 1,100",Apr 2021
PARC VISTA,CORPORATION ROAD,22,Non-landed Properties,2,"2,200",90 - 100,"1,000 - 1,100",Apr 2021
PARC VISTA,CORPORATION ROAD,22,Non-landed Properties,2,"2,400",90 - 100,"1,000 - 1,100",Apr 2021
PARC VISTA,CORPORATION ROAD,22,Non-landed Properties,2,"2,700",90 - 100,"1,000 - 1,100",Apr 2021
PARC VISTA,CORPORATION ROAD,22,Non-landed Properties,2,"2,500",90 - 100,"1,000 - 1,100",Apr 2021
PARC VISTA,CORPORATION ROAD,22,Non-landed Properties,2,"2,700",90 - 100,"1,000 - 1,100",Apr 2021
PARC VISTA,CORPORATION ROAD,22,Non-landed Properties,3,"4,600",180 - 190,"1,900 - 2,000",Apr 2021
PARC VISTA,CORPORATION ROAD,22,Non-landed Properties,3,"3,000",110 - 120,"1,200 - 1,300",Apr 2021
PARC VISTA,CORPORATION ROAD,22,Non-landed Properties,3,"2,700",110 - 120,"1,200 - 1,300",Apr 2021
PARC VISTA,CORPORATION ROAD,22,Non-landed Properties,2,"2,600",90 - 100,"1,000 - 1,100",Apr 2021
PARC VISTA,CORPORATION ROAD,22,Non-landed Properties,2,"2,400",100 - 110,"1,000 - 1,100",Apr 2021
PARC VISTA,CORPORATION ROAD,22,Non-landed Properties,2,"2,300",90 - 100,"1,000 - 1,100",Apr 2021
PARC VISTA,CORPORATION ROAD,22,Non-landed Properties,2,"2,500",100 - 110,"1,000 - 1,100",May 2021
PARC VISTA,CORPORATION ROAD,22,Non-landed Properties,2,"2,350",90 - 100,"1,000 - 1,100",May 2021
PARC VISTA,CORPORATION ROAD,22,Non-landed Properties,2,"2,600",100 - 110,"1,000 - 1,100",May 2021
PARC VISTA,CORPORATION ROAD,22,Non-landed Properties,1,"2,300",90 - 100,"1,000 - 1,100",May 2021
PARC VISTA,CORPORATION ROAD,22,Non-landed Properties,2,"2,500",90 - 100,"1,000 - 1,100",May 2021
PARC VISTA,CORPORATION ROAD,22,Non-landed Properties,3,"3,300",110 - 120,"1,200 - 1,300",May 2021
PARC VISTA,CORPORATION ROAD,22,Non-landed Properties,2,"2,750",90 - 100,"1,000 - 1,100",May 2021
PARC VISTA,CORPORATION ROAD,22,Non-landed Properties,2,"2,500",90 - 100,"1,000 - 1,100",May 2021
PARC VISTA,CORPORATION ROAD,22,Non-landed Properties,2,"2,300",90 - 100,"1,000 - 1,100",May 2021
PARC VISTA,CORPORATION ROAD,22,Non-landed Properties,3,"2,800",110 - 120,"1,200 - 1,300",May 2021
PARC VISTA,CORPORATION ROAD,22,Non-landed Properties,3,"3,055",110 - 120,"1,200 - 1,300",May 2021
PARC VISTA,CORPORATION ROAD,22,Non-landed Properties,2,"2,600",100 - 110,"1,000 - 1,100",May 2021
PARC VISTA,CORPORATION ROAD,22,Non-landed Properties,2,"2,300",90 - 100,"1,000 - 1,100",May 2021
PARC VISTA,CORPORATION ROAD,22,Non-landed Properties,2,"2,500",90 - 100,"1,000 - 1,100",May 2021
PARC VISTA,CORPORATION ROAD,22,Non-landed Properties,2,"2,600",90 - 100,"1,000 - 1,100",May 2021
PARC VISTA,CORPORATION ROAD,22,Non-landed Properties,3,"3,100",110 - 120,"1,200 - 1,300",May 2021
PARC VISTA,CORPORATION ROAD,22,Non-landed Properties,2,"2,400",90 - 100,"1,000 - 1,100",Jun 2021
PARC VISTA,CORPORATION ROAD,22,Non-landed Properties,3,"3,200",110 - 120,"1,200 - 1,300",Jun 2021
PARC VISTA,CORPORATION ROAD,22,Non-landed Properties,2,"3,151",90 - 100,"1,000 - 1,100",Jun 2021
PARC VISTA,CORPORATION ROAD,22,Non-landed Properties,2,"2,500",90 - 100,"1,000 - 1,100",Jun 2021
PARC VISTA,CORPORATION ROAD,22,Non-landed Properties,2,"2,600",100 - 110,"1,000 - 1,100",Jun 2021
PARC VISTA,CORPORATION ROAD,22,Non-landed Properties,3,"2,800",110 - 120,"1,200 - 1,300",Jun 2021
PARC VISTA,CORPORATION ROAD,22,Non-landed Properties,3,"2,400",110 - 120,"1,200 - 1,300",Jun 2021
PARC VISTA,CORPORATION ROAD,22,Non-landed Properties,4,"4,750",150 - 160,"1,600 - 1,700",Jun 2021
PARC VISTA,CORPORATION ROAD,22,Non-landed Properties,2,"2,300",90 - 100,"1,000 - 1,100",Jun 2021
PARC VISTA,CORPORATION ROAD,22,Non-landed Properties,2,"2,800",90 - 100,"1,000 - 1,100",Jun 2021
PARC VISTA,CORPORATION ROAD,22,Non-landed Properties,3,"2,950",110 - 120,"1,200 - 1,300",Jun 2021
PARC VISTA,CORPORATION ROAD,22,Non-landed Properties,2,"2,300",100 - 110,"1,000 - 1,100",Jun 2021
PARC VISTA,CORPORATION ROAD,22,Non-landed Properties,2,"2,400",90 - 100,"1,000 - 1,100",Jul 2021
PARC VISTA,CORPORATION ROAD,22,Non-landed Properties,3,"3,000",110 - 120,"1,200 - 1,300",Jul 2021
PARC VISTA,CORPORATION ROAD,22,Non-landed Properties,3,"3,100",110 - 120,"1,200 - 1,300",Jul 2021
PARC VISTA,CORPORATION ROAD,22,Non-landed Properties,2,"2,350",90 - 100,"1,000 - 1,100",Jul 2021
PARC VISTA,CORPORATION ROAD,22,Non-landed Properties,3,"2,800",110 - 120,"1,200 - 1,300",Jul 2021
PARC VISTA,CORPORATION ROAD,22,Non-landed Properties,2,"2,350",100 - 110,"1,000 - 1,100",Jul 2021
PARC VISTA,CORPORATION ROAD,22,Non-landed Properties,2,"2,350",90 - 100,"1,000 - 1,100",Jul 2021
PARC VISTA,CORPORATION ROAD,22,Non-landed Properties,2,"2,800",90 - 100,"1,000 - 1,100",Jul 2021
PARC VISTA,CORPORATION ROAD,22,Non-landed Properties,2,"2,100",100 - 110,"1,000 - 1,100",Jul 2021
PARC VISTA,CORPORATION ROAD,22,Non-landed Properties,3,"3,100",110 - 120,"1,200 - 1,300",Jul 2021
PARC VISTA,CORPORATION ROAD,22,Non-landed Properties,2,"2,700",100 - 110,"1,000 - 1,100",Jul 2021
PARC VISTA,CORPORATION ROAD,22,Non-landed Properties,3,"3,200",110 - 120,"1,200 - 1,300",Jul 2021
PARC VISTA,CORPORATION ROAD,22,Non-landed Properties,2,"2,300",90 - 100,"1,000 - 1,100",Jul 2021
PARC VISTA,CORPORATION ROAD,22,Non-landed Properties,3,"2,800",110 - 120,"1,200 - 1,300",Jul 2021
PARC VISTA,CORPORATION ROAD,22,Non-landed Properties,2,"2,200",90 - 100,"1,000 - 1,100",Jul 2021
PARC VISTA,CORPORATION ROAD,22,Non-landed Properties,2,"2,350",100 - 110,"1,000 - 1,100",Jul 2021
PARC VISTA,CORPORATION ROAD,22,Non-landed Properties,2,"2,800",90 - 100,"1,000 - 1,100",Jul 2021
PARC VISTA,CORPORATION ROAD,22,Non-landed Properties,2,"2,300",100 - 110,"1,000 - 1,100",Jul 2021
PARC VISTA,CORPORATION ROAD,22,Non-landed Properties,3,"3,400",110 - 120,"1,200 - 1,300",Jun 2021
PARC VISTA,CORPORATION ROAD,22,Non-landed Properties,2,"2,700",100 - 110,"1,000 - 1,100",Jul 2021
PARC VISTA,CORPORATION ROAD,22,Non-landed Properties,2,"2,750",90 - 100,"1,000 - 1,100",Jul 2021
PARC VISTA,CORPORATION ROAD,22,Non-landed Properties,3,"2,750",110 - 120,"1,200 - 1,300",Jul 2021
PARC VISTA,CORPORATION ROAD,22,Non-landed Properties,3,"2,950",110 - 120,"1,200 - 1,300",Jul 2021
PARC VISTA,CORPORATION ROAD,22,Non-landed Properties,2,"3,200",100 - 110,"1,000 - 1,100",Jul 2021
PARC VISTA,CORPORATION ROAD,22,Non-landed Properties,3,"2,900",110 - 120,"1,200 - 1,300",Jul 2021
PARC VISTA,CORPORATION ROAD,22,Non-landed Properties,2,"2,650",90 - 100,"1,000 - 1,100",Jul 2021
PARC VISTA,CORPORATION ROAD,22,Non-landed Properties,2,"2,600",90 - 100,"1,000 - 1,100",Jul 2021
PARC VISTA,CORPORATION ROAD,22,Non-landed Properties,2,"3,500",100 - 110,"1,000 - 1,100",Jul 2021
PARC VISTA,CORPORATION ROAD,22,Non-landed Properties,3,"3,400",110 - 120,"1,200 - 1,300",Jul 2021
PARC VISTA,CORPORATION ROAD,22,Non-landed Properties,3,"3,300",110 - 120,"1,200 - 1,300",Aug 2021
PARC VISTA,CORPORATION ROAD,22,Non-landed Properties,2,"2,600",90 - 100,"1,000 - 1,100",Aug 2021
PARC VISTA,CORPORATION ROAD,22,Non-landed Properties,3,"2,800",150 - 160,"1,600 - 1,700",Aug 2021
PARC VISTA,CORPORATION ROAD,22,Non-landed Properties,3,"3,050",110 - 120,"1,200 - 1,300",Aug 2021
